2001/124/0,0:53:0,,143.0,199.6,232.9,nan,nan
2001/152/0,0:53:0,,220.9,290.4,337.0,nan,nan
2001/155/0,0:53:0,,240.7,303.5,351.5,nan,nan
2001/160/0,0:53:0,,247.1,308.9,352.0,nan,nan
2001/162/0,0:53:0,,251.9,314.6,357.7,nan,nan
2001/163/0,0:53:0,,252.6,315.9,360.5,nan,nan
2001/161/0,0:53:0,,252.8,314.3,363.5,nan,nan
2001/153/0,0:53:0,,245.9,307.1,352.2,nan,nan
2001/148/0,0:53:0,,236.5,298.2,340.1,nan,nan
2001/148/0,0:53:0,,233.6,290.9,330.7,nan,nan
2001/144/0,0:53:0,,225.0,280.5,319.9,nan,nan
2001/132/0,0:53:0,,217.3,270.1,313.1,nan,nan
2001/132/0,0:53:0,,205.1,260.6,298.7,nan,nan
2001/133/0,0:53:0,,205.0,257.0,293.8,nan,nan
2000/128/0,0:53:0,,201.9,254.3,292.4,nan,nan
2000/127/0,0:53:0,,197.6,246.9,281.9,nan,nan
2000/123/0,0:53:0,,196.6,245.3,280.4,nan,nan
2000/123/0,0:53:0,,195.6,240.9,281.3,nan,nan
2000/124/0,0:53:0,,194.1,240.7,279.2,nan,nan
2000/120/0,0:53:0,,193.7,239.1,281.2,nan,nan
2000/121/0,0:53:0,,187.6,235.4,272.5,nan,nan
2000/120/0,0:53:0,,186.6,235.0,272.4,nan,nan
2000/123/0,0:53:0,,188.0,234.0,265.9,nan,nan
2000/123/0,0:53:0,,186.7,235.0,267.5,nan,nan
2000/121/0,0:53:0,,187.5,234.1,271.2,nan,nan
2000/122/0,0:53:0,,186.8,232.1,269.9,nan,nan
2000/117/0,0:53:0,,184.2,229.0,260.9,nan,nan
2000/115/0,0:53:0,,179.4,227.6,257.9,nan,nan
2023/2/26,19:18:20,,142.6,184.2,212.3,nan,nan
/90/0,0:53:0,,96.1,134.1,152.8,nan,nan
2000/114/0,0:53:0,,158.5,206.6,239.2,nan,nan
2000/124/0,0:53:0,,183.5,233.5,266.1,nan,nan
2000/129/0,0:53:0,,198.0,248.1,280.9,nan,nan
2000/130/0,0:53:0,,200.3,251.1,284.1,nan,nan
2000/126/0,0:53:0,,200.4,249.9,284.7,nan,nan
2000/122/0,0:53:0,,195.3,244.4,281.6,nan,nan
2000/120/0,0:53:0,,190.6,235.0,269.5,nan,nan
2000/113/0,0:53:0,,179.8,223.6,254.9,nan,nan
2000/110/0,0:53:0,,174.8,216.2,248.2,nan,nan
2000/107/0,0:53:0,,168.1,209.7,237.6,nan,nan
2000/106/0,0:53:0,,166.7,206.6,234.1,nan,nan
2000/104/0,0:53:0,,163.6,204.0,237.9,nan,nan
2000/105/0,0:53:0,,164.5,203.2,236.6,nan,nan
2000/106/0,0:53:0,,165.1,203.2,233.3,nan,nan
2000/108/0,0:53:0,,167.3,205.4,239.9,nan,nan
2000/103/0,0:53:0,,165.7,204.4,231.4,nan,nan
2000/105/0,0:53:0,,160.5,202.5,235.0,nan,nan
2000/102/0,0:53:0,,162.3,202.4,235.9,nan,nan
2000/102/0,0:53:0,,162.3,201.8,231.3,nan,nan
2000/105/0,0:53:0,,158.9,201.6,231.2,nan,nan
2000/102/0,0:53:0,,161.0,200.5,230.9,nan,nan
2000/102/0,0:53:0,,158.9,199.5,227.2,nan,nan
2000/103/0,0:53:0,,156.9,197.4,223.8,nan,nan
2000/99/0,0:53:0,,154.6,195.6,221.6,nan,nan
2000/100/0,0:53:0,,155.1,195.2,221.7,nan,nan
2000/101/0,0:53:0,,155.2,192.9,218.8,nan,nan
2000/100/0,0:53:0,,153.8,191.6,216.8,nan,nan
2000/97/0,0:53:0,,153.8,189.1,214.4,nan,nan
2000/92/0,0:53:0,,149.3,185.2,210.1,nan,nan
2000/90/0,0:53:0,,146.7,183.5,208.5,nan,nan
2000/91/0,0:53:0,,145.2,181.0,205.2,nan,nan
2000/90/0,0:53:0,,144.9,178.9,201.9,nan,nan
2000/95/0,0:53:0,,143.8,176.9,201.1,nan,nan
2000/93/0,0:53:0,,145.2,178.9,204.9,nan,nan
2000/91/0,0:53:0,,145.4,181.9,206.9,nan,nan
2000/95/0,0:53:0,,143.6,181.8,208.7,nan,nan
2000/91/0,0:53:0,,144.7,181.4,206.6,nan,nan
2000/92/0,0:53:0,,144.4,179.1,202.3,nan,nan
2000/90/0,0:53:0,,144.0,179.3,202.6,nan,nan
2000/93/0,0:53:0,,141.9,176.1,199.1,nan,nan
2000/90/0,0:53:0,,139.0,170.9,193.1,nan,nan
2000/87/0,0:53:0,,135.4,166.4,188.4,nan,nan
2000/85/0,0:53:0,,132.9,165.0,186.9,nan,nan
2000/83/0,0:53:0,,131.9,164.5,186.0,nan,nan
2000/85/0,0:53:0,,127.8,161.3,184.5,nan,nan
2000/84/0,0:53:0,,129.7,163.7,188.8,nan,nan
2000/87/0,0:53:0,,133.8,167.3,191.3,nan,nan
2000/87/0,0:53:0,,135.5,169.1,192.8,nan,nan
2000/88/0,0:53:0,,135.8,169.4,194.5,nan,nan
2000/89/0,0:53:0,,136.6,170.5,195.3,nan,nan
2000/89/0,0:53:0,,138.5,172.1,195.8,nan,nan
2000/88/0,0:53:0,,136.1,170.1,192.2,nan,nan
2000/87/0,0:53:0,,134.9,169.7,191.7,nan,nan
2000/90/0,0:53:0,,136.5,169.3,192.8,nan,nan
2000/87/0,0:53:0,,135.4,168.5,190.6,nan,nan
2000/85/0,0:53:0,,134.0,167.8,189.9,nan,nan
2000/83/0,0:53:0,,132.4,165.7,188.3,nan,nan
2000/85/0,0:53:0,,133.3,165.5,188.0,nan,nan
2000/85/0,0:53:0,,131.9,164.7,187.4,nan,nan
2000/82/0,0:53:0,,131.8,162.6,186.1,nan,nan
2000/82/0,0:53:0,,130.7,162.3,184.0,nan,nan
2000/83/0,0:53:0,,131.1,161.3,182.3,nan,nan
2000/84/0,0:53:0,,131.1,161.9,182.9,nan,nan
2000/82/0,0:53:0,,129.7,160.8,181.8,nan,nan
2000/81/0,0:53:0,,129.7,160.7,181.7,nan,nan
2000/83/0,0:53:0,,130.0,161.3,182.6,nan,nan
2000/85/0,0:53:0,,128.5,159.9,181.1,nan,nan
2000/85/0,0:53:0,,126.4,158.0,179.7,nan,nan
2000/84/0,0:53:0,,126.1,156.3,177.8,nan,nan
2000/85/0,0:53:0,,126.8,156.1,177.4,nan,nan
2000/83/0,0:53:0,,125.2,155.5,176.5,nan,nan
2000/83/0,0:53:0,,125.1,154.6,174.7,nan,nan
2000/82/0,0:53:0,,124.7,154.0,174.5,nan,nan
2000/81/0,0:53:0,,123.9,153.8,174.0,nan,nan
2000/79/0,0:53:0,,121.5,152.8,174.9,nan,nan
2000/79/0,0:53:0,,121.3,150.3,173.0,nan,nan
2000/77/0,0:53:0,,120.3,148.5,168.2,nan,nan
2000/76/0,0:53:0,,117.6,146.1,165.1,nan,nan
2000/75/0,0:53:0,,117.5,145.8,164.8,nan,nan
2000/74/0,0:53:0,,116.4,144.0,163.0,nan,nan
2000/75/0,0:53:0,,116.9,144.0,163.0,nan,nan
2000/75/0,0:53:0,,117.4,146.6,165.7,nan,nan
2000/75/0,0:53:0,,116.3,144.9,163.9,nan,nan
2000/74/0,0:53:0,,118.7,146.6,165.6,nan,nan
2023/2/26,19:34:19,,116.3,145.9,165.0,nan,nan
2023/2/26,19:34:29,,118.9,147.9,167.7,nan,nan
2000/72/0,0:53:0,,117.3,147.7,168.0,nan,nan
2000/76/0,0:53:0,,115.2,144.8,163.8,nan,nan
2165/165/26,19:34:59,,115.1,145.0,164.2,nan,nan
2000/74/0,0:53:0,,115.7,143.3,163.6,nan,nan
2000/71/0,0:53:0,,113.7,139.7,159.4,nan,nan
2000/75/0,0:53:0,,111.2,137.2,156.3,nan,nan
2000/74/0,0:53:0,,109.7,136.6,154.6,nan,nan
2000/73/0,0:53:0,,109.6,136.2,154.6,nan,nan
2000/71/0,0:53:0,,108.3,134.4,151.8,nan,nan
2000/72/0,0:53:0,,108.3,134.7,152.4,nan,nan
2000/73/0,0:53:0,,108.2,136.3,154.3,nan,nan
2000/74/0,0:53:0,,109.7,136.9,154.9,nan,nan
2000/74/0,0:53:0,,110.5,137.1,155.3,nan,nan
2000/74/0,0:53:0,,109.4,136.1,154.2,nan,nan
2000/72/0,0:53:0,,108.8,135.4,154.2,nan,nan
2000/73/0,0:53:0,,108.9,134.1,151.3,nan,nan
2000/69/0,0:53:0,,106.3,132.0,149.0,nan,nan
2000/70/0,0:53:0,,105.8,130.5,147.5,nan,nan
2000/66/0,0:53:0,,104.3,129.0,146.0,nan,nan
2000/68/0,0:53:0,,102.6,128.3,145.6,nan,nan
2000/68/0,0:53:0,,103.8,127.9,145.1,nan,nan
2000/68/0,0:53:0,,103.3,127.9,145.4,nan,nan
2000/66/0,0:53:0,,103.3,127.6,144.6,nan,nan
2000/67/0,0:53:0,,103.4,127.8,144.8,nan,nan
2000/68/0,0:53:0,,104.2,129.1,146.1,nan,nan
2000/69/0,0:53:0,,104.5,129.7,147.2,nan,nan
2000/69/0,0:53:0,,103.9,129.5,147.5,nan,nan
2000/67/0,0:53:0,,103.0,127.8,145.3,nan,nan
2000/69/0,0:53:0,,103.0,127.8,146.0,nan,nan
2000/68/0,0:53:0,,104.0,128.2,146.5,nan,nan
2000/66/0,0:53:0,,103.2,127.4,145.2,nan,nan
2000/68/0,0:53:0,,103.4,127.8,144.8,nan,nan
2000/67/0,0:53:0,,103.6,127.6,144.5,nan,nan
2000/68/0,0:53:0,,103.6,127.6,144.6,nan,nan
2000/66/0,0:53:0,,102.3,126.2,142.5,nan,nan
2000/66/0,0:53:0,,101.7,125.7,141.8,nan,nan
2000/63/0,0:53:0,,101.3,124.9,140.9,nan,nan
2000/62/0,0:53:0,,98.0,122.5,138.5,nan,nan
2000/65/0,0:53:0,,95.8,122.0,138.0,nan,nan
2000/62/0,0:53:0,,96.5,121.3,137.3,nan,nan
2000/61/0,0:53:0,,97.5,120.0,135.6,nan,nan
2000/63/0,0:53:0,,95.0,117.2,132.2,nan,nan
2000/64/0,0:53:0,,93.5,116.4,131.4,nan,nan
2000/61/0,0:53:0,,93.4,116.0,131.1,nan,nan
2000/64/0,0:53:0,,92.8,116.1,131.2,nan,nan
2000/62/0,0:53:0,,93.4,115.8,130.8,nan,nan
2000/64/0,0:53:0,,92.1,115.1,130.2,nan,nan
2000/63/0,0:53:0,,94.0,116.0,131.0,nan,nan
2000/64/0,0:53:0,,93.4,115.4,130.4,nan,nan
2000/63/0,0:53:0,,92.2,115.0,130.0,nan,nan
2000/63/0,0:53:0,,92.7,114.4,129.4,nan,nan
2000/61/0,0:53:0,,92.2,113.9,128.9,nan,nan
2000/61/0,0:53:0,,91.3,113.0,128.0,nan,nan
2000/60/0,0:53:0,,89.9,110.9,124.9,nan,nan
2000/59/0,0:53:0,,89.5,110.5,124.5,nan,nan
2000/59/0,0:53:0,,89.5,111.0,126.8,nan,nan
2000/60/0,0:53:0,,89.0,111.0,126.0,nan,nan
2000/60/0,0:53:0,,90.0,111.0,125.0,nan,nan
2000/60/0,0:53:0,,89.9,111.0,125.0,nan,nan
2000/60/0,0:53:0,,88.9,111.0,125.0,nan,nan
2000/59/0,0:53:0,,89.1,110.1,124.9,nan,nan
2000/59/0,0:53:0,,89.0,109.1,123.1,nan,nan
2000/58/0,0:53:0,,88.2,108.3,124.0,nan,nan
2000/57/0,0:53:0,,87.1,108.0,122.0,nan,nan
2000/58/0,0:53:0,,87.5,108.2,122.2,nan,nan
2000/56/0,0:53:0,,85.5,108.1,122.1,nan,nan
2000/57/0,0:53:0,,86.5,108.7,122.7,nan,nan
2000/58/0,0:53:0,,87.8,109.2,123.2,nan,nan
2000/58/0,0:53:0,,88.3,108.7,122.7,nan,nan
2000/55/0,0:53:0,,86.3,107.5,122.4,nan,nan
2000/55/0,0:53:0,,85.2,106.5,121.8,nan,nan
2000/54/0,0:53:0,,84.4,106.0,120.1,nan,nan
2000/54/0,0:53:0,,83.8,104.8,118.6,nan,nan
2000/52/0,0:53:0,,83.2,104.1,117.4,nan,nan
2000/54/0,0:53:0,,83.2,102.6,115.6,nan,nan
2000/53/0,0:53:0,,83.6,103.7,116.7,nan,nan
2000/52/0,0:53:0,,82.4,102.6,115.6,nan,nan
2000/52/0,0:53:0,,82.4,102.5,115.5,nan,nan
2000/53/0,0:53:0,,83.1,104.0,117.2,nan,nan
2000/52/0,0:53:0,,82.9,103.4,116.5,nan,nan
2000/54/0,0:53:0,,83.4,103.7,116.7,nan,nan
2000/52/0,0:53:0,,82.6,102.3,115.3,nan,nan
2000/53/0,0:53:0,,82.5,102.1,115.1,nan,nan
2000/52/0,0:53:0,,82.3,101.8,116.0,nan,nan
2000/50/0,0:53:0,,80.8,101.5,115.3,nan,nan
2000/53/0,0:53:0,,81.8,102.8,116.2,nan,nan
2000/52/0,0:53:0,,81.9,102.1,115.1,nan,nan
2000/52/0,0:53:0,,81.9,102.9,115.9,nan,nan
2000/53/0,0:53:0,,82.4,103.8,116.9,nan,nan
2000/54/0,0:53:0,,83.9,104.3,117.6,nan,nan
2000/52/0,0:53:0,,82.3,102.3,115.3,nan,nan
2000/52/0,0:53:0,,82.2,101.4,114.4,nan,nan
2000/52/0,0:53:0,,81.9,101.0,114.6,nan,nan
2000/55/0,0:53:0,,80.3,99.2,112.2,nan,nan
2000/52/0,0:53:0,,77.9,97.6,110.4,nan,nan
2000/53/0,0:53:0,,76.8,96.7,108.8,nan,nan
2000/55/0,0:53:0,,77.6,97.0,109.1,nan,nan
2000/53/0,0:53:0,,77.4,96.7,108.7,nan,nan
2000/55/0,0:53:0,,78.5,96.7,108.7,nan,nan
2000/54/0,0:53:0,,78.5,96.6,108.6,nan,nan
2000/55/0,0:53:0,,78.4,96.4,108.4,nan,nan
2000/53/0,0:53:0,,77.6,95.7,107.7,nan,nan
2000/51/0,0:53:0,,76.9,95.4,107.4,nan,nan
2000/52/0,0:53:0,,74.8,93.7,105.7,nan,nan
2000/52/0,0:53:0,,75.9,94.1,106.5,nan,nan
2000/53/0,0:53:0,,76.4,94.4,109.2,nan,nan
2000/49/0,0:53:0,,75.1,94.5,107.6,nan,nan
2000/50/0,0:53:0,,75.5,95.0,108.1,nan,nan
2000/51/0,0:53:0,,74.9,95.2,107.9,nan,nan
2000/51/0,0:53:0,,75.2,94.5,106.6,nan,nan
2000/50/0,0:53:0,,74.8,93.5,105.6,nan,nan
2000/47/0,0:53:0,,72.9,91.5,103.5,nan,nan
2000/50/0,0:53:0,,72.5,91.5,103.5,nan,nan
2000/49/0,0:53:0,,72.5,91.1,103.1,nan,nan
2000/49/0,0:53:0,,72.8,90.7,102.7,nan,nan
2000/49/0,0:53:0,,73.6,90.6,102.8,nan,nan
2000/49/0,0:53:0,,72.5,89.7,101.4,nan,nan
2000/49/0,0:53:0,,73.2,90.4,102.5,nan,nan
2000/48/0,0:53:0,,71.7,89.3,100.6,nan,nan
2000/45/0,0:53:0,,70.3,87.9,99.2,nan,nan
2000/47/0,0:53:0,,70.2,87.3,98.3,nan,nan
2000/45/0,0:53:0,,70.1,88.0,99.0,nan,nan
2000/47/0,0:53:0,,71.2,88.5,99.8,nan,nan
2000/47/0,0:53:0,,71.0,88.0,99.0,nan,nan
2000/47/0,0:53:0,,70.6,87.6,98.8,nan,nan
2000/46/0,0:53:0,,70.2,87.7,99.4,nan,nan
2000/46/0,0:53:0,,70.6,87.7,100.0,nan,nan
2000/43/0,0:53:0,,68.1,87.0,98.8,nan,nan
2000/45/0,0:53:0,,67.8,86.1,97.1,nan,nan
2000/45/0,0:53:0,,69.4,86.1,97.4,nan,nan
2000/45/0,0:53:0,,68.6,85.3,96.4,nan,nan
2000/43/0,0:53:0,,68.0,84.3,95.3,nan,nan
2000/43/0,0:53:0,,67.0,83.2,94.0,nan,nan
2000/42/0,0:53:0,,66.0,81.6,92.8,nan,nan
2000/40/0,0:53:0,,63.9,79.9,89.9,nan,nan
2000/45/0,0:53:0,,62.9,77.9,87.9,nan,nan
2000/44/0,0:53:0,,61.6,76.9,86.9,nan,nan
2000/43/0,0:53:0,,60.8,76.2,86.2,nan,nan
2000/44/0,0:53:0,,60.2,75.3,85.5,nan,nan
2000/43/0,0:53:0,,61.2,75.2,85.4,nan,nan
2000/41/0,0:53:0,,59.8,73.8,83.7,nan,nan
2000/40/0,0:53:0,,58.5,72.5,81.5,nan,nan
2000/38/0,0:53:0,,56.6,72.1,81.1,nan,nan
2000/39/0,0:53:0,,56.8,70.8,79.8,nan,nan
2000/38/0,0:53:0,,56.6,70.6,79.6,nan,nan
2000/38/0,0:53:0,,55.9,70.0,79.0,nan,nan
2000/39/0,0:53:0,,56.4,69.8,78.8,nan,nan
2000/38/0,0:53:0,,56.5,69.9,78.9,nan,nan
2000/36/0,0:53:0,,53.3,68.7,77.7,nan,nan
2000/36/0,0:53:0,,54.1,68.5,77.5,nan,nan
2000/36/0,0:53:0,,53.8,67.0,75.1,nan,nan
2000/35/0,0:53:0,,53.1,66.1,74.4,nan,nan
2000/35/0,0:53:0,,53.0,66.0,74.5,nan,nan
2000/35/0,0:53:0,,53.0,65.7,73.7,nan,nan
2000/35/0,0:53:0,,53.0,65.5,73.5,nan,nan
2000/34/0,0:53:0,,52.0,65.2,73.2,nan,nan
2000/35/0,0:53:0,,52.7,65.9,74.0,nan,nan
2000/36/0,0:53:0,,53.2,66.8,75.2,nan,nan
2000/36/0,0:53:0,,54.4,67.8,76.7,nan,nan
2000/38/0,0:53:0,,55.8,68.8,78.0,nan,nan
2000/35/0,0:53:0,,54.2,68.2,77.4,nan,nan
2000/34/0,0:53:0,,53.3,66.4,74.4,nan,nan
2000/33/0,0:53:0,,51.3,64.7,72.7,nan,nan
2000/33/0,0:53:0,,51.5,63.8,71.8,nan,nan
2000/32/0,0:53:0,,49.9,63.1,71.1,nan,nan
2000/32/0,0:53:0,,50.5,62.6,70.6,nan,nan
2000/33/0,0:53:0,,50.3,62.5,70.5,nan,nan
2000/32/0,0:53:0,,49.7,63.0,71.0,nan,nan
2000/33/0,0:53:0,,50.4,63.0,71.3,nan,nan
2000/33/0,0:53:0,,50.7,63.5,71.8,nan,nan
2000/35/0,0:53:0,,51.9,64.1,72.1,nan,nan
2000/34/0,0:53:0,,52.6,65.1,73.1,nan,nan
2000/33/0,0:53:0,,51.4,65.0,73.0,nan,nan
2000/33/0,0:53:0,,51.5,63.9,72.1,nan,nan
2000/33/0,0:53:0,,51.1,63.1,71.1,nan,nan
2000/32/0,0:53:0,,50.5,62.6,70.6,nan,nan
2000/32/0,0:53:0,,49.5,62.1,70.1,nan,nan
2000/31/0,0:53:0,,49.2,61.2,69.2,nan,nan
2000/31/0,0:53:0,,49.4,61.4,69.4,nan,nan
2000/35/0,0:53:0,,48.8,61.0,69.0,nan,nan
2000/31/0,0:53:0,,49.1,61.5,69.5,nan,nan
2000/30/0,0:53:0,,48.8,61.5,69.5,nan,nan
2000/35/0,0:53:0,,47.7,60.6,68.6,nan,nan
2000/31/0,0:53:0,,48.6,61.0,69.0,nan,nan
2000/31/0,0:53:0,,49.0,61.0,69.1,nan,nan
2000/31/0,0:53:0,,48.9,61.1,69.1,nan,nan
2000/31/0,0:53:0,,48.9,61.4,69.4,nan,nan
2000/31/0,0:53:0,,49.0,60.9,68.9,nan,nan
2000/30/0,0:53:0,,47.6,60.0,68.0,nan,nan
2000/30/0,0:53:0,,48.3,59.8,67.6,nan,nan
2000/30/0,0:53:0,,48.9,60.0,68.0,nan,nan
2000/31/0,0:53:0,,48.8,60.7,68.7,nan,nan
2000/31/0,0:53:0,,49.0,60.9,68.9,nan,nan
2000/32/0,0:53:0,,49.5,61.7,69.7,nan,nan
2000/33/0,0:53:0,,51.3,63.5,71.5,nan,nan
2000/35/0,0:53:0,,52.1,64.6,72.6,nan,nan
2000/34/0,0:53:0,,52.8,65.3,73.3,nan,nan
2000/33/0,0:53:0,,51.7,64.5,72.5,nan,nan
2000/33/0,0:53:0,,52.0,64.7,72.7,nan,nan
2000/35/0,0:53:0,,51.9,64.6,72.6,nan,nan
2000/35/0,0:53:0,,52.5,65.4,73.4,nan,nan
2000/35/0,0:53:0,,53.1,66.1,74.1,nan,nan
2000/32/0,0:53:0,,51.2,64.8,72.8,nan,nan
2000/33/0,0:53:0,,51.0,64.0,72.0,nan,nan
2000/33/0,0:53:0,,50.7,64.0,72.0,nan,nan
2000/33/0,0:53:0,,51.6,63.8,71.8,nan,nan
2000/33/0,0:53:0,,50.9,63.0,71.0,nan,nan
2000/34/0,0:53:0,,51.1,63.1,71.1,nan,nan
2000/34/0,0:53:0,,51.1,63.3,71.3,nan,nan
2000/34/0,0:53:0,,51.9,64.2,72.7,nan,nan
2000/34/0,0:53:0,,52.0,64.0,72.0,nan,nan
2000/34/0,0:53:0,,52.1,64.2,72.2,nan,nan
2000/32/0,0:53:0,,51.1,64.7,72.7,nan,nan
2000/32/0,0:53:0,,50.7,63.2,71.2,nan,nan
2000/33/0,0:53:0,,50.7,62.7,70.7,nan,nan
2000/32/0,0:53:0,,50.8,63.0,71.0,nan,nan
2000/33/0,0:53:0,,50.7,63.0,71.0,nan,nan
2000/33/0,0:53:0,,50.4,62.6,70.6,nan,nan
2000/32/0,0:53:0,,49.3,61.7,69.7,nan,nan
2000/32/0,0:53:0,,49.7,61.7,69.7,nan,nan
2000/31/0,0:53:0,,48.7,61.5,69.5,nan,nan
2000/31/0,0:53:0,,49.0,61.1,69.1,nan,nan
2000/30/0,0:53:0,,48.6,61.7,69.7,nan,nan
2000/31/0,0:53:0,,49.3,62.0,70.0,nan,nan
2000/33/0,0:53:0,,50.6,62.9,70.9,nan,nan
2000/31/0,0:53:0,,50.1,62.4,70.4,nan,nan
2000/32/0,0:53:0,,49.7,62.0,70.1,nan,nan
2000/32/0,0:53:0,,49.8,62.0,70.9,nan,nan
2000/30/0,0:53:0,,47.8,60.4,68.6,nan,nan
2000/30/0,0:53:0,,48.1,59.5,67.0,nan,nan
2000/30/0,0:53:0,,47.3,59.5,67.0,nan,nan
2000/31/0,0:53:0,,48.3,60.0,68.0,nan,nan
2000/30/0,0:53:0,,47.9,59.9,67.8,nan,nan
2000/30/0,0:53:0,,47.9,59.1,66.2,nan,nan
2000/35/0,0:53:0,,48.1,59.4,66.8,nan,nan
2000/35/0,0:53:0,,47.0,59.2,66.4,nan,nan
2000/35/0,0:53:0,,47.0,58.9,67.4,nan,nan
2000/50/0,0:53:0,,52.9,66.4,79.6,nan,nan
2001/151/0,0:53:0,,146.2,184.9,219.0,nan,nan
2001/11/1,0:53:0,,255.1,323.7,375.9,nan,nan
2002/101/1,0:53:0,,314.7,403.8,478.9,nan,nan
2001/55/1,0:53:0,,411.2,523.0,613.0,nan,nan
2002/5/2,0:53:0,,489.6,624.2,755.3,nan,nan
2003/141/2,0:53:0,,637.2,811.2,924.9,nan,nan
2003/109/3,0:53:0,,841.2,993.8,1000.0,nan,nan
2003/125/3,0:53:0,,987.1,1000.0,1000.0,nan,nan
2003/65/3,0:53:0,,886.4,1000.0,1000.0,nan,nan
2003/148/3,0:53:0,,932.1,1000.0,1000.0,nan,nan
2003/148/3,0:53:0,,1000.0,1000.0,1000.0,nan,nan
2003/148/3,0:53:0,,1000.0,1000.0,1000.0,nan,nan
2003/148/3,0:53:0,,1000.0,1000.0,1000.0,nan,nan
2003/148/3,0:53:0,,1000.0,1000.0,1000.0,nan,nan
2003/148/3,0:53:0,,1000.0,1000.0,1000.0,nan,nan
2003/148/3,0:53:0,,1000.0,1000.0,1000.0,nan,nan
2003/148/3,0:53:0,,1000.0,1000.0,1000.0,nan,nan
2003/148/3,0:53:0,,1000.0,1000.0,1000.0,nan,nan
2003/148/3,0:53:0,,1000.0,1000.0,1000.0,nan,nan
2003/148/3,0:53:0,,1000.0,1000.0,1000.0,nan,nan
2003/148/3,0:53:0,,1000.0,1000.0,1000.0,nan,nan
2003/148/3,0:53:0,,1000.0,1000.0,1000.0,nan,nan
2003/148/3,0:53:0,,1000.0,1000.0,1000.0,nan,nan
2003/148/3,0:53:0,,1000.0,1000.0,1000.0,nan,nan
2003/148/3,0:53:0,,1000.0,1000.0,1000.0,nan,nan
2003/148/3,0:53:0,,1000.0,1000.0,1000.0,nan,nan
2003/148/3,0:53:0,,1000.0,1000.0,1000.0,nan,nan
2003/148/3,0:53:0,,1000.0,1000.0,1000.0,nan,nan
2003/148/3,0:53:0,,1000.0,1000.0,1000.0,nan,nan
2003/148/3,0:53:0,,1000.0,1000.0,1000.0,nan,nan
2003/148/3,0:53:0,,1000.0,1000.0,1000.0,nan,nan
2003/148/3,0:53:0,,1000.0,1000.0,1000.0,nan,nan
2003/148/3,0:53:0,,1000.0,1000.0,1000.0,nan,nan
2003/148/3,0:53:0,,1000.0,1000.0,1000.0,nan,nan
2003/148/3,0:53:0,,1000.0,1000.0,1000.0,nan,nan
2003/148/3,0:53:0,,1000.0,1000.0,1000.0,nan,nan
2003/105/3,0:53:0,,962.1,1000.0,1000.0,nan,nan
2003/76/3,0:53:0,,898.6,1000.0,1000.0,nan,nan
2003/60/3,0:53:0,,871.4,1000.0,1000.0,nan,nan
2003/21/3,0:53:0,,826.4,1000.0,1000.0,nan,nan
2003/10/3,0:53:0,,789.7,1000.0,1000.0,nan,nan
2003/123/2,0:53:0,,743.3,952.8,1000.0,nan,nan
2003/100/2,0:53:0,,689.4,880.3,1000.0,nan,nan
2003/71/2,0:53:0,,644.3,826.7,968.9,nan,nan
2002/54/2,0:53:0,,613.0,781.7,912.8,nan,nan
2002/21/2,0:53:0,,568.2,724.4,857.7,nan,nan
2002/8/2,0:53:0,,537.9,685.0,804.3,nan,nan
2002/156/1,0:53:0,,516.1,658.0,767.4,nan,nan
2002/134/1,0:53:0,,478.5,607.7,713.2,nan,nan
2002/133/1,0:53:0,,463.5,582.7,688.2,nan,nan
2002/111/1,0:53:0,,439.6,549.4,643.2,nan,nan
2001/75/1,0:53:0,,390.3,488.4,562.6,nan,nan
2001/47/1,0:53:0,,347.3,434.5,502.0,nan,nan
2001/38/1,0:53:0,,316.5,397.9,464.7,nan,nan
2001/31/1,0:53:0,,303.6,383.3,454.2,nan,nan
2001/31/1,0:53:0,,298.2,374.3,430.4,nan,nan
2001/11/1,0:53:0,,284.7,358.6,409.9,nan,nan
2001/6/1,0:53:0,,265.8,332.6,385.0,nan,nan
2001/157/0,0:53:0,,254.8,316.7,364.4,nan,nan
2001/142/0,0:53:0,,235.6,293.2,335.1,nan,nan
2001/135/0,0:53:0,,218.7,271.8,312.3,nan,nan
2000/128/0,0:53:0,,205.7,254.6,295.2,nan,nan
2000/121/0,0:53:0,,192.0,237.5,275.6,nan,nan
2000/115/0,0:53:0,,180.4,222.8,259.7,nan,nan
2000/104/0,0:53:0,,168.0,208.1,237.4,nan,nan
2000/101/0,0:53:0,,159.3,199.7,229.4,nan,nan
2000/93/0,0:53:0,,150.3,188.0,217.0,nan,nan
2000/86/0,0:53:0,,140.1,175.8,204.4,nan,nan
2000/80/0,0:53:0,,130.2,164.8,190.2,nan,nan
2000/79/0,0:53:0,,124.0,154.6,176.4,nan,nan
2000/74/0,0:53:0,,114.5,141.9,162.6,nan,nan
2000/65/0,0:53:0,,105.6,130.3,150.6,nan,nan
2000/65/0,0:53:0,,97.0,120.3,139.1,nan,nan
2000/56/0,0:53:0,,90.0,111.7,126.7,nan,nan
2000/52/0,0:53:0,,84.6,105.0,118.9,nan,nan
2000/50/0,0:53:0,,77.2,97.6,110.2,nan,nan
2000/48/0,0:53:0,,73.0,91.6,104.3,nan,nan
2000/44/0,0:53:0,,69.7,86.1,97.2,nan,nan
2000/44/0,0:53:0,,63.8,81.0,91.2,nan,nan
2000/43/0,0:53:0,,61.0,76.6,86.6,nan,nan
2000/42/0,0:53:0,,60.3,75.4,85.4,nan,nan
2000/41/0,0:53:0,,59.3,74.5,84.7,nan,nan
2000/42/0,0:53:0,,60.0,75.1,85.3,nan,nan
2000/44/0,0:53:0,,60.3,77.3,88.7,nan,nan
2000/41/0,0:53:0,,64.6,80.4,91.4,nan,nan
2000/42/0,0:53:0,,65.8,81.8,93.1,nan,nan
2000/41/0,0:53:0,,65.7,82.8,95.4,nan,nan
2000/43/0,0:53:0,,66.0,84.4,97.2,nan,nan
2000/41/0,0:53:0,,65.1,84.2,95.2,nan,nan
2000/42/0,0:53:0,,66.1,84.6,95.7,nan,nan
2000/44/0,0:53:0,,66.2,84.6,95.6,nan,nan
2000/43/0,0:53:0,,67.8,85.1,96.1,nan,nan
2000/45/0,0:53:0,,67.8,85.8,96.8,nan,nan
2000/43/0,0:53:0,,67.9,84.5,95.5,nan,nan
2000/42/0,0:53:0,,65.9,84.6,95.6,nan,nan
2000/41/0,0:53:0,,65.4,84.5,96.0,nan,nan
2000/43/0,0:53:0,,65.7,85.0,96.9,nan,nan
2000/43/0,0:53:0,,66.5,84.5,97.0,nan,nan
2000/42/0,0:53:0,,66.9,83.8,97.4,nan,nan
2000/42/0,0:53:0,,66.5,83.4,94.5,nan,nan
2000/41/0,0:53:0,,64.6,82.4,93.7,nan,nan
2000/42/0,0:53:0,,65.1,82.1,93.4,nan,nan
2000/44/0,0:53:0,,66.6,82.6,93.7,nan,nan
2000/43/0,0:53:0,,66.7,83.4,94.6,nan,nan
2000/44/0,0:53:0,,67.0,85.1,96.1,nan,nan
2000/43/0,0:53:0,,67.6,86.3,97.5,nan,nan
2000/49/0,0:53:0,,70.1,88.6,100.3,nan,nan
2000/49/0,0:53:0,,72.5,90.1,102.1,nan,nan
2000/49/0,0:53:0,,73.4,91.2,103.2,nan,nan
2000/49/0,0:53:0,,72.7,91.0,103.0,nan,nan
2000/47/0,0:53:0,,72.7,90.4,102.4,nan,nan
2000/47/0,0:53:0,,71.7,90.0,102.0,nan,nan
2000/48/0,0:53:0,,71.5,90.4,102.4,nan,nan
2000/49/0,0:53:0,,72.3,89.8,101.6,nan,nan
2000/49/0,0:53:0,,73.0,90.0,102.0,nan,nan
2000/46/0,0:53:0,,70.2,90.2,102.2,nan,nan
2000/51/0,0:53:0,,73.6,91.2,103.2,nan,nan
2000/50/0,0:53:0,,74.6,91.6,103.6,nan,nan
2000/51/0,0:53:0,,73.6,91.2,103.2,nan,nan
2000/46/0,0:53:0,,72.5,91.0,103.0,nan,nan
2000/48/0,0:53:0,,71.9,89.2,100.4,nan,nan
2000/48/0,0:53:0,,71.6,89.0,100.0,nan,nan
2000/47/0,0:53:0,,71.7,89.3,100.6,nan,nan
2000/49/0,0:53:0,,71.9,90.1,102.1,nan,nan
2000/48/0,0:53:0,,71.3,89.3,100.6,nan,nan
2000/48/0,0:53:0,,71.9,89.0,100.0,nan,nan
2000/47/0,0:53:0,,71.5,88.8,100.0,nan,nan
2000/47/0,0:53:0,,71.0,88.0,99.0,nan,nan
2000/46/0,0:53:0,,70.3,86.8,97.8,nan,nan
2000/44/0,0:53:0,,68.8,85.0,96.0,nan,nan
2000/44/0,0:53:0,,68.0,84.0,95.0,nan,nan
2000/43/0,0:53:0,,66.6,83.5,94.5,nan,nan
2000/43/0,0:53:0,,66.6,83.0,94.0,nan,nan
2000/42/0,0:53:0,,66.2,83.0,94.0,nan,nan
2000/42/0,0:53:0,,66.0,83.0,94.0,nan,nan
2000/40/0,0:53:0,,65.2,83.0,94.0,nan,nan
2000/42/0,0:53:0,,65.0,83.5,94.5,nan,nan
2000/42/0,0:53:0,,65.6,84.0,95.0,nan,nan
2000/44/0,0:53:0,,67.7,85.1,96.1,nan,nan
2000/45/0,0:53:0,,68.7,85.0,96.0,nan,nan
2000/45/0,0:53:0,,68.7,85.0,96.0,nan,nan
2000/43/0,0:53:0,,66.9,84.5,95.5,nan,nan
2000/42/0,0:53:0,,67.7,84.1,95.1,nan,nan
2000/43/0,0:53:0,,67.2,83.8,94.8,nan,nan
2000/42/0,0:53:0,,66.2,82.2,92.4,nan,nan
2000/40/0,0:53:0,,65.3,81.0,91.0,nan,nan
2000/40/0,0:53:0,,64.6,80.7,90.7,nan,nan
2000/42/0,0:53:0,,65.6,81.6,91.9,nan,nan
2000/43/0,0:53:0,,67.1,83.1,94.1,nan,nan
2000/43/0,0:53:0,,66.9,82.9,93.8,nan,nan
2000/43/0,0:53:0,,67.0,83.0,93.9,nan,nan
2000/42/0,0:53:0,,66.5,82.5,93.0,nan,nan
2000/41/0,0:53:0,,64.5,80.0,90.0,nan,nan
2000/41/0,0:53:0,,65.0,80.0,90.0,nan,nan
2000/40/0,0:53:0,,64.5,80.1,90.1,nan,nan
2000/45/0,0:53:0,,63.6,79.7,89.7,nan,nan
2000/41/0,0:53:0,,63.9,79.3,89.3,nan,nan
2000/42/0,0:53:0,,65.6,80.9,90.9,nan,nan
2000/42/0,0:53:0,,66.0,82.0,92.0,nan,nan
2000/41/0,0:53:0,,65.4,81.5,91.5,nan,nan
2000/40/0,0:53:0,,63.8,80.1,90.1,nan,nan
2000/45/0,0:53:0,,63.8,80.7,90.8,nan,nan
2000/41/0,0:53:0,,63.8,81.3,91.5,nan,nan
2000/42/0,0:53:0,,65.3,81.2,91.2,nan,nan
2000/41/0,0:53:0,,66.0,82.0,92.1,nan,nan
2000/41/0,0:53:0,,64.7,81.4,91.5,nan,nan
2000/41/0,0:53:0,,65.4,81.0,91.0,nan,nan
2000/41/0,0:53:0,,64.9,80.4,90.4,nan,nan
2000/41/0,0:53:0,,65.2,80.2,90.2,nan,nan
2000/40/0,0:53:0,,64.2,79.2,89.2,nan,nan
2000/45/0,0:53:0,,62.6,78.1,88.1,nan,nan
2000/44/0,0:53:0,,62.7,78.0,88.0,nan,nan
2000/44/0,0:53:0,,62.4,78.0,88.0,nan,nan
2000/45/0,0:53:0,,62.5,78.0,88.0,nan,nan
2000/45/0,0:53:0,,63.0,78.0,88.0,nan,nan
2000/45/0,0:53:0,,63.0,78.0,88.0,nan,nan
2000/43/0,0:53:0,,62.4,78.4,88.4,nan,nan
2000/45/0,0:53:0,,62.7,78.5,88.5,nan,nan
2000/43/0,0:53:0,,62.4,79.5,89.5,nan,nan
2000/42/0,0:53:0,,59.8,78.9,88.9,nan,nan
2000/44/0,0:53:0,,61.5,77.7,87.7,nan,nan
2000/45/0,0:53:0,,62.0,77.6,87.6,nan,nan
2000/44/0,0:53:0,,60.7,76.9,86.9,nan,nan
2000/44/0,0:53:0,,61.9,77.0,87.0,nan,nan
2000/40/0,0:53:0,,63.2,78.6,88.6,nan,nan
2000/40/0,0:53:0,,63.3,79.1,89.1,nan,nan
2000/44/0,0:53:0,,62.7,79.2,89.2,nan,nan
2000/45/0,0:53:0,,62.3,78.7,88.7,nan,nan
2000/45/0,0:53:0,,63.0,78.3,88.3,nan,nan
2000/44/0,0:53:0,,62.7,78.3,88.3,nan,nan
2000/42/0,0:53:0,,60.7,76.7,86.7,nan,nan
2000/42/0,0:53:0,,60.7,75.6,85.6,nan,nan
2000/44/0,0:53:0,,61.0,76.2,86.2,nan,nan
2000/40/0,0:53:0,,62.4,77.7,87.7,nan,nan
2000/44/0,0:53:0,,62.4,78.8,88.8,nan,nan
2000/44/0,0:53:0,,61.9,78.1,88.1,nan,nan
2000/45/0,0:53:0,,61.6,78.1,88.1,nan,nan
2000/41/0,0:53:0,,64.2,79.5,89.5,nan,nan
2000/40/0,0:53:0,,64.3,80.0,90.0,nan,nan
2000/44/0,0:53:0,,62.5,80.0,90.2,nan,nan
2000/45/0,0:53:0,,63.3,81.4,91.8,nan,nan
2000/41/0,0:53:0,,64.7,82.7,93.8,nan,nan
2000/44/0,0:53:0,,66.4,83.5,94.5,nan,nan
2000/41/0,0:53:0,,66.4,84.1,95.1,nan,nan
2000/41/0,0:53:0,,65.7,85.2,96.2,nan,nan
2000/45/0,0:53:0,,68.5,86.4,97.4,nan,nan
2000/48/0,0:53:0,,70.4,87.6,99.0,nan,nan
2000/49/0,0:53:0,,72.2,90.7,102.8,nan,nan
2000/52/0,0:53:0,,74.4,94.2,106.2,nan,nan
2000/54/0,0:53:0,,75.9,96.0,108.2,nan,nan
2000/55/0,0:53:0,,78.5,97.2,109.8,nan,nan
2000/55/0,0:53:0,,79.3,98.5,111.5,nan,nan
2000/54/0,0:53:0,,79.7,99.5,113.0,nan,nan
2000/50/0,0:53:0,,78.6,98.9,111.9,nan,nan
2000/50/0,0:53:0,,79.9,98.9,111.9,nan,nan
2000/55/0,0:53:0,,78.9,99.6,114.0,nan,nan
2000/53/0,0:53:0,,80.6,101.1,115.1,nan,nan
2000/54/0,0:53:0,,83.6,103.6,117.2,nan,nan
2000/53/0,0:53:0,,84.3,105.3,119.2,nan,nan
2000/57/0,0:53:0,,86.5,108.4,123.1,nan,nan
2000/58/0,0:53:0,,87.4,111.3,126.7,nan,nan
2000/60/0,0:53:0,,89.6,112.4,127.4,nan,nan
2000/62/0,0:53:0,,90.5,112.2,127.2,nan,nan
2000/62/0,0:53:0,,92.4,113.9,129.3,nan,nan
2000/62/0,0:53:0,,91.5,113.6,128.6,nan,nan
2000/65/0,0:53:0,,93.3,116.1,131.6,nan,nan
2000/60/0,0:53:0,,95.1,119.0,134.2,nan,nan
2000/62/0,0:53:0,,96.5,120.4,136.4,nan,nan
2000/62/0,0:53:0,,97.1,121.5,138.3,nan,nan
2000/61/0,0:53:0,,96.9,122.0,138.8,nan,nan
2000/63/0,0:53:0,,98.9,122.7,138.7,nan,nan
2000/65/0,0:53:0,,99.4,123.7,139.7,nan,nan
2000/65/0,0:53:0,,100.6,125.3,141.3,nan,nan
2000/68/0,0:53:0,,102.9,127.4,144.2,nan,nan
2000/68/0,0:53:0,,104.0,129.8,146.8,nan,nan
2000/71/0,0:53:0,,103.9,130.8,148.0,nan,nan
2000/70/0,0:53:0,,106.9,132.0,150.5,nan,nan
2000/71/0,0:53:0,,107.4,132.5,152.1,nan,nan
2000/70/0,0:53:0,,106.8,132.1,150.6,nan,nan
2000/69/0,0:53:0,,104.8,131.9,150.5,nan,nan
2000/69/0,0:53:0,,105.7,132.0,149.5,nan,nan
2000/70/0,0:53:0,,105.5,132.2,149.8,nan,nan
2000/71/0,0:53:0,,106.6,132.7,151.1,nan,nan
2000/70/0,0:53:0,,107.0,133.3,150.3,nan,nan
2000/75/0,0:53:0,,109.6,135.9,153.8,nan,nan
2000/72/0,0:53:0,,112.3,138.4,157.2,nan,nan
2000/71/0,0:53:0,,112.5,140.9,161.6,nan,nan
2000/73/0,0:53:0,,114.3,142.9,161.9,nan,nan
2000/76/0,0:53:0,,116.2,145.1,164.1,nan,nan
2000/76/0,0:53:0,,118.5,146.9,165.9,nan,nan
2000/75/0,0:53:0,,116.6,146.7,166.7,nan,nan
2000/74/0,0:53:0,,117.0,147.8,167.1,nan,nan
2000/78/0,0:53:0,,118.4,147.1,166.1,nan,nan
2000/77/0,0:53:0,,119.6,148.0,167.0,nan,nan
2000/77/0,0:53:0,,118.7,148.3,167.3,nan,nan
2000/79/0,0:53:0,,119.9,150.0,170.5,nan,nan
2000/78/0,0:53:0,,120.7,151.3,173.0,nan,nan
2000/81/0,0:53:0,,122.2,152.2,172.3,nan,nan
2000/83/0,0:53:0,,124.5,155.3,175.3,nan,nan
2000/85/0,0:53:0,,125.9,157.2,178.2,nan,nan
2000/81/0,0:53:0,,128.7,159.1,182.6,nan,nan
2000/80/0,0:53:0,,129.0,160.6,181.8,nan,nan
2000/81/0,0:53:0,,128.2,160.1,181.3,nan,nan
2000/83/0,0:53:0,,129.3,160.8,184.2,nan,nan
2000/81/0,0:53:0,,129.6,160.5,182.9,nan,nan
2000/80/0,0:53:0,,128.5,159.7,180.7,nan,nan
2000/85/0,0:53:0,,127.5,160.1,181.4,nan,nan
2000/84/0,0:53:0,,126.3,158.7,179.7,nan,nan
2000/82/0,0:53:0,,128.2,161.5,182.5,nan,nan
2000/85/0,0:53:0,,130.6,163.2,184.4,nan,nan
2000/85/0,0:53:0,,132.9,164.6,187.4,nan,nan
2000/86/0,0:53:0,,133.2,165.2,187.3,nan,nan
2000/86/0,0:53:0,,134.1,165.7,188.2,nan,nan
2000/86/0,0:53:0,,134.1,165.9,188.5,nan,nan
2000/85/0,0:53:0,,133.0,167.8,191.8,nan,nan
2000/88/0,0:53:0,,135.5,170.3,192.6,nan,nan
2000/91/0,0:53:0,,138.1,172.2,194.9,nan,nan
2000/90/0,0:53:0,,142.3,177.1,200.3,nan,nan
2000/93/0,0:53:0,,145.6,179.9,203.8,nan,nan
2000/95/0,0:53:0,,146.6,182.1,207.7,nan,nan
2000/93/0,0:53:0,,147.3,182.5,208.2,nan,nan
2000/96/0,0:53:0,,149.0,183.3,207.9,nan,nan
2000/93/0,0:53:0,,149.0,184.1,209.2,nan,nan
2000/96/0,0:53:0,,148.3,183.8,208.2,nan,nan
2000/94/0,0:53:0,,147.9,182.3,206.5,nan,nan
2000/93/0,0:53:0,,147.2,181.6,205.6,nan,nan
2000/92/0,0:53:0,,145.8,181.9,205.9,nan,nan
2000/93/0,0:53:0,,145.7,183.4,209.7,nan,nan
2000/95/0,0:53:0,,148.4,184.7,210.4,nan,nan
2000/99/0,0:53:0,,151.6,186.9,211.6,nan,nan
2000/100/0,0:53:0,,153.4,189.3,214.4,nan,nan
2000/100/0,0:53:0,,153.7,191.2,217.0,nan,nan
2000/102/0,0:53:0,,156.1,193.4,219.8,nan,nan
2000/103/0,0:53:0,,155.7,192.8,217.9,nan,nan
2000/102/0,0:53:0,,155.0,191.8,216.8,nan,nan
2000/98/0,0:53:0,,153.9,190.3,215.3,nan,nan
2000/99/0,0:53:0,,152.4,190.2,215.2,nan,nan
2000/98/0,0:53:0,,152.2,190.7,215.7,nan,nan
2000/97/0,0:53:0,,151.5,189.9,215.1,nan,nan
2000/98/0,0:53:0,,152.1,191.1,216.8,nan,nan
2000/100/0,0:53:0,,153.5,189.8,215.6,nan,nan
2000/98/0,0:53:0,,151.7,188.1,213.1,nan,nan
2000/98/0,0:53:0,,152.8,188.0,213.7,nan,nan
