2023/2/26,19:13:12,,115.1,190.7,232.2,nan,nan
2023/2/26,19:13:22,,178.4,304.5,368.7,nan,nan
2023/2/26,19:13:30,,171.1,289.3,346.1,nan,nan
2023/2/26,19:13:39,,173.7,294.3,342.6,nan,nan
2023/2/26,19:13:48,,170.6,287.2,332.2,nan,nan
2023/2/26,19:13:57,,169.4,287.7,330.9,nan,nan
2023/2/26,19:14:5,,170.0,288.9,331.5,nan,nan
2023/2/26,19:14:14,,170.8,287.9,332.3,nan,nan
2023/2/26,19:14:22,,167.9,280.7,324.3,nan,nan
2023/2/26,19:14:31,,165.6,276.3,319.1,nan,nan
2023/2/26,19:14:40,,163.5,274.9,316.8,nan,nan
2023/2/26,19:14:48,,160.3,269.1,311.5,nan,nan
2023/2/26,19:14:57,,157.2,260.7,300.9,nan,nan
2023/2/26,19:15:6,,153.0,253.1,292.8,nan,nan
2023/2/26,19:15:15,,133.3,226.5,260.3,nan,nan
2023/2/26,19:15:24,,135.0,229.9,260.9,nan,nan
2023/2/26,19:15:33,,146.9,252.0,290.3,nan,nan
2023/2/26,19:15:41,,156.5,266.3,309.4,nan,nan
2023/2/26,19:15:50,,156.7,264.8,306.9,nan,nan
2023/2/26,19:15:59,,149.9,249.4,287.2,nan,nan
2023/2/26,19:16:8,,146.5,246.6,279.9,nan,nan
2023/2/26,19:16:17,,154.1,266.4,305.9,nan,nan
2023/2/26,19:16:26,,151.0,252.5,296.2,nan,nan
2023/2/26,19:16:35,,152.0,252.9,298.8,nan,nan
2023/2/26,19:16:43,,154.6,252.5,294.0,nan,nan
2023/2/26,19:16:52,,156.1,253.8,291.6,nan,nan
2023/2/26,19:17:1,,150.9,245.5,283.0,nan,nan
2023/2/26,19:17:9,,151.0,248.0,284.9,nan,nan
2023/2/26,19:17:18,,152.0,251.2,286.9,nan,nan
2023/2/26,19:17:27,,155.1,258.1,291.2,nan,nan
2023/2/26,19:17:36,,151.0,252.7,287.9,nan,nan
2023/2/26,19:17:44,,148.3,247.0,281.6,nan,nan
2023/2/26,19:17:54,,147.1,244.8,275.4,nan,nan
2023/2/26,19:18:3,,151.5,255.8,294.3,nan,nan
2023/2/26,19:18:11,,151.2,257.9,299.6,nan,nan
2023/2/26,19:18:20,,152.6,263.9,303.5,nan,nan
2023/2/26,19:18:29,,150.1,257.8,291.7,nan,nan
2023/2/26,19:18:38,,146.8,246.7,274.4,nan,nan
2023/2/26,19:18:47,,146.8,241.4,272.6,nan,nan
2023/2/26,19:18:56,,153.2,253.1,292.6,nan,nan
2023/2/26,19:19:4,,150.7,253.4,293.7,nan,nan
2023/2/26,19:19:13,,149.2,249.7,288.2,nan,nan
2023/2/26,19:19:23,,149.2,254.5,297.6,nan,nan
2023/2/26,19:19:31,,144.4,240.0,278.5,nan,nan
2023/2/26,19:19:40,,144.7,239.8,274.8,nan,nan
2023/2/26,19:19:49,,145.6,244.4,277.1,nan,nan
2023/2/26,19:19:58,,145.9,240.3,277.6,nan,nan
2023/2/26,19:20:6,,147.0,239.8,278.6,nan,nan
2023/2/26,19:20:15,,147.3,238.6,276.6,nan,nan
2023/2/26,19:20:24,,148.3,241.9,276.5,nan,nan
2023/2/26,19:20:33,,142.5,234.5,262.8,nan,nan
2023/2/26,19:20:42,,136.7,232.6,261.8,nan,nan
2023/2/26,19:20:51,,143.6,246.8,273.0,nan,nan
2023/2/26,19:23:25,,110.3,186.2,210.0,nan,nan
2023/2/26,19:23:35,,122.2,199.1,224.5,nan,nan
2023/2/26,19:23:44,,126.1,206.7,243.3,nan,nan
2023/2/26,19:23:52,,131.4,219.2,253.1,nan,nan
2023/2/26,19:24:1,,134.9,227.2,258.4,nan,nan
2023/2/26,19:24:10,,131.9,225.0,252.5,nan,nan
2023/2/26,19:24:18,,129.8,218.9,246.3,nan,nan
2023/2/26,19:24:27,,129.2,217.6,246.5,nan,nan
2023/2/26,19:24:36,,129.2,216.0,242.4,nan,nan
2023/2/26,19:24:45,,128.4,215.5,245.0,nan,nan
2023/2/26,19:24:53,,126.8,210.4,242.2,nan,nan
2023/2/26,19:25:3,,125.9,209.7,241.2,nan,nan
2023/2/26,19:25:12,,122.3,203.6,232.4,nan,nan
2023/2/26,19:25:20,,122.0,199.4,226.7,nan,nan
2023/2/26,19:25:29,,122.6,199.8,226.6,nan,nan
2023/2/26,19:25:38,,126.1,204.2,228.4,nan,nan
2023/2/26,19:25:47,,127.5,208.7,236.0,nan,nan
2023/2/26,19:25:56,,128.4,217.9,244.3,nan,nan
2023/2/26,19:26:5,,125.4,207.1,231.6,nan,nan
2023/2/26,19:26:14,,126.6,205.8,236.8,nan,nan
2023/2/26,19:26:23,,126.0,206.7,244.6,nan,nan
2023/2/26,19:26:32,,120.7,199.6,232.5,nan,nan
2023/2/26,19:26:41,,120.9,204.2,232.1,nan,nan
2023/2/26,19:26:50,,117.8,199.8,220.5,nan,nan
2023/2/26,19:26:58,,113.3,187.6,204.4,nan,nan
2023/2/26,19:27:7,,108.9,179.4,197.4,nan,nan
2023/2/26,19:27:16,,109.6,180.7,202.6,nan,nan
2023/2/26,19:27:25,,114.5,189.1,213.2,nan,nan
2023/2/26,19:27:33,,115.7,189.1,217.9,nan,nan
2023/2/26,19:27:42,,118.1,188.1,216.0,nan,nan
2023/2/26,19:27:51,,120.3,190.7,218.7,nan,nan
2023/2/26,19:28:0,,115.9,190.1,218.7,nan,nan
2023/2/26,19:28:9,,115.9,194.0,220.5,nan,nan
2023/2/26,19:28:18,,118.1,198.0,222.8,nan,nan
2023/2/26,19:28:27,,119.8,197.9,222.0,nan,nan
2023/2/26,19:28:35,,117.4,192.3,217.9,nan,nan
2023/2/26,19:28:44,,118.6,189.8,215.3,nan,nan
2023/2/26,19:28:53,,120.9,191.6,220.3,nan,nan
2023/2/26,19:29:2,,121.6,190.8,215.8,nan,nan
2023/2/26,19:29:11,,118.4,191.9,217.0,nan,nan
2023/2/26,19:29:20,,114.6,188.7,211.8,nan,nan
2023/2/26,19:29:28,,114.5,188.5,209.5,nan,nan
2023/2/26,19:29:37,,112.8,185.2,206.4,nan,nan
2023/2/26,19:29:46,,114.8,187.0,210.3,nan,nan
2023/2/26,19:29:55,,114.3,191.3,219.1,nan,nan
2023/2/26,19:30:4,,111.2,184.2,212.2,nan,nan
2023/2/26,19:30:13,,110.4,179.4,209.4,nan,nan
2023/2/26,19:30:22,,108.6,179.0,202.1,nan,nan
2023/2/26,19:30:31,,111.5,182.1,207.5,nan,nan
2023/2/26,19:30:40,,109.6,181.3,201.3,nan,nan
2023/2/26,19:30:49,,108.5,180.5,200.9,nan,nan
2023/2/26,19:30:58,,106.4,178.9,202.7,nan,nan
2023/2/26,19:31:7,,106.3,182.6,208.2,nan,nan
2023/2/26,19:31:16,,107.1,183.9,209.9,nan,nan
2023/2/26,19:31:25,,105.7,172.1,197.5,nan,nan
2023/2/26,19:31:34,,108.4,177.0,201.7,nan,nan
2023/2/26,19:31:43,,108.9,186.7,213.5,nan,nan
2023/2/26,19:31:52,,107.2,180.7,211.8,nan,nan
2023/2/26,19:32:1,,106.7,179.9,206.2,nan,nan
2023/2/26,19:32:10,,105.1,174.9,194.0,nan,nan
2023/2/26,19:32:18,,106.0,174.7,189.6,nan,nan
2023/2/26,19:32:27,,106.5,175.9,190.8,nan,nan
2023/2/26,19:32:36,,105.5,174.8,192.6,nan,nan
2023/2/26,19:32:45,,106.1,175.8,198.7,nan,nan
2023/2/26,19:32:54,,106.1,173.4,196.5,nan,nan
2023/2/26,19:33:3,,106.8,171.5,197.3,nan,nan
2023/2/26,19:33:11,,107.1,169.4,197.7,nan,nan
2023/2/26,19:33:20,,104.2,168.4,195.3,nan,nan
2023/2/26,19:33:29,,102.3,167.0,190.6,nan,nan
2023/2/26,19:33:38,,101.4,169.2,188.7,nan,nan
2023/2/26,19:33:46,,100.7,169.1,187.2,nan,nan
2023/2/26,19:33:55,,98.7,167.3,183.6,nan,nan
2023/2/26,19:34:4,,97.1,164.0,181.5,nan,nan
2023/2/26,19:34:13,,98.2,162.3,179.2,nan,nan
2023/2/26,19:34:21,,98.9,161.6,178.5,nan,nan
2023/2/26,19:34:30,,99.1,161.0,176.8,nan,nan
2023/2/26,19:34:39,,99.3,160.8,177.4,nan,nan
2023/2/26,19:34:48,,97.1,159.6,179.0,nan,nan
2023/2/26,19:34:57,,93.6,154.9,170.2,nan,nan
2023/2/26,19:35:6,,95.8,156.4,172.5,nan,nan
2023/2/26,19:35:15,,95.4,157.4,175.3,nan,nan
2023/2/26,19:35:24,,96.8,156.4,177.2,nan,nan
2023/2/26,19:35:33,,95.0,157.1,173.5,nan,nan
2023/2/26,19:35:42,,94.1,154.4,171.5,nan,nan
2023/2/26,19:35:51,,95.3,157.6,180.3,nan,nan
2023/2/26,19:35:59,,95.0,156.3,179.5,nan,nan
2023/2/26,19:36:8,,95.5,157.2,179.8,nan,nan
2023/2/26,19:36:17,,96.7,155.6,174.0,nan,nan
2023/2/26,19:36:26,,97.6,158.2,176.6,nan,nan
2023/2/26,19:36:34,,97.3,157.5,174.5,nan,nan
2023/2/26,19:36:43,,96.7,158.8,175.7,nan,nan
2023/2/26,19:36:52,,97.2,155.7,171.0,nan,nan
2023/2/26,19:37:1,,97.5,153.3,166.5,nan,nan
2023/2/26,19:37:9,,96.3,150.3,166.0,nan,nan
2023/2/26,19:37:18,,94.0,148.0,166.7,nan,nan
2023/2/26,19:37:27,,93.3,151.4,177.0,nan,nan
2023/2/26,19:37:36,,91.9,151.6,176.2,nan,nan
2023/2/26,19:37:45,,92.3,148.7,165.1,nan,nan
2023/2/26,19:37:54,,89.7,146.3,165.5,nan,nan
2023/2/26,19:38:3,,90.8,146.1,164.5,nan,nan
2023/2/26,19:38:12,,89.4,148.9,175.8,nan,nan
2023/2/26,19:38:20,,89.2,146.4,170.2,nan,nan
2023/2/26,19:38:29,,88.6,144.1,160.2,nan,nan
2023/2/26,19:38:38,,90.7,146.3,162.2,nan,nan
2023/2/26,19:38:47,,89.9,153.6,168.9,nan,nan
2023/2/26,19:38:56,,88.6,147.8,165.3,nan,nan
2023/2/26,19:39:5,,87.0,142.8,161.1,nan,nan
2023/2/26,19:39:14,,86.6,142.5,158.1,nan,nan
2023/2/26,19:39:23,,87.5,140.5,155.3,nan,nan
2023/2/26,19:39:32,,88.2,140.0,157.7,nan,nan
2023/2/26,19:39:41,,89.2,142.9,162.2,nan,nan
2023/2/26,19:39:50,,85.8,140.8,156.2,nan,nan
2023/2/26,19:39:58,,83.9,138.0,156.3,nan,nan
2023/2/26,19:40:7,,84.9,139.2,161.8,nan,nan
2023/2/26,19:40:16,,86.0,138.8,160.0,nan,nan
2023/2/26,19:40:25,,87.2,138.5,156.2,nan,nan
2023/2/26,19:40:34,,85.5,136.9,148.4,nan,nan
2023/2/26,19:40:43,,83.7,137.2,152.9,nan,nan
2023/2/26,19:40:51,,83.0,134.9,149.3,nan,nan
2023/2/26,19:41:1,,83.7,134.1,151.1,nan,nan
2023/2/26,19:41:10,,87.1,140.3,161.2,nan,nan
2023/2/26,19:41:19,,85.7,138.0,158.0,nan,nan
2023/2/26,19:41:28,,87.1,142.2,154.1,nan,nan
2023/2/26,19:41:37,,88.7,145.1,157.9,nan,nan
2023/2/26,19:41:46,,88.4,142.7,158.8,nan,nan
2023/2/26,19:41:55,,87.8,139.6,153.8,nan,nan
2023/2/26,19:42:4,,83.6,137.9,155.5,nan,nan
2023/2/26,19:42:13,,80.0,131.2,151.2,nan,nan
2023/2/26,19:42:22,,86.2,138.2,153.2,nan,nan
2023/2/26,19:42:31,,83.3,138.2,150.4,nan,nan
2023/2/26,19:42:39,,81.5,137.9,154.4,nan,nan
2023/2/26,19:42:48,,82.0,134.3,150.8,nan,nan
2023/2/26,19:42:57,,81.7,132.1,151.2,nan,nan
2023/2/26,19:43:6,,81.3,131.5,148.1,nan,nan
2023/2/26,19:43:14,,81.2,132.8,148.7,nan,nan
2023/2/26,19:43:24,,79.0,129.1,142.8,nan,nan
2023/2/26,19:43:32,,80.5,129.9,146.0,nan,nan
2023/2/26,19:43:41,,81.3,130.6,144.9,nan,nan
2023/2/26,19:43:50,,81.0,131.1,143.6,nan,nan
2023/2/26,19:43:59,,79.1,128.8,143.5,nan,nan
2023/2/26,19:44:8,,78.0,127.9,145.3,nan,nan
2023/2/26,19:44:17,,77.6,128.2,145.3,nan,nan
2023/2/26,19:44:25,,77.0,127.2,143.5,nan,nan
2023/2/26,19:44:35,,78.2,124.1,137.1,nan,nan
2023/2/26,19:44:44,,76.5,126.3,143.0,nan,nan
2023/2/26,19:44:53,,80.2,132.3,146.9,nan,nan
2023/2/26,19:45:2,,78.9,132.6,145.0,nan,nan
2023/2/26,19:45:11,,76.1,129.4,139.1,nan,nan
2023/2/26,19:45:20,,78.7,130.8,146.6,nan,nan
2023/2/26,19:45:29,,76.1,128.1,142.3,nan,nan
2023/2/26,19:45:37,,75.3,126.8,139.0,nan,nan
2023/2/26,19:45:47,,73.1,127.9,140.0,nan,nan
2023/2/26,19:45:55,,73.8,130.0,142.4,nan,nan
2023/2/26,19:46:4,,74.4,125.1,137.7,nan,nan
2023/2/26,19:46:13,,73.7,119.5,132.2,nan,nan
2023/2/26,19:46:23,,74.6,123.6,137.6,nan,nan
2023/2/26,19:46:32,,72.9,123.3,133.3,nan,nan
2023/2/26,19:46:41,,71.8,122.1,132.4,nan,nan
2023/2/26,19:46:50,,71.0,120.4,135.9,nan,nan
2023/2/26,19:46:59,,70.4,117.4,135.3,nan,nan
2023/2/26,19:47:8,,71.8,119.7,129.8,nan,nan
2023/2/26,19:47:16,,70.4,115.1,124.8,nan,nan
2023/2/26,19:47:25,,72.3,115.6,125.3,nan,nan
2023/2/26,19:47:34,,72.9,117.8,127.6,nan,nan
2023/2/26,19:47:43,,69.9,116.7,130.4,nan,nan
2023/2/26,19:47:52,,69.6,111.3,123.4,nan,nan
2023/2/26,19:48:1,,71.5,111.6,126.6,nan,nan
2023/2/26,19:48:9,,72.6,113.3,126.3,nan,nan
2023/2/26,19:48:19,,72.9,116.9,130.0,nan,nan
2023/2/26,19:48:28,,69.3,117.3,129.3,nan,nan
2023/2/26,19:48:37,,71.2,120.2,135.1,nan,nan
2023/2/26,19:48:46,,70.2,117.3,130.5,nan,nan
2023/2/26,19:48:55,,70.2,117.0,131.4,nan,nan
2023/2/26,19:49:4,,69.4,115.3,131.4,nan,nan
2023/2/26,19:49:13,,71.4,120.3,132.4,nan,nan
2023/2/26,19:49:22,,69.2,116.4,126.1,nan,nan
2023/2/26,19:49:31,,70.0,115.1,125.8,nan,nan
2023/2/26,19:49:39,,68.6,110.2,123.9,nan,nan
2023/2/26,19:49:49,,69.1,115.0,127.8,nan,nan
2023/2/26,19:49:57,,66.8,110.1,122.8,nan,nan
2023/2/26,19:50:6,,67.2,108.3,117.2,nan,nan
2023/2/26,19:50:15,,66.6,105.3,116.6,nan,nan
2023/2/26,19:50:24,,68.3,105.9,116.9,nan,nan
2023/2/26,19:50:32,,67.9,106.9,116.4,nan,nan
2023/2/26,19:50:42,,70.3,114.9,124.3,nan,nan
2023/2/26,19:50:50,,68.4,113.4,124.9,nan,nan
2023/2/26,19:50:59,,66.8,113.0,123.7,nan,nan
2023/2/26,19:51:8,,67.7,112.2,119.9,nan,nan
2023/2/26,19:51:17,,66.0,107.9,118.2,nan,nan
2023/2/26,19:51:26,,67.8,109.2,121.0,nan,nan
2023/2/26,19:51:35,,67.3,110.8,122.8,nan,nan
2023/2/26,19:51:44,,67.5,108.6,121.9,nan,nan
2023/2/26,19:51:53,,68.4,111.4,121.1,nan,nan
2023/2/26,19:52:2,,68.6,110.5,125.9,nan,nan
2023/2/26,19:52:11,,66.2,107.4,118.6,nan,nan
2023/2/26,19:52:19,,64.8,106.7,116.7,nan,nan
2023/2/26,19:52:29,,65.3,107.2,117.9,nan,nan
2023/2/26,19:52:38,,67.8,111.6,125.6,nan,nan
2023/2/26,19:52:46,,67.4,106.5,124.4,nan,nan
2023/2/26,19:52:56,,66.9,108.8,119.9,nan,nan
2023/2/26,19:53:4,,65.2,106.7,118.5,nan,nan
2023/2/26,19:53:13,,63.0,102.5,111.4,nan,nan
2023/2/26,19:53:22,,65.7,110.3,117.2,nan,nan
2023/2/26,19:53:31,,64.9,111.0,122.2,nan,nan
2023/2/26,19:53:40,,65.1,107.6,119.0,nan,nan
2023/2/26,19:53:49,,65.0,106.1,115.9,nan,nan
2023/2/26,19:53:58,,65.0,104.4,113.5,nan,nan
2023/2/26,19:54:6,,63.4,102.0,110.1,nan,nan
2023/2/26,19:54:16,,65.5,107.2,115.3,nan,nan
2023/2/26,19:54:24,,67.8,110.7,120.2,nan,nan
2023/2/26,19:54:33,,67.5,108.6,123.6,nan,nan
2023/2/26,19:54:42,,65.5,104.8,120.4,nan,nan
2023/2/26,19:54:51,,64.0,100.7,113.6,nan,nan
2023/2/26,19:55:0,,63.3,103.8,114.5,nan,nan
2023/2/26,19:55:9,,64.1,105.0,115.9,nan,nan
2023/2/26,19:55:18,,61.8,105.1,112.7,nan,nan
2023/2/26,19:55:27,,60.4,100.5,111.6,nan,nan
2023/2/26,19:55:36,,62.2,106.3,118.8,nan,nan
2023/2/26,19:55:45,,59.8,99.6,108.8,nan,nan
2023/2/26,19:55:53,,60.8,97.8,107.9,nan,nan
2023/2/26,19:56:3,,61.2,98.0,110.1,nan,nan
2023/2/26,19:56:12,,61.4,102.8,111.7,nan,nan
2023/2/26,19:56:20,,61.2,101.8,111.2,nan,nan
2023/2/26,19:56:29,,62.2,100.9,113.6,nan,nan
2023/2/26,19:56:38,,60.0,96.4,106.3,nan,nan
2023/2/26,19:56:47,,59.0,94.4,103.2,nan,nan
2023/2/26,19:56:56,,58.3,95.2,102.3,nan,nan
2023/2/26,19:57:5,,56.1,93.5,102.9,nan,nan
2023/2/26,19:57:14,,55.0,90.7,99.9,nan,nan
2023/2/26,19:57:22,,56.4,91.1,103.1,nan,nan
2023/2/26,19:57:31,,56.8,90.9,106.4,nan,nan
2023/2/26,19:57:40,,55.3,87.6,102.7,nan,nan
2023/2/26,19:57:49,,53.7,86.9,96.5,nan,nan
2023/2/26,19:57:58,,52.1,84.9,93.9,nan,nan
2023/2/26,19:58:7,,51.8,82.4,90.9,nan,nan
2023/2/26,19:58:16,,52.5,83.3,91.5,nan,nan
2023/2/26,19:58:25,,51.3,84.1,93.5,nan,nan
2023/2/26,19:58:34,,50.2,83.5,91.6,nan,nan
2023/2/26,19:58:42,,51.9,83.8,94.2,nan,nan
2023/2/26,19:58:51,,50.3,82.9,93.8,nan,nan
2023/2/26,19:59:0,,50.4,83.1,94.4,nan,nan
2023/2/26,19:59:9,,49.7,81.4,91.5,nan,nan
2023/2/26,19:59:18,,48.9,79.1,85.7,nan,nan
2023/2/26,19:59:27,,48.9,76.8,82.3,nan,nan
2023/2/26,19:59:36,,50.2,85.8,90.8,nan,nan
2023/2/26,19:59:45,,47.9,84.0,91.7,nan,nan
2023/2/26,19:59:54,,48.3,80.7,87.8,nan,nan
2023/2/26,20:0:3,,45.4,79.1,87.0,nan,nan
2023/2/26,20:0:11,,46.0,77.5,86.5,nan,nan
2023/2/26,20:0:21,,46.2,77.1,86.3,nan,nan
2023/2/26,20:0:29,,46.3,77.2,89.0,nan,nan
2023/2/26,20:0:38,,46.3,75.2,85.4,nan,nan
2023/2/26,20:0:47,,46.6,74.8,83.9,nan,nan
2023/2/26,20:0:56,,48.6,77.6,85.0,nan,nan
2023/2/26,20:1:5,,49.5,79.8,85.4,nan,nan
2023/2/26,20:1:14,,47.3,76.7,85.1,nan,nan
2023/2/26,20:1:23,,46.5,74.5,83.8,nan,nan
2023/2/26,20:1:32,,47.0,80.9,89.3,nan,nan
2023/2/26,20:1:42,,46.4,77.6,86.4,nan,nan
2023/2/26,20:1:51,,48.0,77.0,84.7,nan,nan
2023/2/26,20:2:0,,47.1,78.5,88.1,nan,nan
2023/2/26,20:2:9,,46.0,78.4,85.6,nan,nan
2023/2/26,20:2:17,,45.4,75.2,82.6,nan,nan
2023/2/26,20:2:27,,44.0,74.4,83.6,nan,nan
2023/2/26,20:2:35,,43.7,73.9,83.7,nan,nan
2023/2/26,20:2:45,,45.8,76.1,85.8,nan,nan
2023/2/26,20:2:54,,44.5,73.2,83.2,nan,nan
2023/2/26,20:3:3,,44.4,76.1,83.9,nan,nan
2023/2/26,20:3:11,,44.7,75.4,83.7,nan,nan
2023/2/26,20:3:20,,43.6,69.9,80.7,nan,nan
2023/2/26,20:3:29,,45.4,69.0,81.0,nan,nan
2023/2/26,20:3:38,,45.1,69.6,80.1,nan,nan
2023/2/26,20:3:46,,45.8,71.2,80.7,nan,nan
2023/2/26,20:3:56,,44.8,74.4,84.7,nan,nan
2023/2/26,20:4:4,,44.7,75.8,82.7,nan,nan
2023/2/26,20:4:13,,44.4,70.7,79.5,nan,nan
2023/2/26,20:4:22,,44.6,75.0,85.6,nan,nan
2023/2/26,20:4:31,,43.0,75.4,84.7,nan,nan
2023/2/26,20:4:40,,42.7,70.9,82.6,nan,nan
2023/2/26,20:4:49,,42.8,69.5,81.1,nan,nan
2023/2/26,20:4:58,,44.6,71.2,81.6,nan,nan
2023/2/26,20:5:7,,43.6,71.2,82.7,nan,nan
2023/2/26,20:5:16,,43.7,71.2,82.0,nan,nan
2023/2/26,20:5:25,,45.0,72.1,83.3,nan,nan
2023/2/26,20:5:34,,43.2,68.0,80.5,nan,nan
2023/2/26,20:5:43,,44.4,71.1,81.9,nan,nan
2023/2/26,20:5:52,,44.6,70.6,80.4,nan,nan
2023/2/26,20:6:2,,44.2,75.0,84.6,nan,nan
2023/2/26,20:6:11,,42.7,70.1,82.6,nan,nan
2023/2/26,20:6:20,,42.2,70.1,81.1,nan,nan
2023/2/26,20:6:28,,42.0,67.5,78.7,nan,nan
2023/2/26,20:6:37,,42.6,66.1,78.7,nan,nan
2023/2/26,20:6:46,,45.9,71.9,82.3,nan,nan
2023/2/26,20:6:55,,46.4,76.4,83.7,nan,nan
2023/2/26,20:7:4,,44.5,73.5,82.0,nan,nan
2023/2/26,20:7:13,,44.0,73.0,83.5,nan,nan
2023/2/26,20:7:22,,44.6,72.1,81.9,nan,nan
2023/2/26,20:7:30,,44.8,70.3,82.0,nan,nan
2023/2/26,20:7:39,,45.9,72.6,82.7,nan,nan
2023/2/26,20:7:48,,45.8,73.6,83.9,nan,nan
2023/2/26,20:7:57,,45.4,73.9,83.2,nan,nan
2023/2/26,20:8:6,,44.7,76.5,83.8,nan,nan
2023/2/26,20:8:15,,45.8,77.0,83.2,nan,nan
2023/2/26,20:8:24,,46.6,75.1,83.4,nan,nan
2023/2/26,20:8:33,,45.4,72.8,81.1,nan,nan
2023/2/26,20:8:42,,45.5,74.4,81.9,nan,nan
2023/2/26,20:8:51,,45.3,73.2,82.1,nan,nan
2023/2/26,20:9:0,,44.3,74.2,82.1,nan,nan
2023/2/26,20:9:9,,43.4,74.3,82.5,nan,nan
2023/2/26,20:9:18,,45.5,76.4,83.9,nan,nan
2023/2/26,20:9:27,,43.3,71.4,81.5,nan,nan
2023/2/26,20:9:36,,43.3,71.0,81.2,nan,nan
2023/2/26,20:9:45,,45.4,74.5,83.9,nan,nan
2023/2/26,20:9:54,,45.2,74.3,83.1,nan,nan
2023/2/26,20:10:3,,44.4,71.8,82.5,nan,nan
2023/2/26,20:10:12,,44.0,71.3,81.6,nan,nan
2023/2/26,20:10:21,,44.5,74.4,81.5,nan,nan
2023/2/26,20:10:30,,43.0,72.9,81.7,nan,nan
2023/2/26,20:10:38,,43.6,72.4,81.8,nan,nan
2023/2/26,20:10:47,,42.5,70.3,80.0,nan,nan
2023/2/26,20:10:56,,42.2,73.4,83.1,nan,nan
2023/2/26,20:11:5,,41.5,70.3,82.3,nan,nan
2023/2/26,20:11:14,,41.7,68.9,80.5,nan,nan
2023/2/26,20:11:23,,44.6,74.6,85.7,nan,nan
2023/2/26,20:11:32,,43.9,75.9,86.2,nan,nan
2023/2/26,20:11:41,,43.1,72.1,83.0,nan,nan
2023/2/26,20:11:50,,43.1,68.1,79.1,nan,nan
2023/2/26,20:11:59,,43.3,70.8,81.3,nan,nan
2023/2/26,20:12:8,,44.9,71.2,82.1,nan,nan
2023/2/26,20:12:17,,42.5,70.5,81.4,nan,nan
2023/2/26,20:12:26,,41.7,71.0,82.9,nan,nan
2023/2/26,20:12:35,,43.4,72.6,81.4,nan,nan
2023/2/26,20:12:44,,41.1,70.0,79.7,nan,nan
2023/2/26,20:12:52,,41.7,70.0,80.5,nan,nan
2023/2/26,20:13:2,,43.4,71.0,81.5,nan,nan
2023/2/26,20:13:10,,42.5,70.4,81.2,nan,nan
2023/2/26,20:13:19,,41.4,67.2,78.3,nan,nan
2023/2/26,20:13:28,,42.4,64.0,76.2,nan,nan
2023/2/26,20:13:37,,43.6,69.2,78.5,nan,nan
2023/2/26,20:13:46,,42.7,69.7,80.2,nan,nan
2023/2/26,20:13:55,,42.6,68.8,79.0,nan,nan
2023/2/26,20:14:4,,44.3,71.4,81.2,nan,nan
2023/2/26,20:14:13,,42.4,68.1,78.6,nan,nan
2023/2/26,20:14:22,,80.1,146.3,172.4,nan,nan
2023/2/26,20:14:30,,184.5,400.2,485.1,nan,nan
2023/2/26,20:14:37,,246.1,741.4,992.1,nan,nan
2023/2/26,20:14:45,,260.9,805.9,1098.2,nan,nan
2023/2/26,20:14:52,,252.1,680.7,890.6,nan,nan
2023/2/26,20:15:0,,249.7,639.1,836.4,nan,nan
2023/2/26,20:15:8,,265.2,721.7,961.0,nan,nan
2023/2/26,20:15:16,,258.4,700.5,903.0,nan,nan
2023/2/26,20:15:23,,258.4,875.4,1203.8,nan,nan
2023/2/26,20:15:30,,238.3,1122.3,1731.6,nan,nan
2023/2/26,20:15:38,,221.5,1241.8,2040.3,nan,nan
2023/2/26,20:15:46,,206.3,1359.3,2303.3,nan,nan
2023/2/26,20:15:54,,198.5,1393.8,2368.0,nan,nan
2023/2/26,20:16:1,,193.8,1427.6,2364.7,nan,nan
2023/2/26,20:16:8,,191.4,1425.3,2487.9,nan,nan
2023/2/26,20:16:16,,189.3,1412.2,2507.8,nan,nan
2023/2/26,20:16:24,,188.7,1420.1,2503.1,nan,nan
2023/2/26,20:16:32,,192.8,1441.6,2467.2,nan,nan
2023/2/26,20:16:40,,187.8,1477.5,2522.0,nan,nan
2023/2/26,20:16:48,,183.0,1489.7,2637.8,nan,nan
2023/2/26,20:16:56,,181.4,1505.9,2677.4,nan,nan
2023/2/26,20:17:4,,183.7,1506.0,2639.0,nan,nan
2023/2/26,20:17:11,,184.0,1532.4,2630.1,nan,nan
2023/2/26,20:17:19,,179.5,1560.0,2709.2,nan,nan
2023/2/26,20:17:27,,176.8,1565.5,2782.8,nan,nan
2023/2/26,20:17:35,,179.3,1509.1,2658.6,nan,nan
2023/2/26,20:17:43,,197.7,1399.7,2373.1,nan,nan
2023/2/26,20:17:51,,214.7,1271.6,2029.1,nan,nan
2023/2/26,20:17:59,,226.4,1185.6,1801.1,nan,nan
2023/2/26,20:18:7,,232.2,1160.1,1735.4,nan,nan
2023/2/26,20:18:15,,231.6,1155.1,1736.2,nan,nan
2023/2/26,20:18:23,,234.1,1159.8,1695.7,nan,nan
2023/2/26,20:18:31,,230.9,1167.0,1726.9,nan,nan
2023/2/26,20:18:39,,232.2,1175.1,1757.3,nan,nan
2023/2/26,20:18:46,,231.9,1170.2,1787.9,nan,nan
2023/2/26,20:18:54,,233.6,1163.9,1760.0,nan,nan
2023/2/26,20:19:2,,233.5,1145.1,1691.0,nan,nan
2023/2/26,20:19:10,,233.3,1125.7,1626.6,nan,nan
2023/2/26,20:19:18,,234.8,1100.7,1562.5,nan,nan
2023/2/26,20:19:26,,239.1,1079.9,1533.6,nan,nan
2023/2/26,20:19:34,,241.9,1068.7,1517.2,nan,nan
2023/2/26,20:19:42,,246.6,1054.0,1502.1,nan,nan
2023/2/26,20:19:50,,249.3,1058.0,1468.1,nan,nan
2023/2/26,20:19:58,,250.1,1037.3,1436.6,nan,nan
2023/2/26,20:20:6,,252.2,1027.4,1414.4,nan,nan
2023/2/26,20:20:14,,254.4,990.9,1385.3,nan,nan
2023/2/26,20:20:22,,252.4,972.6,1378.3,nan,nan
2023/2/26,20:20:29,,251.1,931.2,1290.2,nan,nan
2023/2/26,20:20:37,,253.4,887.4,1252.3,nan,nan
2023/2/26,20:20:45,,253.1,882.9,1235.7,nan,nan
2023/2/26,20:20:53,,253.9,883.3,1210.4,nan,nan
2023/2/26,20:21:1,,254.4,880.1,1181.1,nan,nan
2023/2/26,20:21:9,,256.6,865.1,1155.6,nan,nan
2023/2/26,20:21:17,,258.7,852.7,1133.9,nan,nan
2023/2/26,20:21:25,,258.0,829.5,1092.1,nan,nan
2023/2/26,20:21:33,,253.0,802.7,1052.4,nan,nan
2023/2/26,20:21:41,,253.9,777.2,1017.9,nan,nan
2023/2/26,20:21:49,,253.8,749.9,991.5,nan,nan
2023/2/26,20:21:58,,252.8,726.3,956.9,nan,nan
2023/2/26,20:22:6,,246.7,712.5,936.2,nan,nan
2023/2/26,20:22:14,,245.7,699.1,907.1,nan,nan
2023/2/26,20:22:22,,244.1,678.5,867.9,nan,nan
2023/2/26,20:22:30,,244.9,659.0,822.4,nan,nan
2023/2/26,20:22:38,,240.9,632.8,777.5,nan,nan
2023/2/26,20:22:46,,239.4,614.2,761.1,nan,nan
2023/2/26,20:22:55,,233.7,586.7,746.8,nan,nan
2023/2/26,20:23:3,,229.3,568.2,737.5,nan,nan
2023/2/26,20:23:11,,226.3,558.0,714.4,nan,nan
2023/2/26,20:23:19,,222.4,539.0,680.8,nan,nan
2023/2/26,20:23:28,,216.0,515.9,635.0,nan,nan
2023/2/26,20:23:36,,207.5,490.6,611.0,nan,nan
2023/2/26,20:23:45,,201.3,470.7,584.4,nan,nan
2023/2/26,20:23:53,,198.9,454.2,566.0,nan,nan
2023/2/26,20:24:1,,193.7,437.3,531.5,nan,nan
2023/2/26,20:24:10,,190.0,419.4,505.2,nan,nan
2023/2/26,20:24:19,,183.7,397.9,490.8,nan,nan
2023/2/26,20:24:27,,181.1,376.6,475.9,nan,nan
2023/2/26,20:24:36,,175.0,365.4,462.3,nan,nan
2023/2/26,20:24:45,,170.5,353.8,435.3,nan,nan
2023/2/26,20:24:53,,164.3,336.1,404.9,nan,nan
2023/2/26,20:25:2,,154.3,311.5,374.6,nan,nan
2023/2/26,20:25:11,,141.8,293.3,361.5,nan,nan
2023/2/26,20:25:20,,137.2,276.0,346.1,nan,nan
2023/2/26,20:25:29,,132.4,265.0,331.6,nan,nan
2023/2/26,20:25:38,,127.9,252.2,310.1,nan,nan
2023/2/26,20:25:46,,124.1,241.7,292.5,nan,nan
2023/2/26,20:25:55,,120.0,227.0,274.3,nan,nan
2023/2/26,20:26:4,,111.5,214.7,263.5,nan,nan
2023/2/26,20:26:13,,100.5,201.8,245.5,nan,nan
2023/2/26,20:26:22,,95.3,188.3,230.9,nan,nan
2023/2/26,20:26:31,,92.5,178.3,215.1,nan,nan
2023/2/26,20:26:40,,91.1,172.0,202.5,nan,nan
2023/2/26,20:26:49,,86.1,162.0,190.3,nan,nan
2023/2/26,20:26:58,,80.2,149.5,181.3,nan,nan
2023/2/26,20:27:6,,75.4,143.0,169.9,nan,nan
2023/2/26,20:27:15,,73.7,136.8,165.7,nan,nan
2023/2/26,20:27:24,,71.9,132.8,159.7,nan,nan
2023/2/26,20:27:33,,65.4,124.0,144.2,nan,nan
2023/2/26,20:27:42,,59.4,109.7,132.0,nan,nan
2023/2/26,20:27:51,,59.1,107.2,126.2,nan,nan
2023/2/26,20:28:0,,55.3,103.5,124.4,nan,nan
2023/2/26,20:28:9,,50.0,91.6,113.1,nan,nan
2023/2/26,20:28:18,,45.5,90.2,104.8,nan,nan
2023/2/26,20:28:27,,46.1,90.4,105.7,nan,nan
2023/2/26,20:28:36,,46.1,87.9,103.7,nan,nan
2023/2/26,20:28:46,,46.6,89.1,103.6,nan,nan
2023/2/26,20:28:55,,43.8,91.4,110.1,nan,nan
2023/2/26,20:29:4,,46.4,89.4,108.5,nan,nan
2023/2/26,20:29:12,,48.3,88.0,101.1,nan,nan
2023/2/26,20:29:21,,47.9,88.5,101.4,nan,nan
2023/2/26,20:29:30,,46.5,85.4,100.7,nan,nan
2023/2/26,20:29:39,,46.1,81.4,95.5,nan,nan
2023/2/26,20:29:48,,43.1,81.6,92.6,nan,nan
2023/2/26,20:29:57,,46.0,80.6,93.6,nan,nan
2023/2/26,20:30:6,,47.0,81.4,100.7,nan,nan
2023/2/26,20:30:15,,46.4,85.6,106.2,nan,nan
2023/2/26,20:30:24,,47.0,88.3,104.4,nan,nan
2023/2/26,20:30:33,,46.5,86.7,100.2,nan,nan
2023/2/26,20:30:42,,45.1,84.6,95.7,nan,nan
2023/2/26,20:30:51,,46.0,85.3,95.2,nan,nan
2023/2/26,20:31:0,,46.4,83.0,92.4,nan,nan
2023/2/26,20:31:9,,46.1,85.9,99.7,nan,nan
2023/2/26,20:31:18,,45.5,85.7,103.7,nan,nan
2023/2/26,20:31:27,,45.5,87.2,102.7,nan,nan
2023/2/26,20:31:36,,44.5,81.5,90.6,nan,nan
2023/2/26,20:31:45,,44.7,81.4,88.9,nan,nan
2023/2/26,20:31:54,,49.2,88.8,98.2,nan,nan
2023/2/26,20:32:3,,49.0,86.5,98.8,nan,nan
2023/2/26,20:32:12,,53.6,91.0,100.5,nan,nan
2023/2/26,20:32:21,,60.7,106.4,112.5,nan,nan
2023/2/26,20:32:29,,62.4,104.1,111.2,nan,nan
2023/2/26,20:32:38,,62.7,100.5,109.0,nan,nan
2023/2/26,20:32:47,,63.0,98.7,105.2,nan,nan
2023/2/26,20:32:56,,61.2,96.5,105.7,nan,nan
2023/2/26,20:33:5,,59.3,97.6,107.2,nan,nan
2023/2/26,20:33:14,,59.1,102.1,110.2,nan,nan
2023/2/26,20:33:23,,60.7,101.1,108.0,nan,nan
2023/2/26,20:33:32,,61.0,101.8,106.9,nan,nan
2023/2/26,20:33:41,,60.3,99.9,105.6,nan,nan
2023/2/26,20:33:50,,60.9,100.1,107.3,nan,nan
2023/2/26,20:33:59,,60.1,98.2,104.9,nan,nan
2023/2/26,20:34:7,,59.7,98.0,103.4,nan,nan
2023/2/26,20:34:16,,59.4,96.5,101.5,nan,nan
2023/2/26,20:34:25,,60.2,100.0,103.5,nan,nan
2023/2/26,20:34:34,,58.7,100.4,105.3,nan,nan
2023/2/26,20:34:43,,59.3,100.2,105.7,nan,nan
2023/2/26,20:34:52,,58.0,100.0,108.9,nan,nan
2023/2/26,20:35:1,,56.0,99.4,109.5,nan,nan
2023/2/26,20:35:10,,58.0,100.4,106.5,nan,nan
2023/2/26,20:35:19,,58.5,100.2,104.4,nan,nan
2023/2/26,20:35:28,,57.8,94.7,99.7,nan,nan
2023/2/26,20:35:37,,57.6,96.0,99.0,nan,nan
2023/2/26,20:35:46,,57.6,94.2,103.4,nan,nan
2023/2/26,20:35:55,,58.0,94.3,103.6,nan,nan
2023/2/26,20:36:4,,56.4,95.5,101.0,nan,nan
2023/2/26,20:36:13,,54.6,93.8,99.1,nan,nan
2023/2/26,20:36:22,,55.9,92.0,97.8,nan,nan
2023/2/26,20:36:31,,58.7,95.7,100.8,nan,nan
2023/2/26,20:36:40,,56.8,94.9,102.1,nan,nan
2023/2/26,20:36:49,,57.1,94.1,100.1,nan,nan
2023/2/26,20:36:58,,56.6,93.4,100.7,nan,nan
2023/2/26,20:37:7,,57.1,93.7,101.0,nan,nan
2023/2/26,20:37:16,,56.2,91.5,98.0,nan,nan
2023/2/26,20:37:24,,56.6,94.0,101.5,nan,nan
2023/2/26,20:37:33,,56.3,93.1,98.5,nan,nan
2023/2/26,20:37:42,,55.1,91.0,96.7,nan,nan
2023/2/26,20:37:50,,53.0,88.1,94.3,nan,nan
2023/2/26,20:37:59,,52.9,87.1,93.4,nan,nan
2023/2/26,20:38:8,,55.6,90.4,96.1,nan,nan
2023/2/26,20:38:17,,56.3,92.4,97.6,nan,nan
2023/2/26,20:38:26,,55.5,91.0,96.9,nan,nan
2023/2/26,20:38:35,,55.7,90.7,96.2,nan,nan
2023/2/26,20:38:43,,56.4,92.0,97.7,nan,nan
2023/2/26,20:38:52,,56.4,91.4,95.1,nan,nan
2023/2/26,20:39:2,,55.8,91.6,98.9,nan,nan
2023/2/26,20:39:11,,54.0,91.7,98.3,nan,nan
2023/2/26,20:39:20,,55.9,92.9,97.5,nan,nan
2023/2/26,20:39:28,,54.0,88.4,97.7,nan,nan
2023/2/26,20:39:37,,55.6,89.1,98.6,nan,nan
2023/2/26,20:39:46,,55.5,89.8,96.5,nan,nan
2023/2/26,20:39:55,,55.3,89.4,96.3,nan,nan
2023/2/26,20:40:4,,54.3,86.9,96.4,nan,nan
2023/2/26,20:40:13,,54.0,86.9,96.3,nan,nan
2023/2/26,20:40:22,,51.1,89.9,97.6,nan,nan
2023/2/26,20:40:31,,52.3,90.9,96.7,nan,nan
2023/2/26,20:40:40,,54.2,90.6,95.8,nan,nan
2023/2/26,20:40:49,,54.0,88.8,93.7,nan,nan
2023/2/26,20:40:58,,54.7,86.9,91.7,nan,nan
2023/2/26,20:41:7,,52.0,84.3,89.6,nan,nan
2023/2/26,20:41:16,,54.0,90.8,95.8,nan,nan
2023/2/26,20:41:25,,55.2,92.8,96.6,nan,nan
2023/2/26,20:41:34,,54.2,91.6,98.5,nan,nan
2023/2/26,20:41:43,,53.6,89.5,95.7,nan,nan
2023/2/26,20:41:52,,56.1,90.6,96.1,nan,nan
2023/2/26,20:42:1,,56.3,91.4,97.9,nan,nan
2023/2/26,20:42:10,,52.9,90.3,95.1,nan,nan
2023/2/26,20:42:19,,51.6,88.5,93.4,nan,nan
2023/2/26,20:42:28,,50.5,86.2,90.2,nan,nan
2023/2/26,20:42:37,,53.6,85.1,89.1,nan,nan
2023/2/26,20:42:46,,54.4,86.6,89.6,nan,nan
2023/2/26,20:42:55,,52.9,87.8,92.3,nan,nan
2023/2/26,20:43:4,,54.0,90.7,96.6,nan,nan
2023/2/26,20:43:13,,52.8,88.9,96.1,nan,nan
2023/2/26,20:43:22,,53.4,87.9,94.6,nan,nan
2023/2/26,20:43:31,,52.9,87.4,93.3,nan,nan
2023/2/26,20:43:40,,53.9,89.9,95.7,nan,nan
2023/2/26,20:43:49,,53.1,87.9,92.7,nan,nan
2023/2/26,20:43:57,,54.1,85.0,90.6,nan,nan
2023/2/26,20:44:6,,55.1,85.3,90.4,nan,nan
2023/2/26,20:44:15,,55.0,86.6,91.2,nan,nan
2023/2/26,20:44:24,,55.9,89.1,95.1,nan,nan
2023/2/26,20:44:33,,55.2,87.9,94.2,nan,nan
2023/2/26,20:44:42,,52.4,87.8,90.0,nan,nan
2023/2/26,20:44:51,,51.7,85.9,88.4,nan,nan
2023/2/26,20:45:0,,51.4,89.7,97.7,nan,nan
2023/2/26,20:45:9,,51.5,87.6,94.7,nan,nan
2023/2/26,20:45:18,,51.0,85.0,91.5,nan,nan
2023/2/26,20:45:27,,51.2,86.0,89.9,nan,nan
2023/2/26,20:45:36,,52.7,87.4,91.6,nan,nan
2023/2/26,20:45:45,,55.5,89.1,95.1,nan,nan
2023/2/26,20:45:54,,52.6,84.2,91.4,nan,nan
2023/2/26,20:46:3,,53.1,87.4,91.0,nan,nan
2023/2/26,20:46:12,,50.9,85.7,92.1,nan,nan
2023/2/26,20:46:21,,49.1,84.1,88.3,nan,nan
2023/2/26,20:46:30,,49.5,83.7,88.0,nan,nan
2023/2/26,20:46:39,,49.7,89.4,93.9,nan,nan
2023/2/26,20:46:48,,50.3,87.2,93.6,nan,nan
2023/2/26,20:46:57,,51.8,87.5,93.8,nan,nan
2023/2/26,20:47:6,,52.7,87.6,94.4,nan,nan
2023/2/26,20:47:15,,55.7,91.4,98.1,nan,nan
2023/2/26,20:47:24,,51.3,85.2,92.8,nan,nan
2023/2/26,20:47:33,,51.7,91.8,96.2,nan,nan
2023/2/26,20:47:42,,51.0,88.7,92.3,nan,nan
2023/2/26,20:47:51,,52.8,89.4,96.1,nan,nan
2023/2/26,20:48:0,,53.0,90.0,97.9,nan,nan
2023/2/26,20:48:8,,53.3,89.6,98.6,nan,nan
2023/2/26,20:48:17,,53.1,89.3,97.1,nan,nan
2023/2/26,20:48:27,,56.0,92.3,98.6,nan,nan
2023/2/26,20:48:35,,57.8,94.1,101.6,nan,nan
2023/2/26,20:48:45,,55.4,95.6,102.3,nan,nan
2023/2/26,20:48:53,,54.9,95.5,102.5,nan,nan
2023/2/26,20:49:2,,58.0,95.8,104.9,nan,nan
2023/2/26,20:49:11,,58.0,94.4,103.1,nan,nan
2023/2/26,20:49:20,,58.0,97.1,105.1,nan,nan
2023/2/26,20:49:28,,59.4,100.5,110.8,nan,nan
2023/2/26,20:49:37,,61.1,102.8,114.4,nan,nan
2023/2/26,20:49:46,,63.4,104.5,115.7,nan,nan
2023/2/26,20:49:55,,67.9,110.3,120.1,nan,nan
2023/2/26,20:50:4,,69.1,112.3,126.3,nan,nan
2023/2/26,20:50:13,,67.9,111.6,130.5,nan,nan
2023/2/26,20:50:21,,66.0,109.3,127.1,nan,nan
2023/2/26,20:50:31,,67.7,113.7,121.0,nan,nan
2023/2/26,20:50:40,,68.9,113.9,124.6,nan,nan
2023/2/26,20:50:49,,66.4,114.5,128.9,nan,nan
2023/2/26,20:50:58,,67.3,115.0,131.2,nan,nan
2023/2/26,20:51:7,,70.5,119.6,130.2,nan,nan
2023/2/26,20:51:16,,72.6,119.7,133.7,nan,nan
2023/2/26,20:51:24,,75.5,123.6,138.9,nan,nan
2023/2/26,20:51:33,,76.2,124.4,140.6,nan,nan
2023/2/26,20:51:42,,76.7,124.6,141.4,nan,nan
2023/2/26,20:51:51,,74.5,119.8,139.6,nan,nan
2023/2/26,20:52:0,,72.7,118.6,139.1,nan,nan
2023/2/26,20:52:9,,76.8,124.2,140.8,nan,nan
2023/2/26,20:52:18,,78.3,127.7,138.2,nan,nan
2023/2/26,20:52:27,,75.3,125.1,143.3,nan,nan
2023/2/26,20:52:36,,76.1,126.0,141.1,nan,nan
2023/2/26,20:52:45,,77.0,126.6,143.8,nan,nan
2023/2/26,20:52:54,,80.3,133.6,151.8,nan,nan
2023/2/26,20:53:3,,82.2,136.9,156.6,nan,nan
2023/2/26,20:53:12,,84.1,138.8,154.7,nan,nan
2023/2/26,20:53:21,,81.7,136.5,148.3,nan,nan
2023/2/26,20:53:31,,87.3,147.0,158.1,nan,nan
2023/2/26,20:53:39,,87.0,146.3,159.9,nan,nan
2023/2/26,20:53:48,,85.9,141.2,156.2,nan,nan
2023/2/26,20:53:57,,84.6,137.5,153.4,nan,nan
2023/2/26,20:54:6,,92.0,154.5,170.9,nan,nan
2023/2/26,20:54:15,,92.7,158.2,175.7,nan,nan
2023/2/26,20:54:24,,88.9,151.2,167.5,nan,nan
2023/2/26,20:54:32,,89.5,143.9,158.9,nan,nan
2023/2/26,20:54:41,,90.2,142.9,157.6,nan,nan
2023/2/26,20:54:50,,90.5,142.3,156.4,nan,nan
2023/2/26,20:54:59,,87.3,142.8,156.9,nan,nan
2023/2/26,20:55:8,,85.0,143.4,157.4,nan,nan
2023/2/26,20:55:17,,82.3,138.7,151.7,nan,nan
2023/2/26,20:55:26,,87.5,147.5,168.1,nan,nan
2023/2/26,20:55:35,,92.3,153.3,177.5,nan,nan
2023/2/26,20:55:44,,94.9,156.3,180.1,nan,nan
2023/2/26,20:55:52,,95.8,157.9,181.1,nan,nan
2023/2/26,20:56:1,,93.8,155.3,174.7,nan,nan
2023/2/26,20:56:10,,91.0,151.4,169.7,nan,nan
2023/2/26,20:56:19,,94.0,154.6,172.7,nan,nan
2023/2/26,20:56:28,,99.2,162.4,178.2,nan,nan
2023/2/26,20:56:37,,98.2,158.4,173.1,nan,nan
2023/2/26,20:56:45,,98.3,160.7,173.8,nan,nan
2023/2/26,20:56:54,,100.4,163.3,175.7,nan,nan
2023/2/26,20:57:3,,105.3,167.6,181.8,nan,nan
2023/2/26,20:57:12,,104.6,173.3,190.3,nan,nan
2023/2/26,20:57:21,,103.5,175.7,193.0,nan,nan
2023/2/26,20:57:30,,104.7,171.1,186.3,nan,nan
2023/2/26,20:57:38,,105.0,169.7,187.3,nan,nan
2023/2/26,20:57:48,,108.2,172.5,194.4,nan,nan
2023/2/26,20:57:57,,109.6,175.7,192.8,nan,nan
2023/2/26,20:58:5,,107.9,176.1,195.1,nan,nan
2023/2/26,20:58:14,,108.4,178.4,200.4,nan,nan
2023/2/26,20:58:23,,109.9,177.4,197.7,nan,nan
2023/2/26,20:58:32,,111.3,179.2,204.3,nan,nan
2023/2/26,20:58:41,,115.6,185.3,207.7,nan,nan
2023/2/26,20:58:50,,111.2,179.7,201.9,nan,nan
2023/2/26,20:58:58,,110.8,179.0,202.0,nan,nan
2023/2/26,20:59:7,,110.3,176.5,195.2,nan,nan
2023/2/26,20:59:16,,109.4,175.4,193.2,nan,nan
2023/2/26,20:59:25,,108.6,180.1,199.6,nan,nan
2023/2/26,20:59:34,,108.0,176.8,196.5,nan,nan
2023/2/26,20:59:43,,107.1,174.9,189.4,nan,nan
2023/2/26,20:59:52,,106.6,174.7,198.1,nan,nan
2023/2/26,21:0:1,,107.8,177.5,203.5,nan,nan
2023/2/26,21:0:10,,110.1,178.6,202.8,nan,nan
2023/2/26,21:0:18,,112.2,178.0,197.7,nan,nan
2023/2/26,21:0:27,,115.3,177.2,197.3,nan,nan
2023/2/26,21:0:36,,114.6,177.0,195.4,nan,nan
2023/2/26,21:0:45,,111.6,176.0,194.9,nan,nan
2023/2/26,21:0:53,,109.3,178.1,204.6,nan,nan
2023/2/26,21:1:2,,110.0,178.2,202.6,nan,nan
2023/2/26,21:1:11,,112.9,178.7,200.7,nan,nan
2023/2/26,21:1:19,,116.6,183.5,197.3,nan,nan
2023/2/26,21:1:28,,121.8,190.2,209.3,nan,nan
2023/2/26,21:1:37,,126.3,197.1,222.6,nan,nan
2023/2/26,21:1:46,,127.6,201.7,228.8,nan,nan
2023/2/26,21:1:55,,127.2,201.6,222.4,nan,nan
2023/2/26,21:2:3,,125.9,201.6,224.6,nan,nan
2023/2/26,21:2:13,,123.2,196.7,226.8,nan,nan
2023/2/26,21:2:22,,121.4,197.2,219.4,nan,nan
2023/2/26,21:2:31,,120.1,197.4,214.9,nan,nan
2023/2/26,21:2:39,,118.6,190.9,207.9,nan,nan
2023/2/26,21:2:48,,120.7,194.9,215.4,nan,nan
2023/2/26,21:2:57,,122.1,192.9,218.0,nan,nan
2023/2/26,21:3:6,,124.5,194.6,224.9,nan,nan
2023/2/26,21:3:15,,124.5,193.6,220.0,nan,nan
2023/2/26,21:3:23,,123.6,196.8,221.7,nan,nan
2023/2/26,21:3:32,,124.5,202.2,226.7,nan,nan
2023/2/26,21:3:41,,127.8,209.4,234.3,nan,nan
2023/2/26,21:3:50,,129.6,211.6,239.5,nan,nan
2023/2/26,21:3:59,,129.7,209.6,235.2,nan,nan
2023/2/26,21:4:8,,128.8,208.7,234.7,nan,nan
2023/2/26,21:4:16,,127.3,204.0,229.0,nan,nan
2023/2/26,21:4:25,,127.2,203.1,224.1,nan,nan
2023/2/26,21:4:34,,127.7,202.5,220.4,nan,nan
