2001/163/0,0:53:0,,108.3,168.2,207.6,nan,nan
2023/2/26,19:13:56,,188.0,286.3,337.5,nan,nan
2001/21/1,0:53:0,,186.7,288.6,328.0,nan,nan
2001/31/1,0:53:0,,192.1,299.1,334.2,nan,nan
2001/24/1,0:53:0,,196.4,305.8,344.5,nan,nan
2023/2/26,19:14:31,,189.6,296.3,340.3,nan,nan
2023/2/26,19:14:41,,196.5,299.1,341.9,nan,nan
2023/2/26,19:14:49,,197.1,298.6,330.2,nan,nan
2001/28/1,0:53:0,,196.7,298.4,336.9,nan,nan
2023/2/26,19:15:7,,194.6,297.7,338.1,nan,nan
2023/2/26,19:15:16,,189.8,294.1,327.4,nan,nan
2023/2/26,19:15:25,,184.7,281.4,312.0,nan,nan
2001/11/1,0:53:0,,178.8,275.9,304.7,nan,nan
2023/2/26,19:15:42,,177.9,280.0,309.7,nan,nan
2023/2/26,19:15:51,,175.6,270.0,310.7,nan,nan
2023/2/26,19:16:0,,176.5,267.7,315.9,nan,nan
2023/2/26,19:16:9,,179.7,280.6,325.0,nan,nan
2001/11/1,0:53:0,,178.6,278.6,322.5,nan,nan
2023/2/26,19:16:27,,172.4,269.9,304.5,nan,nan
2001/161/0,0:53:0,,168.0,260.0,286.9,nan,nan
2001/2/1,0:53:0,,168.7,262.6,292.6,nan,nan
2023/2/26,19:16:55,,171.9,271.1,315.8,nan,nan
2023/2/26,19:17:4,,172.5,263.5,304.6,nan,nan
2023/2/26,19:17:12,,173.8,260.9,303.6,nan,nan
2023/2/26,19:17:21,,174.1,263.3,315.3,nan,nan
2023/2/26,19:17:30,,174.0,267.4,313.8,nan,nan
2023/2/26,19:17:39,,169.7,262.9,309.3,nan,nan
2001/2/1,0:53:0,,168.3,257.5,302.4,nan,nan
2023/2/26,19:17:57,,172.3,258.8,290.5,nan,nan
2023/2/26,19:18:6,,175.3,257.2,284.0,nan,nan
2023/2/26,19:18:15,,173.0,255.9,280.8,nan,nan
2001/163/0,0:53:0,,169.4,259.2,288.1,nan,nan
2023/2/26,19:18:33,,169.3,259.8,294.0,nan,nan
2023/2/26,19:18:42,,169.8,257.2,292.5,nan,nan
2023/2/26,19:18:51,,172.0,260.6,297.7,nan,nan
2023/2/26,19:19:0,,175.6,267.8,297.5,nan,nan
2023/2/26,19:19:9,,172.8,265.9,293.3,nan,nan
2023/2/26,19:19:18,,172.4,264.6,293.8,nan,nan
2023/2/26,19:19:27,,174.8,262.7,298.6,nan,nan
2023/2/26,19:19:35,,175.2,263.2,300.2,nan,nan
2023/2/26,19:19:44,,177.7,260.3,294.4,nan,nan
2001/5/1,0:53:0,,175.1,256.6,287.4,nan,nan
2023/2/26,19:20:2,,169.6,255.5,288.0,nan,nan
2023/2/26,19:20:11,,167.8,253.1,292.6,nan,nan
2023/2/26,19:20:20,,167.0,249.9,293.6,nan,nan
2023/2/26,19:20:29,,165.3,249.7,287.2,nan,nan
2023/2/26,19:20:38,,168.2,251.4,282.0,nan,nan
2023/2/26,19:20:47,,166.5,248.7,279.6,nan,nan
2001/158/0,0:53:0,,166.1,249.5,280.1,nan,nan
2023/2/26,19:21:6,,162.8,247.4,276.0,nan,nan
2001/155/0,0:53:0,,159.3,242.3,270.5,nan,nan
2001/153/0,0:53:0,,161.5,251.2,285.2,nan,nan
2023/2/26,19:21:33,,159.8,243.6,284.1,nan,nan
2023/2/26,19:21:42,,157.6,236.5,273.2,nan,nan
2001/153/0,0:53:0,,160.6,240.3,269.6,nan,nan
2001/150/0,0:53:0,,161.0,241.6,271.4,nan,nan
2165/165/165,165:27:9,,156.0,236.2,258.9,nan,nan
2023/2/26,19:22:18,,156.9,242.3,268.0,nan,nan
2023/2/26,19:22:27,,158.6,244.3,269.8,nan,nan
2023/2/26,19:22:36,,156.9,236.4,264.0,nan,nan
2023/2/26,19:22:44,,157.5,235.5,265.4,nan,nan
2023/2/26,19:22:53,,157.1,239.5,271.4,nan,nan
2023/2/26,19:23:2,,155.7,237.4,269.3,nan,nan
2001/146/0,0:53:0,,153.6,233.5,257.0,nan,nan
2001/147/0,0:53:0,,152.5,234.9,267.6,nan,nan
2023/2/26,19:22:44,,136.5,212.6,235.7,nan,nan
2023/2/26,19:23:25,,31.7,47.4,62.2,nan,nan
2000/98/0,0:53:0,,88.6,140.4,169.4,nan,nan
2001/108/0,0:53:0,,109.4,169.4,196.5,nan,nan
2023/2/26,19:26:3,,114.4,180.5,201.8,nan,nan
2165/165/165,165:165:25,,119.9,181.0,205.1,nan,nan
2023/2/26,19:26:22,,120.6,179.0,196.3,nan,nan
2023/2/26,19:26:31,,123.6,179.1,196.5,nan,nan
2023/2/26,19:26:40,,137.1,200.4,220.2,nan,nan
2023/2/26,19:26:49,,140.7,207.1,233.5,nan,nan
2001/132/0,0:53:0,,138.7,206.0,230.1,nan,nan
2001/136/0,0:53:0,,143.6,212.3,233.9,nan,nan
2001/134/0,0:53:0,,142.3,215.2,240.3,nan,nan
2001/133/0,0:53:0,,137.6,210.1,234.5,nan,nan
2001/135/0,0:53:0,,137.4,206.9,229.5,nan,nan
2001/136/0,0:53:0,,140.9,209.9,233.9,nan,nan
2001/135/0,0:53:0,,143.5,214.1,242.6,nan,nan
2001/132/0,0:53:0,,140.2,210.2,236.6,nan,nan
2001/132/0,0:53:0,,138.6,205.0,228.5,nan,nan
2001/132/0,0:53:0,,139.8,204.7,228.1,nan,nan
2023/2/26,19:28:28,,139.9,206.2,226.9,nan,nan
2023/2/26,19:28:37,,138.8,202.4,221.7,nan,nan
2023/2/26,19:28:46,,136.1,199.3,219.3,nan,nan
2001/133/0,0:53:0,,135.5,197.7,218.7,nan,nan
2001/135/0,0:53:0,,136.5,203.7,226.8,nan,nan
2001/133/0,0:53:0,,138.6,208.3,229.1,nan,nan
2001/130/0,0:53:0,,136.4,199.4,222.0,nan,nan
2023/2/26,19:29:31,,132.1,191.2,210.7,nan,nan
2023/2/26,19:29:40,,130.7,193.8,211.0,nan,nan
2023/2/26,19:29:49,,129.1,194.6,217.4,nan,nan
2001/124/0,0:53:0,,127.1,193.0,215.3,nan,nan
2001/124/0,0:53:0,,127.2,188.8,213.2,nan,nan
2001/129/0,0:53:0,,131.7,188.2,214.5,nan,nan
2001/123/0,0:53:0,,131.2,191.3,209.2,nan,nan
2001/122/0,0:53:0,,128.0,195.1,215.3,nan,nan
2023/2/26,19:30:43,,129.4,197.4,217.8,nan,nan
2023/2/26,19:30:52,,129.1,193.2,210.6,nan,nan
2023/2/26,19:31:1,,127.4,187.2,202.9,nan,nan
2001/123/0,0:53:0,,125.1,185.8,201.3,nan,nan
2001/120/0,0:53:0,,124.6,181.7,196.2,nan,nan
2023/2/26,19:31:28,,123.0,180.8,201.7,nan,nan
2023/2/26,19:31:37,,122.0,179.8,206.5,nan,nan
2023/2/26,19:31:45,,123.5,182.5,209.7,nan,nan
2023/2/26,19:31:54,,124.9,182.1,207.3,nan,nan
2023/2/26,19:32:4,,124.3,183.4,209.7,nan,nan
2023/2/26,19:32:13,,125.6,191.9,209.5,nan,nan
2023/2/26,19:32:22,,125.6,189.3,209.7,nan,nan
2023/2/26,19:32:31,,119.7,183.1,201.2,nan,nan
2023/2/26,19:32:40,,119.1,177.8,199.8,nan,nan
2023/2/26,19:32:49,,123.3,176.3,206.2,nan,nan
2023/2/26,19:32:58,,122.8,174.6,197.4,nan,nan
2023/2/26,19:33:7,,119.5,174.2,194.0,nan,nan
2023/2/26,19:33:16,,119.2,173.4,203.3,nan,nan
2023/2/26,19:33:25,,121.3,178.6,200.8,nan,nan
2023/2/26,19:33:35,,118.4,175.9,190.6,nan,nan
2023/2/26,19:33:44,,116.6,175.3,192.6,nan,nan
2023/2/26,19:33:53,,115.6,169.5,189.3,nan,nan
2165/165/27,19:34:2,,117.6,169.5,186.6,nan,nan
2023/2/26,19:34:11,,116.7,167.8,187.8,nan,nan
2001/111/0,0:53:0,,116.9,170.6,189.0,nan,nan
2023/2/26,19:34:29,,116.7,170.6,189.0,nan,nan
2023/2/26,19:34:38,,116.1,171.0,187.4,nan,nan
2023/2/26,19:34:47,,113.5,166.7,181.3,nan,nan
2023/2/26,19:34:56,,110.2,164.0,176.5,nan,nan
2023/2/26,19:35:5,,110.8,166.7,185.5,nan,nan
2023/2/26,19:35:14,,112.1,164.8,189.4,nan,nan
2023/2/26,19:35:24,,114.8,166.8,186.0,nan,nan
2023/2/26,19:35:33,,115.1,165.9,186.4,nan,nan
2023/2/26,19:35:41,,112.4,161.1,183.2,nan,nan
2023/2/26,19:35:50,,113.3,160.3,177.3,nan,nan
2023/2/26,19:35:59,,115.3,166.3,181.8,nan,nan
2023/2/26,19:36:9,,111.6,165.4,181.8,nan,nan
2023/2/26,19:36:18,,108.8,168.4,186.5,nan,nan
2023/2/26,19:36:26,,110.2,171.0,192.7,nan,nan
2000/111/0,0:53:0,,112.6,168.9,191.9,nan,nan
2023/2/26,19:36:44,,111.5,163.1,182.3,nan,nan
2023/2/26,19:36:53,,111.1,159.5,174.4,nan,nan
2023/2/26,19:37:2,,112.3,157.7,173.1,nan,nan
2023/2/26,19:37:11,,108.1,161.9,183.4,nan,nan
2000/102/0,0:53:0,,105.7,157.2,169.8,nan,nan
2023/2/26,19:37:29,,108.0,156.3,165.0,nan,nan
2000/101/0,0:53:0,,107.5,157.3,174.5,nan,nan
2000/103/0,0:53:0,,106.4,154.1,172.2,nan,nan
2023/2/26,19:37:56,,108.2,152.1,166.9,nan,nan
2023/2/26,19:38:5,,106.8,154.8,167.6,nan,nan
2023/2/26,19:38:15,,102.3,150.6,166.5,nan,nan
2000/100/0,0:53:0,,103.7,149.0,165.4,nan,nan
2023/2/26,19:38:32,,106.4,152.8,169.3,nan,nan
2023/2/26,19:38:41,,104.7,156.6,170.0,nan,nan
2000/102/0,0:53:0,,103.8,155.2,163.8,nan,nan
2000/103/0,0:53:0,,104.8,149.7,158.6,nan,nan
2000/98/0,0:53:0,,101.8,149.2,162.7,nan,nan
2023/2/26,19:39:17,,103.3,149.7,165.4,nan,nan
2023/2/26,19:39:27,,102.2,147.3,161.3,nan,nan
2023/2/26,19:39:35,,102.0,148.9,163.7,nan,nan
2165/165/165,165:165:55,,103.3,150.8,165.5,nan,nan
2000/98/0,0:53:0,,100.8,148.7,164.9,nan,nan
2023/2/26,19:40:3,,103.0,151.0,166.5,nan,nan
2023/2/26,19:40:12,,105.1,154.8,161.7,nan,nan
2000/98/0,0:53:0,,102.0,150.5,161.8,nan,nan
2000/54/0,0:53:0,,45.3,78.5,87.7,nan,nan
2000/65/0,0:53:0,,59.7,103.8,119.5,nan,nan
2000/87/0,0:53:0,,73.5,114.8,129.4,nan,nan
2000/95/0,0:53:0,,98.6,143.1,157.7,nan,nan
2000/94/0,0:53:0,,98.9,143.2,154.7,nan,nan
2000/95/0,0:53:0,,98.2,140.0,151.5,nan,nan
2000/94/0,0:53:0,,98.4,145.0,153.2,nan,nan
2000/91/0,0:53:0,,94.7,143.2,155.5,nan,nan
2000/95/0,0:53:0,,92.8,138.2,155.2,nan,nan
2000/96/0,0:53:0,,96.9,141.6,159.2,nan,nan
2000/92/0,0:53:0,,98.3,144.1,159.5,nan,nan
2000/95/0,0:53:0,,95.4,142.9,155.1,nan,nan
2000/82/0,0:53:0,,90.4,136.4,152.5,nan,nan
2000/84/0,0:53:0,,86.3,129.0,142.3,nan,nan
2000/90/0,0:53:0,,90.3,133.8,147.7,nan,nan
2000/80/0,0:53:0,,88.5,135.3,154.7,nan,nan
2000/85/0,0:53:0,,84.0,125.4,144.0,nan,nan
2000/81/0,0:53:0,,84.6,126.4,146.2,nan,nan
2000/85/0,0:53:0,,86.9,127.8,142.4,nan,nan
2000/82/0,0:53:0,,87.6,130.1,140.6,nan,nan
2000/84/0,0:53:0,,85.7,130.3,145.4,nan,nan
2000/85/0,0:53:0,,86.9,133.0,148.5,nan,nan
2000/81/0,0:53:0,,86.6,128.3,143.4,nan,nan
2000/86/0,0:53:0,,85.6,124.5,140.3,nan,nan
2000/83/0,0:53:0,,87.4,129.2,140.9,nan,nan
2000/86/0,0:53:0,,88.1,132.0,143.4,nan,nan
2000/84/0,0:53:0,,88.9,132.1,144.6,nan,nan
2000/85/0,0:53:0,,84.8,130.2,142.6,nan,nan
2000/85/0,0:53:0,,85.6,125.9,136.2,nan,nan
2000/83/0,0:53:0,,87.3,122.6,135.2,nan,nan
2000/82/0,0:53:0,,86.4,127.5,142.1,nan,nan
2000/83/0,0:53:0,,83.7,124.9,142.2,nan,nan
2000/85/0,0:53:0,,85.0,126.3,145.5,nan,nan
2000/84/0,0:53:0,,83.8,122.2,137.4,nan,nan
2000/85/0,0:53:0,,85.5,125.5,139.0,nan,nan
2000/85/0,0:53:0,,82.8,120.8,133.7,nan,nan
2000/81/0,0:53:0,,85.5,125.5,142.6,nan,nan
2000/82/0,0:53:0,,85.4,125.8,146.3,nan,nan
2000/81/0,0:53:0,,86.1,123.5,143.1,nan,nan
2000/82/0,0:53:0,,83.6,121.0,135.7,nan,nan
2000/84/0,0:53:0,,82.9,120.0,135.7,nan,nan
2000/82/0,0:53:0,,81.0,119.5,137.9,nan,nan
2000/84/0,0:53:0,,83.5,124.8,137.1,nan,nan
2000/79/0,0:53:0,,82.2,122.9,132.5,nan,nan
2000/80/0,0:53:0,,80.0,116.6,132.0,nan,nan
2000/79/0,0:53:0,,78.8,118.5,132.9,nan,nan
2000/79/0,0:53:0,,80.1,121.4,128.9,nan,nan
2000/84/0,0:53:0,,80.3,119.3,125.6,nan,nan
2000/81/0,0:53:0,,83.3,120.3,132.7,nan,nan
2000/80/0,0:53:0,,81.2,121.7,133.5,nan,nan
2000/79/0,0:53:0,,80.3,119.4,131.5,nan,nan
2000/81/0,0:53:0,,81.0,126.4,135.4,nan,nan
2000/77/0,0:53:0,,77.8,117.1,129.1,nan,nan
2000/80/0,0:53:0,,81.3,119.6,132.1,nan,nan
2000/82/0,0:53:0,,81.2,118.8,130.5,nan,nan
2000/78/0,0:53:0,,80.3,118.8,128.4,nan,nan
2000/79/0,0:53:0,,79.1,114.6,129.0,nan,nan
2000/74/0,0:53:0,,78.2,113.2,129.6,nan,nan
2000/78/0,0:53:0,,77.9,114.1,129.4,nan,nan
2000/79/0,0:53:0,,79.5,117.4,129.0,nan,nan
2000/76/0,0:53:0,,78.3,115.1,127.8,nan,nan
2000/78/0,0:53:0,,79.4,115.3,133.8,nan,nan
2000/78/0,0:53:0,,80.8,119.4,136.9,nan,nan
2000/79/0,0:53:0,,79.4,119.6,132.5,nan,nan
2000/76/0,0:53:0,,78.4,117.5,130.1,nan,nan
2000/74/0,0:53:0,,78.0,115.6,129.1,nan,nan
2000/76/0,0:53:0,,77.5,115.7,131.3,nan,nan
2000/74/0,0:53:0,,76.1,114.2,126.9,nan,nan
2000/76/0,0:53:0,,76.8,110.0,122.2,nan,nan
2000/75/0,0:53:0,,78.1,112.3,123.6,nan,nan
2000/75/0,0:53:0,,77.5,111.4,126.1,nan,nan
2000/74/0,0:53:0,,76.6,116.4,133.4,nan,nan
2000/73/0,0:53:0,,76.5,117.9,132.7,nan,nan
2000/77/0,0:53:0,,76.5,117.5,130.0,nan,nan
2000/75/0,0:53:0,,78.2,117.2,124.1,nan,nan
2000/74/0,0:53:0,,74.3,115.2,128.5,nan,nan
2000/75/0,0:53:0,,73.3,111.2,124.5,nan,nan
2000/73/0,0:53:0,,73.5,106.4,116.8,nan,nan
2000/73/0,0:53:0,,74.1,106.8,123.2,nan,nan
2000/73/0,0:53:0,,76.0,113.1,130.3,nan,nan
2000/75/0,0:53:0,,74.8,108.7,125.5,nan,nan
2000/70/0,0:53:0,,72.6,108.7,120.5,nan,nan
2000/70/0,0:53:0,,73.0,110.4,123.2,nan,nan
2000/74/0,0:53:0,,73.8,109.5,124.4,nan,nan
2000/74/0,0:53:0,,73.9,107.2,118.5,nan,nan
2000/75/0,0:53:0,,73.1,110.1,119.0,nan,nan
2000/71/0,0:53:0,,74.1,112.0,125.6,nan,nan
2000/71/0,0:53:0,,75.4,112.4,126.8,nan,nan
2000/72/0,0:53:0,,74.2,111.2,121.5,nan,nan
2000/70/0,0:53:0,,73.8,107.7,117.3,nan,nan
2000/75/0,0:53:0,,73.5,105.7,115.3,nan,nan
2000/72/0,0:53:0,,71.8,105.4,113.5,nan,nan
2000/70/0,0:53:0,,71.1,103.9,115.5,nan,nan
2000/73/0,0:53:0,,73.8,106.5,122.7,nan,nan
2000/68/0,0:53:0,,69.8,103.8,115.7,nan,nan
2000/67/0,0:53:0,,67.8,104.2,116.0,nan,nan
2000/72/0,0:53:0,,69.6,102.7,110.2,nan,nan
2000/69/0,0:53:0,,69.2,103.8,118.2,nan,nan
2000/72/0,0:53:0,,70.7,104.8,119.8,nan,nan
2000/64/0,0:53:0,,68.2,103.6,118.8,nan,nan
2000/63/0,0:53:0,,65.5,98.1,111.5,nan,nan
2000/65/0,0:53:0,,65.1,97.6,109.7,nan,nan
2000/66/0,0:53:0,,67.8,99.7,111.3,nan,nan
2000/62/0,0:53:0,,65.6,98.5,105.4,nan,nan
2000/64/0,0:53:0,,63.3,94.3,107.4,nan,nan
2000/65/0,0:53:0,,61.2,88.5,103.4,nan,nan
2000/65/0,0:53:0,,63.9,91.9,102.4,nan,nan
2000/63/0,0:53:0,,61.3,88.9,95.5,nan,nan
2000/59/0,0:53:0,,59.8,86.9,98.1,nan,nan
2000/56/0,0:53:0,,57.9,84.1,93.2,nan,nan
2000/62/0,0:53:0,,57.0,85.8,93.4,nan,nan
2000/64/0,0:53:0,,60.8,91.6,100.3,nan,nan
2000/58/0,0:53:0,,59.0,88.2,98.1,nan,nan
2000/61/0,0:53:0,,57.5,86.4,95.9,nan,nan
2000/61/0,0:53:0,,60.4,86.4,93.6,nan,nan
2000/54/0,0:53:0,,55.5,79.4,85.3,nan,nan
2000/60/0,0:53:0,,55.4,81.6,89.7,nan,nan
2000/56/0,0:53:0,,56.9,85.4,94.1,nan,nan
2000/53/0,0:53:0,,54.9,81.5,89.3,nan,nan
2000/52/0,0:53:0,,54.4,80.1,87.6,nan,nan
2000/55/0,0:53:0,,53.8,77.1,84.6,nan,nan
2000/55/0,0:53:0,,54.3,78.6,85.7,nan,nan
2000/51/0,0:53:0,,55.3,81.5,88.0,nan,nan
2000/61/0,0:53:0,,57.6,85.1,93.0,nan,nan
2000/51/0,0:53:0,,56.4,80.8,89.6,nan,nan
2000/52/0,0:53:0,,54.0,79.4,85.6,nan,nan
2000/52/0,0:53:0,,53.2,77.4,86.4,nan,nan
2000/55/0,0:53:0,,55.1,80.8,89.8,nan,nan
2000/50/0,0:53:0,,53.0,76.5,85.8,nan,nan
2000/61/0,0:53:0,,55.3,82.4,93.3,nan,nan
2000/64/0,0:53:0,,59.9,86.8,93.6,nan,nan
2000/53/0,0:53:0,,59.1,86.0,94.1,nan,nan
2000/55/0,0:53:0,,52.5,75.9,86.3,nan,nan
2000/53/0,0:53:0,,51.9,78.5,88.1,nan,nan
2000/50/0,0:53:0,,52.6,79.2,86.9,nan,nan
2000/50/0,0:53:0,,52.1,77.6,89.1,nan,nan
2000/54/0,0:53:0,,55.0,78.7,91.2,nan,nan
2000/54/0,0:53:0,,54.2,79.9,88.6,nan,nan
2000/50/0,0:53:0,,54.1,79.7,84.9,nan,nan
2000/50/0,0:53:0,,52.1,76.6,80.8,nan,nan
2000/53/0,0:53:0,,53.2,77.6,81.5,nan,nan
2000/55/0,0:53:0,,54.5,79.5,83.6,nan,nan
2000/53/0,0:53:0,,53.6,79.0,87.5,nan,nan
2000/54/0,0:53:0,,51.3,75.5,85.0,nan,nan
2000/51/0,0:53:0,,52.5,75.6,83.4,nan,nan
2000/51/0,0:53:0,,50.9,73.5,81.6,nan,nan
2000/54/0,0:53:0,,51.6,72.2,79.2,nan,nan
2000/53/0,0:53:0,,54.0,77.4,83.5,nan,nan
2000/52/0,0:53:0,,50.0,72.5,81.1,nan,nan
2000/51/0,0:53:0,,52.6,77.7,85.1,nan,nan
2000/50/0,0:53:0,,51.7,75.7,81.3,nan,nan
2000/52/0,0:53:0,,53.2,76.6,84.9,nan,nan
2000/53/0,0:53:0,,51.1,76.1,85.4,nan,nan
2000/54/0,0:53:0,,52.0,75.7,84.1,nan,nan
2000/54/0,0:53:0,,51.9,73.6,81.4,nan,nan
2000/55/0,0:53:0,,51.3,72.8,81.6,nan,nan
2000/52/0,0:53:0,,52.8,71.0,82.1,nan,nan
2000/55/0,0:53:0,,52.8,73.7,82.4,nan,nan
2000/50/0,0:53:0,,51.2,75.4,82.7,nan,nan
2000/51/0,0:53:0,,52.8,77.4,84.2,nan,nan
2000/50/0,0:53:0,,51.4,75.2,83.5,nan,nan
2000/54/0,0:53:0,,48.4,74.5,83.1,nan,nan
2000/52/0,0:53:0,,49.6,76.5,83.4,nan,nan
2000/55/0,0:53:0,,49.9,76.3,82.9,nan,nan
2000/54/0,0:53:0,,51.5,75.3,82.9,nan,nan
2000/46/0,0:53:0,,48.6,70.6,82.0,nan,nan
2000/54/0,0:53:0,,48.0,69.4,81.3,nan,nan
2000/54/0,0:53:0,,49.8,70.1,81.3,nan,nan
2000/55/0,0:53:0,,55.4,79.7,89.4,nan,nan
2000/52/0,0:53:0,,53.6,79.8,87.0,nan,nan
2000/56/0,0:53:0,,55.3,79.4,87.2,nan,nan
2000/53/0,0:53:0,,55.2,77.5,84.5,nan,nan
2000/51/0,0:53:0,,51.8,77.6,86.9,nan,nan
2000/55/0,0:53:0,,54.4,79.8,90.8,nan,nan
2000/51/0,0:53:0,,52.6,77.4,85.1,nan,nan
2000/61/0,0:53:0,,58.4,81.0,90.7,nan,nan
2000/50/0,0:53:0,,59.1,83.8,96.6,nan,nan
2000/54/0,0:53:0,,54.5,78.9,87.8,nan,nan
2000/53/0,0:53:0,,54.8,80.8,86.3,nan,nan
2000/58/0,0:53:0,,57.0,86.1,93.1,nan,nan
2000/63/0,0:53:0,,58.4,85.5,91.4,nan,nan
2000/51/0,0:53:0,,58.7,87.0,93.5,nan,nan
2000/50/0,0:53:0,,51.6,77.0,84.8,nan,nan
2000/51/0,0:53:0,,52.9,75.3,84.7,nan,nan
2000/53/0,0:53:0,,51.5,76.0,89.5,nan,nan
2000/53/0,0:53:0,,52.4,77.6,85.3,nan,nan
2000/54/0,0:53:0,,53.3,79.9,86.9,nan,nan
2000/53/0,0:53:0,,49.7,76.7,85.1,nan,nan
2000/55/0,0:53:0,,51.4,75.6,81.8,nan,nan
2000/53/0,0:53:0,,49.6,70.3,77.8,nan,nan
2000/54/0,0:53:0,,50.0,75.7,83.7,nan,nan
2000/54/0,0:53:0,,52.6,78.6,85.5,nan,nan
2000/55/0,0:53:0,,56.0,79.8,89.9,nan,nan
2000/55/0,0:53:0,,51.2,74.9,84.0,nan,nan
2000/51/0,0:53:0,,50.4,73.1,81.0,nan,nan
2000/54/0,0:53:0,,51.0,77.8,82.9,nan,nan
2000/54/0,0:53:0,,51.8,76.1,84.8,nan,nan
2000/50/0,0:53:0,,50.7,74.6,83.9,nan,nan
2000/50/0,0:53:0,,48.3,69.0,79.7,nan,nan
2000/52/0,0:53:0,,49.6,72.3,81.3,nan,nan
2000/53/0,0:53:0,,50.6,76.3,83.7,nan,nan
2000/52/0,0:53:0,,49.3,76.0,82.6,nan,nan
2000/51/0,0:53:0,,51.4,76.3,84.3,nan,nan
2000/52/0,0:53:0,,50.0,75.8,82.7,nan,nan
2000/54/0,0:53:0,,50.8,72.5,79.8,nan,nan
2000/50/0,0:53:0,,49.1,72.0,81.5,nan,nan
2000/49/0,0:53:0,,49.3,74.5,85.2,nan,nan
2000/50/0,0:53:0,,47.1,71.1,82.9,nan,nan
2000/53/0,0:53:0,,49.6,72.8,80.6,nan,nan
2000/50/0,0:53:0,,48.8,69.4,78.2,nan,nan
2000/52/0,0:53:0,,48.8,70.2,77.7,nan,nan
2000/52/0,0:53:0,,49.5,72.2,81.2,nan,nan
2000/49/0,0:53:0,,49.6,70.0,83.1,nan,nan
2000/49/0,0:53:0,,46.9,70.7,81.6,nan,nan
2000/54/0,0:53:0,,50.2,73.6,81.8,nan,nan
2000/53/0,0:53:0,,50.1,75.1,82.2,nan,nan
2000/47/0,0:53:0,,48.9,71.7,83.0,nan,nan
2000/43/0,0:53:0,,45.2,72.1,81.7,nan,nan
2000/49/0,0:53:0,,47.1,71.1,80.2,nan,nan
2000/52/0,0:53:0,,49.9,72.2,81.4,nan,nan
2000/97/0,0:53:0,,66.8,100.7,112.6,nan,nan
2002/74/1,0:53:0,,176.3,330.8,408.2,nan,nan
2003/93/1,0:53:0,,267.2,557.2,702.8,nan,nan
2003/117/1,0:53:0,,278.5,572.8,698.3,nan,nan
2003/119/1,0:53:0,,290.7,636.0,788.7,nan,nan
2004/145/1,0:53:0,,300.9,709.8,887.2,nan,nan
2004/136/1,0:53:0,,314.5,818.7,1041.7,nan,nan
2004/136/1,0:53:0,,311.6,840.9,1092.2,nan,nan
2005/143/1,0:53:0,,316.3,861.4,1140.1,nan,nan
2005/143/1,0:53:0,,318.4,895.0,1158.1,nan,nan
2005/149/1,0:53:0,,323.0,904.9,1163.7,nan,nan
2005/147/1,0:53:0,,323.0,910.6,1178.1,nan,nan
2005/144/1,0:53:0,,322.5,950.7,1227.7,nan,nan
2006/138/1,0:53:0,,318.8,999.1,1333.4,nan,nan
2006/127/1,0:53:0,,309.2,1049.9,1417.9,nan,nan
2006/130/1,0:53:0,,304.7,1074.8,1470.0,nan,nan
2006/124/1,0:53:0,,301.9,1077.7,1513.8,nan,nan
2006/128/1,0:53:0,,300.7,1084.7,1515.9,nan,nan
2006/129/1,0:53:0,,301.4,1129.7,1576.1,nan,nan
2007/119/1,0:53:0,,297.0,1186.8,1662.6,nan,nan
2007/113/1,0:53:0,,294.2,1230.8,1746.1,nan,nan
2007/109/1,0:53:0,,286.2,1243.8,1780.3,nan,nan
2007/106/1,0:53:0,,280.6,1260.8,1788.1,nan,nan
2007/103/1,0:53:0,,278.4,1265.8,1828.7,nan,nan
2007/110/1,0:53:0,,284.2,1270.5,1895.6,nan,nan
2007/102/1,0:53:0,,282.3,1272.3,1899.6,nan,nan
2007/103/1,0:53:0,,278.6,1284.8,1904.4,nan,nan
2007/108/1,0:53:0,,278.0,1278.9,1892.4,nan,nan
2007/110/1,0:53:0,,283.0,1257.7,1828.4,nan,nan
2007/111/1,0:53:0,,284.3,1241.3,1764.1,nan,nan
2007/106/1,0:53:0,,282.4,1252.6,1764.8,nan,nan
2007/106/1,0:53:0,,282.0,1257.5,1766.2,nan,nan
2007/115/1,0:53:0,,283.8,1248.3,1739.4,nan,nan
2007/114/1,0:53:0,,288.0,1226.7,1695.6,nan,nan
2006/112/1,0:53:0,,290.8,1193.0,1666.4,nan,nan
2006/113/1,0:53:0,,288.6,1183.5,1684.0,nan,nan
2006/117/1,0:53:0,,287.7,1180.5,1681.8,nan,nan
2006/123/1,0:53:0,,293.5,1158.7,1629.6,nan,nan
2006/127/1,0:53:0,,298.1,1131.2,1564.8,nan,nan
2006/125/1,0:53:0,,303.2,1113.9,1510.2,nan,nan
2006/128/1,0:53:0,,303.4,1108.5,1516.5,nan,nan
2006/135/1,0:53:0,,306.2,1100.3,1496.3,nan,nan
2006/129/1,0:53:0,,309.3,1071.4,1460.9,nan,nan
2006/134/1,0:53:0,,309.4,1065.0,1415.6,nan,nan
2005/136/1,0:53:0,,308.9,1021.8,1375.8,nan,nan
2005/131/1,0:53:0,,312.7,996.6,1374.3,nan,nan
2005/133/1,0:53:0,,309.3,991.1,1323.6,nan,nan
2005/137/1,0:53:0,,308.8,982.7,1284.7,nan,nan
2005/143/1,0:53:0,,316.3,958.0,1261.5,nan,nan
2005/142/1,0:53:0,,318.4,918.7,1210.9,nan,nan
2005/139/1,0:53:0,,314.8,899.4,1171.1,nan,nan
2005/136/1,0:53:0,,315.9,887.3,1161.7,nan,nan
2005/133/1,0:53:0,,310.5,868.0,1125.2,nan,nan
2004/137/1,0:53:0,,310.1,844.6,1079.2,nan,nan
2004/138/1,0:53:0,,314.4,814.1,1018.9,nan,nan
2004/137/1,0:53:0,,313.9,799.6,979.5,nan,nan
2004/132/1,0:53:0,,310.9,795.3,995.2,nan,nan
2004/131/1,0:53:0,,307.8,777.9,984.4,nan,nan
2004/130/1,0:53:0,,303.3,746.1,949.7,nan,nan
2004/125/1,0:53:0,,299.7,718.4,909.9,nan,nan
2003/113/1,0:53:0,,295.0,697.0,869.5,nan,nan
2003/116/1,0:53:0,,290.7,666.5,826.3,nan,nan
2003/115/1,0:53:0,,289.5,640.0,787.0,nan,nan
2003/110/1,0:53:0,,288.7,622.4,773.1,nan,nan
2003/104/1,0:53:0,,280.6,604.1,761.5,nan,nan
2003/93/1,0:53:0,,269.9,579.9,719.0,nan,nan
2003/91/1,0:53:0,,265.3,563.0,681.3,nan,nan
2003/86/1,0:53:0,,261.8,543.2,647.5,nan,nan
2003/85/1,0:53:0,,259.2,527.4,629.6,nan,nan
2002/74/1,0:53:0,,250.6,505.4,604.5,nan,nan
2002/71/1,0:53:0,,243.8,484.5,572.3,nan,nan
2002/66/1,0:53:0,,239.6,469.1,550.7,nan,nan
2002/60/1,0:53:0,,235.4,448.2,524.8,nan,nan
2002/51/1,0:53:0,,225.1,422.3,492.2,nan,nan
2002/37/1,0:53:0,,213.9,401.5,473.1,nan,nan
2002/34/1,0:53:0,,207.7,388.4,457.8,nan,nan
2002/32/1,0:53:0,,199.4,367.5,433.3,nan,nan
2001/15/1,0:53:0,,189.9,334.6,403.8,nan,nan
2001/7/1,0:53:0,,177.4,323.7,388.2,nan,nan
2001/1/1,0:53:0,,173.7,322.0,378.9,nan,nan
2001/163/0,0:53:0,,170.0,305.3,355.9,nan,nan
2001/150/0,0:53:0,,161.9,291.1,337.0,nan,nan
2001/144/0,0:53:0,,153.9,273.2,315.5,nan,nan
2001/139/0,0:53:0,,148.2,254.3,297.0,nan,nan
2001/132/0,0:53:0,,140.6,237.3,279.4,nan,nan
2001/126/0,0:53:0,,131.5,224.5,261.1,nan,nan
2001/120/0,0:53:0,,125.8,218.5,255.5,nan,nan
2001/114/0,0:53:0,,118.9,205.0,240.5,nan,nan
2001/107/0,0:53:0,,112.7,189.8,216.2,nan,nan
2001/101/0,0:53:0,,106.0,178.5,201.6,nan,nan
2000/95/0,0:53:0,,100.6,172.7,204.1,nan,nan
2000/95/0,0:53:0,,95.8,160.4,187.5,nan,nan
2000/93/0,0:53:0,,94.4,151.7,177.0,nan,nan
2000/83/0,0:53:0,,86.2,143.3,168.1,nan,nan
2000/82/0,0:53:0,,84.0,141.1,167.7,nan,nan
2000/74/0,0:53:0,,79.5,133.4,156.3,nan,nan
2000/73/0,0:53:0,,76.9,128.3,145.2,nan,nan
2000/63/0,0:53:0,,70.6,118.4,134.9,nan,nan
2000/62/0,0:53:0,,66.1,107.6,126.5,nan,nan
2000/53/0,0:53:0,,59.6,97.2,111.5,nan,nan
2000/55/0,0:53:0,,55.7,97.3,111.7,nan,nan
2000/59/0,0:53:0,,56.9,94.7,108.6,nan,nan
2000/59/0,0:53:0,,58.8,95.5,110.1,nan,nan
2000/53/0,0:53:0,,54.7,94.8,108.2,nan,nan
2000/53/0,0:53:0,,54.0,91.4,103.9,nan,nan
2000/50/0,0:53:0,,54.2,89.6,103.5,nan,nan
2000/55/0,0:53:0,,53.6,89.1,101.9,nan,nan
2000/56/0,0:53:0,,55.7,91.4,105.6,nan,nan
2000/53/0,0:53:0,,56.4,92.8,107.6,nan,nan
2000/51/0,0:53:0,,52.9,87.4,104.6,nan,nan
2000/56/0,0:53:0,,56.8,93.2,106.8,nan,nan
2000/53/0,0:53:0,,54.8,91.5,103.9,nan,nan
2000/54/0,0:53:0,,56.4,93.6,107.4,nan,nan
2000/51/0,0:53:0,,53.2,92.0,104.1,nan,nan
2000/56/0,0:53:0,,54.0,89.3,101.9,nan,nan
2000/54/0,0:53:0,,54.6,92.7,104.7,nan,nan
2000/55/0,0:53:0,,54.9,91.5,105.0,nan,nan
2000/51/0,0:53:0,,53.8,88.0,100.2,nan,nan
2000/56/0,0:53:0,,54.5,86.8,96.0,nan,nan
2000/52/0,0:53:0,,54.8,85.1,92.6,nan,nan
2000/57/0,0:53:0,,55.5,93.2,100.5,nan,nan
2000/58/0,0:53:0,,57.1,92.5,101.7,nan,nan
2000/55/0,0:53:0,,55.9,87.9,97.2,nan,nan
2000/53/0,0:53:0,,55.5,89.8,98.9,nan,nan
2000/55/0,0:53:0,,54.8,89.9,100.0,nan,nan
2000/72/0,0:53:0,,64.8,100.0,111.6,nan,nan
2000/70/0,0:53:0,,71.2,110.0,121.0,nan,nan
2000/68/0,0:53:0,,70.8,103.9,112.8,nan,nan
2000/71/0,0:53:0,,69.6,107.3,116.3,nan,nan
2000/71/0,0:53:0,,70.3,111.0,121.5,nan,nan
2000/70/0,0:53:0,,72.5,109.6,118.7,nan,nan
2000/68/0,0:53:0,,72.4,110.6,117.4,nan,nan
2000/71/0,0:53:0,,68.9,106.3,116.8,nan,nan
2000/70/0,0:53:0,,70.6,108.6,121.5,nan,nan
2000/70/0,0:53:0,,72.0,110.7,120.1,nan,nan
2000/72/0,0:53:0,,74.6,108.5,115.8,nan,nan
2000/72/0,0:53:0,,69.8,108.0,116.6,nan,nan
2000/75/0,0:53:0,,71.0,104.8,111.7,nan,nan
2000/70/0,0:53:0,,70.3,101.7,109.9,nan,nan
2000/71/0,0:53:0,,69.5,105.1,116.5,nan,nan
2000/75/0,0:53:0,,71.0,106.4,122.4,nan,nan
2000/75/0,0:53:0,,73.5,111.1,123.8,nan,nan
2000/73/0,0:53:0,,71.0,106.5,114.2,nan,nan
2000/71/0,0:53:0,,71.8,105.7,115.2,nan,nan
2000/65/0,0:53:0,,67.4,105.3,119.5,nan,nan
2000/74/0,0:53:0,,68.4,101.9,113.1,nan,nan
2000/67/0,0:53:0,,70.2,102.3,110.5,nan,nan
2000/67/0,0:53:0,,66.5,100.1,108.8,nan,nan
2000/63/0,0:53:0,,65.6,100.4,109.5,nan,nan
2000/65/0,0:53:0,,65.3,96.6,107.3,nan,nan
2000/67/0,0:53:0,,69.0,98.6,106.3,nan,nan
2000/64/0,0:53:0,,67.5,99.8,106.3,nan,nan
2000/65/0,0:53:0,,63.3,97.7,107.0,nan,nan
2000/67/0,0:53:0,,64.6,96.7,107.5,nan,nan
2000/67/0,0:53:0,,68.5,106.2,114.1,nan,nan
2000/69/0,0:53:0,,68.8,103.6,112.4,nan,nan
2000/66/0,0:53:0,,66.7,95.6,103.7,nan,nan
2000/66/0,0:53:0,,67.2,101.8,108.1,nan,nan
2000/65/0,0:53:0,,65.6,102.2,112.4,nan,nan
2000/65/0,0:53:0,,66.2,101.8,110.6,nan,nan
2000/66/0,0:53:0,,66.0,98.3,107.6,nan,nan
2000/66/0,0:53:0,,68.8,100.3,109.1,nan,nan
2000/63/0,0:53:0,,65.6,101.4,109.9,nan,nan
2000/60/0,0:53:0,,64.0,98.2,105.5,nan,nan
2000/65/0,0:53:0,,66.3,99.3,108.8,nan,nan
2000/67/0,0:53:0,,65.4,97.9,108.6,nan,nan
2000/66/0,0:53:0,,68.0,102.1,114.9,nan,nan
2000/69/0,0:53:0,,67.8,101.0,109.9,nan,nan
2000/66/0,0:53:0,,69.7,100.6,109.5,nan,nan
2000/61/0,0:53:0,,65.8,99.9,111.6,nan,nan
2000/70/0,0:53:0,,67.7,97.7,110.4,nan,nan
2000/67/0,0:53:0,,68.6,97.1,107.9,nan,nan
2000/64/0,0:53:0,,66.8,94.6,105.5,nan,nan
2000/66/0,0:53:0,,66.4,95.3,102.6,nan,nan
2000/70/0,0:53:0,,69.4,100.5,113.9,nan,nan
2000/65/0,0:53:0,,68.0,100.8,106.0,nan,nan
2000/65/0,0:53:0,,66.0,98.9,102.6,nan,nan
2000/62/0,0:53:0,,65.8,98.5,104.1,nan,nan
2000/61/0,0:53:0,,63.2,97.7,106.0,nan,nan
2000/70/0,0:53:0,,68.2,102.3,117.0,nan,nan
2000/63/0,0:53:0,,65.7,98.2,108.0,nan,nan
2000/73/0,0:53:0,,70.3,104.5,112.1,nan,nan
2000/64/0,0:53:0,,70.0,99.6,104.4,nan,nan
2000/63/0,0:53:0,,65.7,94.8,101.0,nan,nan
2000/65/0,0:53:0,,63.6,93.6,99.8,nan,nan
2000/62/0,0:53:0,,64.9,97.2,105.4,nan,nan
2000/64/0,0:53:0,,65.0,100.9,109.9,nan,nan
2000/67/0,0:53:0,,68.0,104.7,115.8,nan,nan
2000/62/0,0:53:0,,67.2,103.2,111.4,nan,nan
2000/61/0,0:53:0,,64.2,97.4,102.0,nan,nan
2000/62/0,0:53:0,,63.1,93.7,98.5,nan,nan
2000/71/0,0:53:0,,68.3,96.0,101.3,nan,nan
2000/68/0,0:53:0,,70.4,101.4,110.4,nan,nan
2000/73/0,0:53:0,,71.5,106.9,114.3,nan,nan
2000/63/0,0:53:0,,68.1,101.7,110.4,nan,nan
2000/64/0,0:53:0,,65.6,96.6,106.9,nan,nan
2000/65/0,0:53:0,,65.4,94.8,104.6,nan,nan
2000/67/0,0:53:0,,67.7,99.0,108.1,nan,nan
2000/64/0,0:53:0,,68.8,101.1,109.8,nan,nan
2000/61/0,0:53:0,,64.8,97.5,105.6,nan,nan
2000/61/0,0:53:0,,64.3,94.4,102.0,nan,nan
2000/64/0,0:53:0,,61.6,93.2,101.8,nan,nan
2000/65/0,0:53:0,,63.8,95.3,102.9,nan,nan
2000/68/0,0:53:0,,67.6,100.1,106.4,nan,nan
2000/60/0,0:53:0,,65.9,97.3,107.0,nan,nan
2000/64/0,0:53:0,,62.7,93.2,102.4,nan,nan
2000/63/0,0:53:0,,64.1,95.1,106.7,nan,nan
2000/63/0,0:53:0,,64.4,95.5,103.5,nan,nan
2000/65/0,0:53:0,,65.1,96.9,109.5,nan,nan
2000/66/0,0:53:0,,63.4,97.8,105.3,nan,nan
2000/62/0,0:53:0,,65.5,97.7,108.0,nan,nan
2000/64/0,0:53:0,,62.0,90.0,101.2,nan,nan
2000/62/0,0:53:0,,59.7,86.3,97.9,nan,nan
2000/63/0,0:53:0,,64.0,95.8,107.0,nan,nan
2000/66/0,0:53:0,,67.0,97.5,110.0,nan,nan
2000/63/0,0:53:0,,66.1,100.2,109.9,nan,nan
2000/63/0,0:53:0,,62.9,95.1,103.7,nan,nan
2000/63/0,0:53:0,,62.8,95.5,103.7,nan,nan
2000/64/0,0:53:0,,64.5,95.3,101.0,nan,nan
2000/66/0,0:53:0,,63.4,96.1,105.4,nan,nan
2000/62/0,0:53:0,,65.7,98.2,104.5,nan,nan
2000/65/0,0:53:0,,63.2,96.9,100.5,nan,nan
2000/65/0,0:53:0,,69.1,103.1,109.4,nan,nan
2000/60/0,0:53:0,,64.9,102.3,109.6,nan,nan
2000/65/0,0:53:0,,64.0,98.6,105.7,nan,nan
2000/63/0,0:53:0,,61.5,92.5,98.3,nan,nan
2000/62/0,0:53:0,,60.4,92.7,102.5,nan,nan
2000/64/0,0:53:0,,63.5,96.0,104.1,nan,nan
2000/64/0,0:53:0,,64.7,100.8,110.4,nan,nan
2000/75/0,0:53:0,,68.7,102.0,116.7,nan,nan
2000/67/0,0:53:0,,70.6,106.3,117.3,nan,nan
2000/72/0,0:53:0,,68.5,100.2,109.7,nan,nan
2000/72/0,0:53:0,,73.5,104.3,112.2,nan,nan
2000/75/0,0:53:0,,76.5,110.0,118.2,nan,nan
2000/71/0,0:53:0,,72.2,108.7,119.8,nan,nan
2000/69/0,0:53:0,,70.6,106.4,118.6,nan,nan
2000/75/0,0:53:0,,71.4,102.8,117.6,nan,nan
2000/74/0,0:53:0,,72.3,107.9,127.4,nan,nan
2000/81/0,0:53:0,,79.4,120.4,133.3,nan,nan
2000/81/0,0:53:0,,83.9,128.0,140.2,nan,nan
2000/78/0,0:53:0,,78.8,119.9,130.7,nan,nan
2000/79/0,0:53:0,,79.3,122.7,134.8,nan,nan
2000/84/0,0:53:0,,83.6,128.3,147.9,nan,nan
2000/80/0,0:53:0,,83.4,126.9,140.8,nan,nan
2000/85/0,0:53:0,,82.8,125.3,142.6,nan,nan
2000/84/0,0:53:0,,85.6,129.7,145.8,nan,nan
2000/82/0,0:53:0,,84.9,130.6,140.6,nan,nan
2000/81/0,0:53:0,,84.8,132.7,141.3,nan,nan
2000/86/0,0:53:0,,87.8,131.4,149.0,nan,nan
2000/86/0,0:53:0,,87.6,134.4,151.6,nan,nan
2000/83/0,0:53:0,,86.6,131.2,148.0,nan,nan
2000/92/0,0:53:0,,87.5,133.1,145.0,nan,nan
2000/88/0,0:53:0,,92.3,145.6,161.6,nan,nan
2000/81/0,0:53:0,,86.7,140.5,155.2,nan,nan
2000/86/0,0:53:0,,86.3,139.3,151.6,nan,nan
2000/93/0,0:53:0,,94.7,148.1,167.8,nan,nan
2000/95/0,0:53:0,,96.6,144.5,161.7,nan,nan
2000/90/0,0:53:0,,94.1,143.5,161.0,nan,nan
2000/92/0,0:53:0,,93.3,140.2,163.2,nan,nan
2000/90/0,0:53:0,,94.6,147.2,163.9,nan,nan
2000/95/0,0:53:0,,95.5,145.4,160.6,nan,nan
2000/101/0,0:53:0,,101.1,150.1,171.6,nan,nan
2000/101/0,0:53:0,,103.6,157.4,174.1,nan,nan
2000/101/0,0:53:0,,104.2,159.9,175.6,nan,nan
2000/101/0,0:53:0,,104.4,160.3,174.6,nan,nan
2000/104/0,0:53:0,,105.5,160.8,180.4,nan,nan
2000/94/0,0:53:0,,101.2,155.3,175.2,nan,nan
2000/100/0,0:53:0,,100.5,151.3,167.9,nan,nan
2000/104/0,0:53:0,,105.5,156.0,171.6,nan,nan
2000/113/0,0:53:0,,111.9,166.4,184.5,nan,nan
2000/99/0,0:53:0,,107.2,158.7,176.7,nan,nan
2000/98/0,0:53:0,,99.5,151.8,162.5,nan,nan
2000/98/0,0:53:0,,100.4,153.3,169.5,nan,nan
2000/101/0,0:53:0,,102.4,155.9,173.6,nan,nan
2000/101/0,0:53:0,,106.6,161.1,174.9,nan,nan
2000/103/0,0:53:0,,107.2,158.3,175.6,nan,nan
2000/104/0,0:53:0,,105.6,156.8,178.9,nan,nan
2000/102/0,0:53:0,,102.5,153.1,173.9,nan,nan
2001/108/0,0:53:0,,107.0,165.0,181.1,nan,nan
2001/113/0,0:53:0,,113.8,173.8,185.1,nan,nan
2001/112/0,0:53:0,,114.8,174.9,191.3,nan,nan
2001/112/0,0:53:0,,112.0,170.3,194.4,nan,nan
2001/112/0,0:53:0,,116.4,171.3,196.7,nan,nan
2001/119/0,0:53:0,,119.2,175.8,197.3,nan,nan
2001/117/0,0:53:0,,122.6,179.8,198.3,nan,nan
2001/122/0,0:53:0,,121.3,175.6,193.6,nan,nan
2001/119/0,0:53:0,,123.8,180.7,197.1,nan,nan
2001/117/0,0:53:0,,122.1,180.8,200.6,nan,nan
2001/119/0,0:53:0,,121.6,175.9,198.4,nan,nan
2001/121/0,0:53:0,,123.4,179.7,196.1,nan,nan
2001/120/0,0:53:0,,124.6,189.0,208.1,nan,nan
2001/123/0,0:53:0,,126.4,196.4,214.8,nan,nan
2001/126/0,0:53:0,,127.9,195.3,215.1,nan,nan
2001/125/0,0:53:0,,130.7,195.7,215.0,nan,nan
2001/127/0,0:53:0,,131.5,193.8,208.7,nan,nan
2001/125/0,0:53:0,,130.6,193.7,214.5,nan,nan
2001/131/0,0:53:0,,131.6,199.7,222.5,nan,nan
2001/132/0,0:53:0,,135.3,201.9,227.2,nan,nan
2001/122/0,0:53:0,,130.7,197.6,216.0,nan,nan
2001/122/0,0:53:0,,129.1,196.9,213.6,nan,nan
2001/120/0,0:53:0,,128.2,189.5,202.1,nan,nan
2001/120/0,0:53:0,,127.6,186.3,203.4,nan,nan
2001/124/0,0:53:0,,125.6,190.5,212.4,nan,nan
2001/120/0,0:53:0,,126.9,190.8,210.4,nan,nan
2001/124/0,0:53:0,,128.0,192.4,213.0,nan,nan
2001/129/0,0:53:0,,131.2,192.4,222.9,nan,nan
2001/133/0,0:53:0,,133.7,192.7,218.9,nan,nan
2001/128/0,0:53:0,,133.5,194.7,216.4,nan,nan
2001/136/0,0:53:0,,134.9,197.2,220.4,nan,nan
2001/126/0,0:53:0,,136.4,200.1,221.6,nan,nan
2001/130/0,0:53:0,,134.1,195.1,212.2,nan,nan
2001/133/0,0:53:0,,135.3,200.9,223.5,nan,nan
2001/134/0,0:53:0,,135.6,200.9,229.6,nan,nan
2001/130/0,0:53:0,,139.2,204.9,227.5,nan,nan
