2000/1/1,0:0:0,,165.7,255.2,298.2,nan,nan
2000/1/1,0:0:0,,190.8,296.0,324.6,nan,nan
2000/1/1,0:0:0,,175.7,274.9,309.2,nan,nan
2000/1/1,0:0:0,,166.8,275.1,309.3,nan,nan
2000/1/1,0:0:0,,163.5,283.4,324.8,nan,nan
2000/1/1,0:0:0,,162.5,283.3,327.0,nan,nan
2000/1/1,0:0:0,,161.1,276.0,327.3,nan,nan
2023/2/26,19:15:51,,173.2,283.4,321.7,nan,nan
2023/2/26,19:15:58,,158.1,259.2,294.8,nan,nan
2023/2/26,19:16:4,,143.8,240.2,274.7,nan,nan
2023/2/26,19:16:11,,138.8,230.2,272.3,nan,nan
2000/1/1,0:0:0,,150.7,244.1,278.1,nan,nan
2000/1/1,0:0:0,,164.7,257.9,293.7,nan,nan
2000/1/1,0:0:0,,172.4,272.2,310.5,nan,nan
2000/1/1,0:0:0,,176.4,279.4,314.1,nan,nan
2000/1/1,0:0:0,,179.7,286.0,329.5,nan,nan
2000/1/1,0:0:0,,180.3,286.7,328.3,nan,nan
2000/1/1,0:0:0,,179.9,282.3,320.5,nan,nan
2000/1/1,0:0:0,,181.0,280.0,310.6,nan,nan
2000/1/1,0:0:0,,181.4,280.5,309.2,nan,nan
2000/1/1,0:0:0,,180.0,277.4,306.7,nan,nan
2000/1/1,0:0:0,,175.8,270.7,308.2,nan,nan
2000/1/1,0:0:0,,175.4,272.8,311.5,nan,nan
2000/1/1,0:0:0,,176.6,272.3,301.2,nan,nan
2000/1/1,0:0:0,,175.8,271.3,305.3,nan,nan
2000/1/1,0:0:0,,176.2,277.4,312.2,nan,nan
2000/1/1,0:0:0,,173.9,277.4,310.1,nan,nan
2000/1/1,0:0:0,,173.7,274.0,300.8,nan,nan
2000/1/1,0:0:0,,171.9,268.2,289.6,nan,nan
2000/1/1,0:0:0,,169.1,262.5,281.4,nan,nan
2000/1/1,0:0:0,,168.0,259.7,282.1,nan,nan
2000/1/1,0:0:0,,165.6,257.5,285.2,nan,nan
2000/1/1,0:0:0,,166.9,259.0,290.8,nan,nan
2000/1/1,0:0:0,,169.9,261.9,295.1,nan,nan
2000/1/1,0:0:0,,172.2,262.0,297.7,nan,nan
2000/1/1,0:0:0,,159.4,250.8,284.4,nan,nan
2000/1/1,0:0:0,,157.5,251.2,282.6,nan,nan
2000/1/1,0:0:0,,159.8,252.4,284.8,nan,nan
2000/1/1,0:0:0,,163.1,255.8,287.4,nan,nan
2000/1/1,0:0:0,,164.9,254.0,281.5,nan,nan
2000/1/1,0:0:0,,164.0,249.6,274.8,nan,nan
2000/1/1,0:0:0,,162.9,247.3,273.3,nan,nan
2000/1/1,0:0:0,,163.3,247.4,275.1,nan,nan
2000/1/1,0:0:0,,160.9,244.9,276.6,nan,nan
2000/1/1,0:0:0,,158.5,243.9,280.2,nan,nan
2000/1/1,0:0:0,,157.0,249.2,288.1,nan,nan
2000/1/1,0:0:0,,161.7,255.0,293.6,nan,nan
2000/1/1,0:0:0,,156.8,245.2,280.9,nan,nan
2000/1/1,0:0:0,,156.1,239.4,265.9,nan,nan
2000/1/1,0:0:0,,156.8,240.8,264.0,nan,nan
2000/1/1,0:0:0,,157.0,240.2,263.0,nan,nan
2000/1/1,0:0:0,,153.8,238.9,262.2,nan,nan
2000/1/1,0:0:0,,149.3,239.2,265.0,nan,nan
2000/1/1,0:0:0,,154.2,246.0,274.9,nan,nan
2000/1/1,0:0:0,,157.6,248.1,274.6,nan,nan
2000/1/1,0:0:0,,153.7,238.6,267.7,nan,nan
2000/1/1,0:0:0,,147.7,233.7,262.5,nan,nan
2000/1/1,0:0:0,,149.6,234.5,259.6,nan,nan
2000/1/1,0:0:0,,151.2,233.1,261.3,nan,nan
2000/1/1,0:0:0,,152.4,234.4,268.2,nan,nan
2000/1/1,0:0:0,,152.5,237.1,266.7,nan,nan
2000/1/1,0:0:0,,152.7,237.4,260.8,nan,nan
2000/1/1,0:0:0,,152.8,236.9,261.2,nan,nan
2000/1/1,0:0:0,,147.8,227.1,249.0,nan,nan
2000/1/1,0:0:0,,142.2,217.8,242.7,nan,nan
2000/1/1,0:0:0,,138.4,215.0,239.8,nan,nan
2000/1/1,0:0:0,,135.8,214.6,243.8,nan,nan
2000/1/1,0:0:0,,129.5,200.8,229.6,nan,nan
2000/1/1,0:0:0,,136.2,210.6,230.1,nan,nan
2000/1/1,0:0:0,,140.6,218.1,236.3,nan,nan
2000/1/1,0:0:0,,140.0,223.2,243.4,nan,nan
2000/1/1,0:0:0,,138.9,220.2,242.5,nan,nan
2000/1/1,0:0:0,,139.2,216.8,241.8,nan,nan
2000/1/1,0:0:0,,142.0,213.5,240.2,nan,nan
2000/1/1,0:0:0,,145.0,216.0,242.9,nan,nan
2000/1/1,0:0:0,,145.4,221.6,245.8,nan,nan
2000/1/1,0:0:0,,145.6,226.3,248.8,nan,nan
2000/1/1,0:0:0,,144.2,224.5,243.5,nan,nan
2000/1/1,0:0:0,,142.8,222.9,242.5,nan,nan
2000/1/1,0:0:0,,143.0,223.9,245.6,nan,nan
2000/1/1,0:0:0,,144.3,225.2,249.2,nan,nan
2000/1/1,0:0:0,,144.1,222.6,247.4,nan,nan
2000/1/1,0:0:0,,144.3,219.4,245.6,nan,nan
2000/1/1,0:0:0,,144.4,217.8,242.1,nan,nan
2000/1/1,0:0:0,,142.6,216.7,235.4,nan,nan
2000/1/1,0:0:0,,142.7,215.5,232.3,nan,nan
2000/1/1,0:0:0,,141.5,216.9,238.6,nan,nan
2000/1/1,0:0:0,,139.6,217.4,240.3,nan,nan
2000/1/1,0:0:0,,137.6,211.9,238.8,nan,nan
2000/1/1,0:0:0,,135.0,201.4,229.8,nan,nan
2000/1/1,0:0:0,,133.0,200.2,227.5,nan,nan
2000/1/1,0:0:0,,134.1,206.5,232.6,nan,nan
2000/1/1,0:0:0,,135.5,216.8,247.9,nan,nan
2000/1/1,0:0:0,,134.1,210.3,245.7,nan,nan
2000/1/1,0:0:0,,133.5,203.6,233.0,nan,nan
2000/1/1,0:0:0,,135.2,201.1,225.9,nan,nan
2000/1/1,0:0:0,,135.9,205.1,228.9,nan,nan
2000/1/1,0:0:0,,132.2,204.3,226.4,nan,nan
2000/1/1,0:0:0,,131.0,199.5,219.3,nan,nan
2000/1/1,0:0:0,,130.7,197.3,219.7,nan,nan
2000/1/1,0:0:0,,128.8,195.3,217.7,nan,nan
2000/1/1,0:0:0,,130.1,200.0,220.4,nan,nan
2000/1/1,0:0:0,,132.2,203.8,217.5,nan,nan
2000/1/1,0:0:0,,132.5,199.8,210.9,nan,nan
2000/1/1,0:0:0,,132.4,200.4,214.9,nan,nan
2000/1/1,0:0:0,,133.5,201.9,216.2,nan,nan
2000/1/1,0:0:0,,133.5,203.9,218.7,nan,nan
2000/1/1,0:0:0,,131.5,198.8,213.8,nan,nan
2000/1/1,0:0:0,,130.5,195.8,211.3,nan,nan
2000/1/1,0:0:0,,127.1,190.8,204.2,nan,nan
2000/1/1,0:0:0,,124.4,188.7,205.9,nan,nan
2000/1/1,0:0:0,,122.9,186.9,203.7,nan,nan
2000/1/1,0:0:0,,122.4,188.5,203.3,nan,nan
2000/1/1,0:0:0,,121.4,187.4,209.1,nan,nan
2000/1/1,0:0:0,,123.6,191.7,213.6,nan,nan
2000/1/1,0:0:0,,122.3,191.6,214.1,nan,nan
2000/1/1,0:0:0,,120.8,184.9,207.6,nan,nan
2000/1/1,0:0:0,,121.1,180.5,204.8,nan,nan
2000/1/1,0:0:0,,121.4,180.3,207.9,nan,nan
2000/1/1,0:0:0,,121.5,180.3,203.5,nan,nan
2000/1/1,0:0:0,,121.0,180.4,198.4,nan,nan
2000/1/1,0:0:0,,120.2,184.2,205.1,nan,nan
2000/1/1,0:0:0,,122.3,188.9,216.1,nan,nan
2000/1/1,0:0:0,,121.9,184.3,212.0,nan,nan
2000/1/1,0:0:0,,119.2,177.8,201.2,nan,nan
2000/1/1,0:0:0,,115.7,173.1,191.9,nan,nan
2000/1/1,0:0:0,,111.9,173.8,185.8,nan,nan
2000/1/1,0:0:0,,113.4,171.7,183.4,nan,nan
2000/1/1,0:0:0,,117.6,179.9,199.6,nan,nan
2000/1/1,0:0:0,,119.3,179.8,201.4,nan,nan
2000/1/1,0:0:0,,121.4,181.2,203.7,nan,nan
2000/1/1,0:0:0,,121.0,182.6,204.3,nan,nan
2000/1/1,0:0:0,,118.5,180.9,198.0,nan,nan
2000/1/1,0:0:0,,120.2,181.3,201.4,nan,nan
2000/1/1,0:0:0,,118.7,176.7,201.6,nan,nan
2000/1/1,0:0:0,,118.2,175.2,197.7,nan,nan
2000/1/1,0:0:0,,115.0,173.4,191.7,nan,nan
2000/1/1,0:0:0,,116.0,174.0,186.6,nan,nan
2000/1/1,0:0:0,,117.1,178.1,186.2,nan,nan
2000/1/1,0:0:0,,112.8,174.0,186.4,nan,nan
2000/1/1,0:0:0,,112.2,171.0,188.1,nan,nan
2000/1/1,0:0:0,,110.0,168.7,186.3,nan,nan
2000/1/1,0:0:0,,111.9,172.2,183.0,nan,nan
2000/1/1,0:0:0,,113.6,173.6,188.2,nan,nan
2000/1/1,0:0:0,,113.0,172.9,188.2,nan,nan
2000/1/1,0:0:0,,114.9,173.4,190.9,nan,nan
2000/1/1,0:0:0,,114.1,169.6,191.2,nan,nan
2000/1/1,0:0:0,,112.4,164.9,186.7,nan,nan
2000/1/1,0:0:0,,109.6,158.7,179.3,nan,nan
2000/1/1,0:0:0,,108.0,160.4,178.2,nan,nan
2000/1/1,0:0:0,,105.8,159.9,179.0,nan,nan
2000/1/1,0:0:0,,108.6,162.1,182.3,nan,nan
2000/1/1,0:0:0,,110.8,164.5,183.3,nan,nan
2000/1/1,0:0:0,,109.7,164.0,181.3,nan,nan
2000/1/1,0:0:0,,106.3,162.8,182.1,nan,nan
2000/1/1,0:0:0,,105.9,161.4,177.7,nan,nan
2000/1/1,0:0:0,,106.7,161.3,174.0,nan,nan
2000/1/1,0:0:0,,108.7,161.6,173.2,nan,nan
2000/1/1,0:0:0,,108.8,162.3,172.6,nan,nan
2000/1/1,0:0:0,,107.1,159.4,172.0,nan,nan
2000/1/1,0:0:0,,103.6,158.4,174.8,nan,nan
2000/1/1,0:0:0,,103.0,154.1,172.1,nan,nan
2000/1/1,0:0:0,,104.8,154.9,173.0,nan,nan
2000/1/1,0:0:0,,104.8,154.6,169.2,nan,nan
2000/1/1,0:0:0,,104.5,157.1,170.6,nan,nan
2000/1/1,0:0:0,,103.8,156.4,171.5,nan,nan
2000/1/1,0:0:0,,102.4,155.7,167.9,nan,nan
2000/1/1,0:0:0,,101.5,152.1,164.5,nan,nan
2000/1/1,0:0:0,,103.0,153.9,164.1,nan,nan
2000/1/1,0:0:0,,102.6,153.6,165.6,nan,nan
2000/1/1,0:0:0,,104.5,156.1,172.5,nan,nan
2000/1/1,0:0:0,,103.3,156.1,175.1,nan,nan
2000/1/1,0:0:0,,102.5,154.4,167.0,nan,nan
2000/1/1,0:0:0,,103.0,155.7,166.6,nan,nan
2000/1/1,0:0:0,,103.0,154.9,167.4,nan,nan
2000/1/1,0:0:0,,103.3,155.0,168.0,nan,nan
2000/1/1,0:0:0,,102.3,154.4,169.8,nan,nan
2000/1/1,0:0:0,,99.8,153.8,171.0,nan,nan
2000/1/1,0:0:0,,99.1,152.0,169.6,nan,nan
2000/1/1,0:0:0,,98.9,150.0,164.9,nan,nan
2000/1/1,0:0:0,,96.8,141.3,152.7,nan,nan
2000/1/1,0:0:0,,97.1,144.5,158.7,nan,nan
2000/1/1,0:0:0,,95.3,145.9,154.7,nan,nan
2000/1/1,0:0:0,,94.1,144.5,155.6,nan,nan
2000/1/1,0:0:0,,94.3,142.3,155.2,nan,nan
2000/1/1,0:0:0,,93.2,136.5,151.8,nan,nan
2000/1/1,0:0:0,,92.4,136.0,155.1,nan,nan
2000/1/1,0:0:0,,92.7,143.6,157.5,nan,nan
2000/1/1,0:0:0,,93.6,143.0,154.9,nan,nan
2000/1/1,0:0:0,,92.1,138.6,152.8,nan,nan
2000/1/1,0:0:0,,92.7,137.4,151.1,nan,nan
2000/1/1,0:0:0,,91.7,134.9,147.9,nan,nan
2000/1/1,0:0:0,,91.7,135.6,148.6,nan,nan
2000/1/1,0:0:0,,91.4,138.4,152.8,nan,nan
2000/1/1,0:0:0,,91.8,140.7,154.3,nan,nan
2000/1/1,0:0:0,,92.6,143.1,157.3,nan,nan
2000/1/1,0:0:0,,93.4,142.6,157.5,nan,nan
2000/1/1,0:0:0,,94.0,141.4,153.7,nan,nan
2000/1/1,0:0:0,,94.0,142.6,153.2,nan,nan
2000/1/1,0:0:0,,93.4,141.6,151.5,nan,nan
2000/1/1,0:0:0,,92.3,137.7,147.3,nan,nan
2000/1/1,0:0:0,,90.9,136.4,148.4,nan,nan
2000/1/1,0:0:0,,87.6,134.3,142.8,nan,nan
2000/1/1,0:0:0,,91.1,136.1,144.0,nan,nan
2000/1/1,0:0:0,,90.8,133.2,145.1,nan,nan
2000/1/1,0:0:0,,93.3,137.3,152.0,nan,nan
2000/1/1,0:0:0,,91.5,136.9,151.4,nan,nan
2000/1/1,0:0:0,,90.0,134.4,147.9,nan,nan
2000/1/1,0:0:0,,89.5,131.7,143.8,nan,nan
2000/1/1,0:0:0,,90.1,137.4,151.8,nan,nan
2000/1/1,0:0:0,,91.5,140.5,150.6,nan,nan
2000/1/1,0:0:0,,92.9,138.8,149.1,nan,nan
2000/1/1,0:0:0,,94.1,135.9,146.5,nan,nan
2000/1/1,0:0:0,,91.8,131.9,141.0,nan,nan
2000/1/1,0:0:0,,88.5,134.7,146.1,nan,nan
2000/1/1,0:0:0,,86.4,136.7,147.0,nan,nan
2000/1/1,0:0:0,,86.9,135.9,146.2,nan,nan
2000/1/1,0:0:0,,90.7,136.0,147.5,nan,nan
2000/1/1,0:0:0,,89.3,136.4,147.4,nan,nan
2000/1/1,0:0:0,,87.1,132.8,143.5,nan,nan
2000/1/1,0:0:0,,85.1,132.4,146.1,nan,nan
2000/1/1,0:0:0,,83.5,131.9,145.9,nan,nan
2000/1/1,0:0:0,,82.9,130.0,144.2,nan,nan
2000/1/1,0:0:0,,83.9,127.2,139.4,nan,nan
2000/1/1,0:0:0,,84.5,125.0,137.0,nan,nan
2000/1/1,0:0:0,,85.1,128.7,134.6,nan,nan
2000/1/1,0:0:0,,85.4,129.4,135.2,nan,nan
2000/1/1,0:0:0,,87.9,131.1,136.5,nan,nan
2000/1/1,0:0:0,,86.3,129.2,136.5,nan,nan
2000/1/1,0:0:0,,84.3,132.1,147.2,nan,nan
2000/1/1,0:0:0,,87.0,131.9,148.2,nan,nan
2000/1/1,0:0:0,,87.6,129.3,145.5,nan,nan
2000/1/1,0:0:0,,86.4,123.9,138.4,nan,nan
2000/1/1,0:0:0,,83.5,118.2,131.4,nan,nan
2000/1/1,0:0:0,,81.7,122.8,134.9,nan,nan
2000/1/1,0:0:0,,83.8,127.7,144.2,nan,nan
2000/1/1,0:0:0,,82.4,124.5,145.5,nan,nan
2000/1/1,0:0:0,,81.1,121.6,141.4,nan,nan
2000/1/1,0:0:0,,79.2,120.9,131.4,nan,nan
2000/1/1,0:0:0,,82.9,123.8,133.1,nan,nan
2000/1/1,0:0:0,,84.6,123.7,133.9,nan,nan
2000/1/1,0:0:0,,83.8,124.4,139.2,nan,nan
2000/1/1,0:0:0,,79.9,121.1,131.0,nan,nan
2000/1/1,0:0:0,,80.8,117.1,125.4,nan,nan
2000/1/1,0:0:0,,81.3,117.7,130.6,nan,nan
2000/1/1,0:0:0,,80.3,127.0,138.5,nan,nan
2000/1/1,0:0:0,,79.4,124.7,133.6,nan,nan
2000/1/1,0:0:0,,79.7,120.3,128.2,nan,nan
2000/1/1,0:0:0,,79.8,117.3,127.8,nan,nan
2000/1/1,0:0:0,,78.6,121.3,130.5,nan,nan
2000/1/1,0:0:0,,78.4,120.7,131.2,nan,nan
2000/1/1,0:0:0,,77.0,120.1,128.4,nan,nan
2000/1/1,0:0:0,,74.7,118.9,124.7,nan,nan
2000/1/1,0:0:0,,75.3,118.2,126.0,nan,nan
2000/1/1,0:0:0,,77.6,117.8,128.7,nan,nan
2000/1/1,0:0:0,,78.3,118.4,126.3,nan,nan
2000/1/1,0:0:0,,75.5,114.3,124.7,nan,nan
2000/1/1,0:0:0,,77.6,117.0,127.6,nan,nan
2000/1/1,0:0:0,,78.5,120.9,128.9,nan,nan
2000/1/1,0:0:0,,78.6,116.8,126.8,nan,nan
2000/1/1,0:0:0,,77.9,114.4,124.9,nan,nan
2000/1/1,0:0:0,,79.4,120.0,128.8,nan,nan
2000/1/1,0:0:0,,78.3,119.4,129.4,nan,nan
2000/1/1,0:0:0,,75.9,112.3,121.6,nan,nan
2000/1/1,0:0:0,,77.9,112.4,120.8,nan,nan
2000/1/1,0:0:0,,77.9,114.4,122.6,nan,nan
2000/1/1,0:0:0,,78.1,114.0,123.4,nan,nan
2000/1/1,0:0:0,,77.3,112.6,122.9,nan,nan
2000/1/1,0:0:0,,77.5,112.5,122.9,nan,nan
2000/1/1,0:0:0,,75.0,112.0,122.2,nan,nan
2000/1/1,0:0:0,,70.9,111.6,120.1,nan,nan
2000/1/1,0:0:0,,71.1,111.0,122.4,nan,nan
2000/1/1,0:0:0,,73.1,113.8,125.3,nan,nan
2000/1/1,0:0:0,,69.1,108.2,116.9,nan,nan
2000/1/1,0:0:0,,65.2,102.6,109.0,nan,nan
2000/1/1,0:0:0,,64.7,102.4,109.4,nan,nan
2000/1/1,0:0:0,,65.1,100.0,106.4,nan,nan
2000/1/1,0:0:0,,66.9,99.3,104.5,nan,nan
2000/1/1,0:0:0,,65.2,100.6,111.7,nan,nan
2000/1/1,0:0:0,,62.6,95.4,102.3,nan,nan
2000/1/1,0:0:0,,61.1,93.8,100.5,nan,nan
2000/1/1,0:0:0,,59.4,91.4,98.7,nan,nan
2000/1/1,0:0:0,,60.9,94.6,100.9,nan,nan
2000/1/1,0:0:0,,62.8,94.0,104.6,nan,nan
2000/1/1,0:0:0,,61.8,93.4,104.3,nan,nan
2000/1/1,0:0:0,,60.7,91.0,97.0,nan,nan
2000/1/1,0:0:0,,59.8,90.8,99.3,nan,nan
2000/1/1,0:0:0,,61.0,88.9,97.4,nan,nan
2000/1/1,0:0:0,,60.4,88.5,97.6,nan,nan
2000/1/1,0:0:0,,59.4,86.4,94.4,nan,nan
2000/1/1,0:0:0,,59.2,88.7,94.7,nan,nan
2000/1/1,0:0:0,,59.3,90.1,96.5,nan,nan
2000/1/1,0:0:0,,60.4,89.3,97.4,nan,nan
2000/1/1,0:0:0,,61.4,90.5,100.0,nan,nan
2000/1/1,0:0:0,,60.2,90.9,102.3,nan,nan
2000/1/1,0:0:0,,57.6,92.0,102.6,nan,nan
2000/1/1,0:0:0,,57.5,90.2,97.9,nan,nan
2000/1/1,0:0:0,,58.6,88.2,93.8,nan,nan
2000/1/1,0:0:0,,59.6,87.1,91.7,nan,nan
2000/1/1,0:0:0,,57.7,87.5,93.3,nan,nan
2000/1/1,0:0:0,,59.0,87.2,93.5,nan,nan
2000/1/1,0:0:0,,57.1,86.5,94.8,nan,nan
2000/1/1,0:0:0,,57.0,85.8,93.6,nan,nan
2000/1/1,0:0:0,,57.8,85.0,92.0,nan,nan
2000/1/1,0:0:0,,55.2,87.3,96.1,nan,nan
2000/1/1,0:0:0,,57.5,87.1,94.2,nan,nan
2000/1/1,0:0:0,,56.5,83.9,87.8,nan,nan
2000/1/1,0:0:0,,54.8,82.4,88.8,nan,nan
2000/1/1,0:0:0,,53.9,79.4,87.3,nan,nan
2000/1/1,0:0:0,,56.8,82.3,88.4,nan,nan
2000/1/1,0:0:0,,59.5,88.9,93.7,nan,nan
2000/1/1,0:0:0,,57.4,85.5,90.4,nan,nan
2000/1/1,0:0:0,,53.7,80.7,85.4,nan,nan
2000/1/1,0:0:0,,54.3,84.0,88.8,nan,nan
2000/1/1,0:0:0,,56.0,85.3,90.6,nan,nan
2000/1/1,0:0:0,,55.2,84.1,87.8,nan,nan
2000/1/1,0:0:0,,55.4,84.5,92.9,nan,nan
2000/1/1,0:0:0,,55.7,84.8,96.3,nan,nan
2000/1/1,0:0:0,,55.7,82.7,89.7,nan,nan
2000/1/1,0:0:0,,55.6,85.8,95.1,nan,nan
2000/1/1,0:0:0,,56.8,84.7,95.2,nan,nan
2000/1/1,0:0:0,,57.3,83.9,93.1,nan,nan
2000/1/1,0:0:0,,55.8,80.0,87.0,nan,nan
2000/1/1,0:0:0,,52.7,80.7,87.1,nan,nan
2000/1/1,0:0:0,,52.3,83.0,90.3,nan,nan
2000/1/1,0:0:0,,52.5,80.9,87.2,nan,nan
2000/1/1,0:0:0,,54.1,82.1,84.3,nan,nan
2000/1/1,0:0:0,,53.9,80.4,82.7,nan,nan
2000/1/1,0:0:0,,53.3,77.8,80.9,nan,nan
2000/1/1,0:0:0,,55.5,84.9,90.4,nan,nan
2000/1/1,0:0:0,,55.8,83.9,90.9,nan,nan
2000/1/1,0:0:0,,54.5,80.8,88.7,nan,nan
2000/1/1,0:0:0,,53.2,80.5,86.3,nan,nan
2000/1/1,0:0:0,,53.5,80.3,84.2,nan,nan
2000/1/1,0:0:0,,52.7,82.6,89.8,nan,nan
2000/1/1,0:0:0,,56.0,83.2,90.4,nan,nan
2000/1/1,0:0:0,,64.4,92.4,97.9,nan,nan
2000/1/1,0:0:0,,59.2,89.6,94.8,nan,nan
2000/1/1,0:0:0,,65.0,96.5,101.7,nan,nan
2000/1/1,0:0:0,,65.8,98.3,107.7,nan,nan
2000/1/1,0:0:0,,63.3,93.2,104.0,nan,nan
2000/1/1,0:0:0,,57.1,86.9,90.9,nan,nan
2000/1/1,0:0:0,,58.2,88.4,93.9,nan,nan
2000/1/1,0:0:0,,68.5,99.1,104.6,nan,nan
2000/1/1,0:0:0,,60.5,90.4,95.2,nan,nan
2000/1/1,0:0:0,,57.7,86.1,91.5,nan,nan
2000/1/1,0:0:0,,59.5,88.9,95.5,nan,nan
2000/1/1,0:0:0,,63.7,92.3,97.3,nan,nan
2000/1/1,0:0:0,,62.9,89.5,98.1,nan,nan
2000/1/1,0:0:0,,58.3,91.4,97.7,nan,nan
2000/1/1,0:0:0,,52.5,82.5,91.7,nan,nan
2000/1/1,0:0:0,,54.9,85.3,94.5,nan,nan
2000/1/1,0:0:0,,57.7,90.2,98.7,nan,nan
2000/1/1,0:0:0,,56.5,86.5,96.2,nan,nan
2000/1/1,0:0:0,,54.1,84.7,90.7,nan,nan
2000/1/1,0:0:0,,54.0,84.7,93.3,nan,nan
2000/1/1,0:0:0,,53.5,83.3,90.3,nan,nan
2000/1/1,0:0:0,,53.7,84.0,90.0,nan,nan
2000/1/1,0:0:0,,54.0,83.2,88.3,nan,nan
2000/1/1,0:0:0,,55.0,81.9,87.8,nan,nan
2000/1/1,0:0:0,,57.9,88.2,92.2,nan,nan
2000/1/1,0:0:0,,55.6,84.5,89.4,nan,nan
2000/1/1,0:0:0,,53.7,81.2,88.4,nan,nan
2000/1/1,0:0:0,,53.6,80.1,89.2,nan,nan
2000/1/1,0:0:0,,55.4,86.6,93.7,nan,nan
2000/1/1,0:0:0,,57.3,89.6,95.2,nan,nan
2000/1/1,0:0:0,,56.9,86.3,91.8,nan,nan
2000/1/1,0:0:0,,55.7,83.7,89.4,nan,nan
2000/1/1,0:0:0,,55.5,80.0,82.9,nan,nan
2000/1/1,0:0:0,,55.1,80.1,83.2,nan,nan
2000/1/1,0:0:0,,52.8,78.0,82.0,nan,nan
2000/1/1,0:0:0,,53.8,80.5,87.0,nan,nan
2000/1/1,0:0:0,,55.2,81.6,87.4,nan,nan
2000/1/1,0:0:0,,56.5,81.7,87.0,nan,nan
2000/1/1,0:0:0,,54.7,82.0,85.2,nan,nan
2000/1/1,0:0:0,,51.9,79.7,82.8,nan,nan
2000/1/1,0:0:0,,50.9,77.8,81.7,nan,nan
2000/1/1,0:0:0,,50.6,78.8,86.0,nan,nan
2000/1/1,0:0:0,,50.4,78.0,85.5,nan,nan
2000/1/1,0:0:0,,51.1,78.9,85.0,nan,nan
2000/1/1,0:0:0,,51.9,77.3,82.8,nan,nan
2000/1/1,0:0:0,,51.6,76.8,82.0,nan,nan
2000/1/1,0:0:0,,53.0,83.8,86.2,nan,nan
2000/1/1,0:0:0,,52.0,82.4,84.1,nan,nan
2000/1/1,0:0:0,,52.7,83.2,87.7,nan,nan
2000/1/1,0:0:0,,52.3,80.5,87.4,nan,nan
2000/1/1,0:0:0,,52.5,81.3,88.8,nan,nan
2000/1/1,0:0:0,,50.5,80.3,84.3,nan,nan
2000/1/1,0:0:0,,49.5,77.2,81.2,nan,nan
2000/1/1,0:0:0,,48.7,78.3,81.9,nan,nan
2000/1/1,0:0:0,,61.1,91.4,97.7,nan,nan
2000/1/1,0:0:0,,88.0,144.6,159.0,nan,nan
2000/1/1,0:0:0,,153.9,277.0,311.6,nan,nan
2000/1/1,0:0:0,,202.8,361.6,426.7,nan,nan
2000/1/1,0:0:0,,215.9,387.0,453.0,nan,nan
2000/1/1,0:0:0,,248.8,469.6,545.6,nan,nan
2000/1/1,0:0:0,,274.9,554.6,654.7,nan,nan
2000/1/1,0:0:0,,307.3,675.5,809.9,nan,nan
2000/1/1,0:0:0,,305.3,678.4,811.9,nan,nan
2000/1/1,0:0:0,,315.8,734.5,897.5,nan,nan
2000/1/1,0:0:0,,320.6,769.0,947.3,nan,nan
2000/1/1,0:0:0,,321.8,803.4,979.6,nan,nan
2000/1/1,0:0:0,,321.5,835.1,1025.1,nan,nan
2000/1/1,0:0:0,,321.7,875.8,1125.9,nan,nan
2000/1/1,0:0:0,,328.2,921.4,1225.8,nan,nan
2000/1/1,0:0:0,,337.7,939.3,1228.5,nan,nan
2000/1/1,0:0:0,,337.1,990.7,1269.7,nan,nan
2000/1/1,0:0:0,,323.7,1046.9,1360.8,nan,nan
2000/1/1,0:0:0,,313.9,1137.9,1501.9,nan,nan
2000/1/1,0:0:0,,314.0,1160.1,1564.8,nan,nan
2000/1/1,0:0:0,,312.7,1162.2,1552.9,nan,nan
2000/1/1,0:0:0,,310.5,1168.8,1569.1,nan,nan
2000/1/1,0:0:0,,315.0,1182.7,1580.9,nan,nan
2000/1/1,0:0:0,,313.7,1182.6,1639.9,nan,nan
2000/1/1,0:0:0,,310.0,1200.2,1687.7,nan,nan
2000/1/1,0:0:0,,304.4,1228.8,1745.4,nan,nan
2000/1/1,0:0:0,,298.2,1258.8,1760.7,nan,nan
2000/1/1,0:0:0,,296.4,1263.6,1776.8,nan,nan
2000/1/1,0:0:0,,295.8,1251.4,1771.4,nan,nan
2000/1/1,0:0:0,,296.8,1244.9,1753.4,nan,nan
2000/1/1,0:0:0,,297.9,1239.9,1715.4,nan,nan
2000/1/1,0:0:0,,297.2,1233.9,1738.0,nan,nan
2000/1/1,0:0:0,,295.7,1226.7,1732.4,nan,nan
2000/1/1,0:0:0,,300.9,1232.2,1746.7,nan,nan
2000/1/1,0:0:0,,300.5,1216.6,1673.4,nan,nan
2000/1/1,0:0:0,,304.3,1188.2,1620.4,nan,nan
2000/1/1,0:0:0,,300.8,1161.9,1570.6,nan,nan
2000/1/1,0:0:0,,301.8,1161.1,1550.5,nan,nan
2000/1/1,0:0:0,,304.2,1153.9,1544.4,nan,nan
2000/1/1,0:0:0,,309.1,1147.3,1547.4,nan,nan
2000/1/1,0:0:0,,314.3,1121.9,1514.5,nan,nan
2000/1/1,0:0:0,,316.2,1106.3,1493.8,nan,nan
2000/1/1,0:0:0,,321.0,1076.4,1455.1,nan,nan
2000/1/1,0:0:0,,325.4,1039.6,1411.3,nan,nan
2000/1/1,0:0:0,,331.5,1016.6,1356.3,nan,nan
2000/1/1,0:0:0,,329.7,1001.1,1309.1,nan,nan
2000/1/1,0:0:0,,328.1,982.8,1284.0,nan,nan
2000/1/1,0:0:0,,325.8,959.2,1235.7,nan,nan
2000/1/1,0:0:0,,324.4,932.0,1179.3,nan,nan
2000/1/1,0:0:0,,320.9,916.1,1128.2,nan,nan
2000/1/1,0:0:0,,318.9,891.0,1087.2,nan,nan
2000/1/1,0:0:0,,317.5,868.6,1050.7,nan,nan
2000/1/1,0:0:0,,318.7,841.9,1021.9,nan,nan
2000/1/1,0:0:0,,315.8,815.1,1006.1,nan,nan
2000/1/1,0:0:0,,315.0,790.7,980.4,nan,nan
2000/1/1,0:0:0,,313.7,766.7,952.2,nan,nan
2000/1/1,0:0:0,,311.1,748.0,934.0,nan,nan
2000/1/1,0:0:0,,309.3,728.4,922.8,nan,nan
2000/1/1,0:0:0,,302.5,710.1,897.1,nan,nan
2000/1/1,0:0:0,,302.3,694.6,865.9,nan,nan
2000/1/1,0:0:0,,300.6,671.6,828.7,nan,nan
2000/1/1,0:0:0,,298.5,646.4,794.4,nan,nan
2000/1/1,0:0:0,,290.5,623.2,751.9,nan,nan
2000/1/1,0:0:0,,285.0,613.8,736.5,nan,nan
2000/1/1,0:0:0,,281.3,596.1,711.9,nan,nan
2000/1/1,0:0:0,,274.5,571.0,683.3,nan,nan
2000/1/1,0:0:0,,265.6,544.4,641.8,nan,nan
2000/1/1,0:0:0,,258.7,521.9,602.1,nan,nan
2000/1/1,0:0:0,,251.2,498.6,586.0,nan,nan
2000/1/1,0:0:0,,243.7,477.1,565.1,nan,nan
2000/1/1,0:0:0,,233.9,456.3,543.3,nan,nan
2000/1/1,0:0:0,,228.6,439.2,510.9,nan,nan
2000/1/1,0:0:0,,222.4,422.7,491.1,nan,nan
2000/1/1,0:0:0,,215.2,403.3,470.6,nan,nan
2000/1/1,0:0:0,,205.4,384.2,448.4,nan,nan
2000/1/1,0:0:0,,199.2,361.8,420.2,nan,nan
2000/1/1,0:0:0,,190.4,341.4,403.1,nan,nan
2000/1/1,0:0:0,,183.3,327.8,384.8,nan,nan
2000/1/1,0:0:0,,176.2,317.8,370.7,nan,nan
2000/1/1,0:0:0,,167.6,303.5,344.0,nan,nan
2000/1/1,0:0:0,,160.5,285.8,327.3,nan,nan
2000/1/1,0:0:0,,153.4,265.7,307.9,nan,nan
2000/1/1,0:0:0,,146.0,250.3,297.2,nan,nan
2000/1/1,0:0:0,,139.0,237.9,276.5,nan,nan
2000/1/1,0:0:0,,131.2,229.8,263.6,nan,nan
2000/1/1,0:0:0,,124.3,216.7,243.8,nan,nan
2000/1/1,0:0:0,,113.4,202.7,231.5,nan,nan
2000/1/1,0:0:0,,113.2,195.4,230.3,nan,nan
2000/1/1,0:0:0,,110.4,182.1,218.6,nan,nan
2000/1/1,0:0:0,,105.8,172.6,206.2,nan,nan
2000/1/1,0:0:0,,99.4,160.4,187.5,nan,nan
2000/1/1,0:0:0,,91.5,150.0,170.8,nan,nan
2000/1/1,0:0:0,,84.4,139.1,159.4,nan,nan
2000/1/1,0:0:0,,75.9,132.8,152.5,nan,nan
2000/1/1,0:0:0,,75.7,126.1,142.2,nan,nan
2000/1/1,0:0:0,,72.7,123.0,137.5,nan,nan
2000/1/1,0:0:0,,65.9,116.6,132.0,nan,nan
2000/1/1,0:0:0,,59.5,108.0,124.3,nan,nan
2000/1/1,0:0:0,,58.4,103.1,116.6,nan,nan
2000/1/1,0:0:0,,59.4,101.4,115.1,nan,nan
2000/1/1,0:0:0,,60.4,100.6,111.2,nan,nan
2000/1/1,0:0:0,,60.7,100.4,112.7,nan,nan
2000/1/1,0:0:0,,59.4,99.2,110.7,nan,nan
2000/1/1,0:0:0,,58.6,96.5,109.2,nan,nan
2000/1/1,0:0:0,,59.8,96.2,110.7,nan,nan
2000/1/1,0:0:0,,61.3,100.2,117.4,nan,nan
2000/1/1,0:0:0,,61.5,105.7,124.1,nan,nan
2000/1/1,0:0:0,,61.5,103.2,111.4,nan,nan
2000/1/1,0:0:0,,59.5,99.0,109.1,nan,nan
2000/1/1,0:0:0,,59.7,96.7,107.3,nan,nan
2000/1/1,0:0:0,,59.1,98.8,107.2,nan,nan
2000/1/1,0:0:0,,58.9,99.1,109.6,nan,nan
2000/1/1,0:0:0,,58.8,103.3,114.6,nan,nan
2000/1/1,0:0:0,,57.7,97.6,109.1,nan,nan
2000/1/1,0:0:0,,57.1,92.1,105.8,nan,nan
2000/1/1,0:0:0,,57.9,95.2,113.1,nan,nan
2000/1/1,0:0:0,,56.8,92.6,105.4,nan,nan
2000/1/1,0:0:0,,60.7,93.9,105.0,nan,nan
2000/1/1,0:0:0,,60.6,98.4,114.1,nan,nan
2000/1/1,0:0:0,,60.0,102.7,116.0,nan,nan
2000/1/1,0:0:0,,63.2,107.8,120.6,nan,nan
2000/1/1,0:0:0,,64.2,107.1,118.5,nan,nan
2000/1/1,0:0:0,,63.1,102.5,112.8,nan,nan
2000/1/1,0:0:0,,67.8,107.6,120.8,nan,nan
2000/1/1,0:0:0,,74.3,114.5,125.2,nan,nan
2000/1/1,0:0:0,,73.4,113.9,122.1,nan,nan
2000/1/1,0:0:0,,76.2,118.8,126.8,nan,nan
2000/1/1,0:0:0,,75.7,114.9,120.8,nan,nan
2000/1/1,0:0:0,,71.8,111.5,115.8,nan,nan
2000/1/1,0:0:0,,72.7,110.4,114.5,nan,nan
2000/1/1,0:0:0,,73.4,111.8,118.0,nan,nan
2000/1/1,0:0:0,,73.7,112.7,120.2,nan,nan
2000/1/1,0:0:0,,74.6,114.1,121.7,nan,nan
2000/1/1,0:0:0,,74.0,112.0,120.2,nan,nan
2000/1/1,0:0:0,,74.9,113.8,124.2,nan,nan
2000/1/1,0:0:0,,74.6,112.3,123.2,nan,nan
2000/1/1,0:0:0,,71.3,108.0,117.7,nan,nan
2000/1/1,0:0:0,,73.6,113.5,122.3,nan,nan
2000/1/1,0:0:0,,73.0,112.9,119.9,nan,nan
2000/1/1,0:0:0,,73.4,116.5,120.9,nan,nan
2000/1/1,0:0:0,,73.7,117.7,123.9,nan,nan
2000/1/1,0:0:0,,73.6,116.9,121.8,nan,nan
2000/1/1,0:0:0,,72.2,110.0,120.1,nan,nan
2000/1/1,0:0:0,,71.5,107.4,119.2,nan,nan
2000/1/1,0:0:0,,71.0,107.6,119.9,nan,nan
2000/1/1,0:0:0,,71.1,106.2,116.1,nan,nan
2000/1/1,0:0:0,,72.3,108.5,116.0,nan,nan
2000/1/1,0:0:0,,71.6,109.7,116.1,nan,nan
2000/1/1,0:0:0,,70.0,110.0,116.5,nan,nan
2000/1/1,0:0:0,,69.4,107.3,116.2,nan,nan
2000/1/1,0:0:0,,69.2,105.3,115.5,nan,nan
2000/1/1,0:0:0,,67.5,103.7,115.2,nan,nan
2000/1/1,0:0:0,,66.9,102.9,115.4,nan,nan
2000/1/1,0:0:0,,67.0,102.4,111.1,nan,nan
2000/1/1,0:0:0,,69.9,106.4,111.1,nan,nan
2000/1/1,0:0:0,,72.1,110.5,119.8,nan,nan
2000/1/1,0:0:0,,70.6,104.3,116.0,nan,nan
2000/1/1,0:0:0,,68.8,104.2,113.7,nan,nan
2000/1/1,0:0:0,,68.5,102.2,114.1,nan,nan
2000/1/1,0:0:0,,68.7,103.0,116.1,nan,nan
2000/1/1,0:0:0,,69.4,103.1,112.7,nan,nan
2000/1/1,0:0:0,,68.5,104.1,112.3,nan,nan
2000/1/1,0:0:0,,68.2,103.9,107.2,nan,nan
2000/1/1,0:0:0,,66.5,100.4,105.2,nan,nan
2000/1/1,0:0:0,,69.5,109.0,114.9,nan,nan
2000/1/1,0:0:0,,69.0,109.0,116.5,nan,nan
2000/1/1,0:0:0,,69.3,107.4,114.4,nan,nan
2000/1/1,0:0:0,,69.8,108.8,118.4,nan,nan
2000/1/1,0:0:0,,69.6,107.7,119.2,nan,nan
2000/1/1,0:0:0,,66.6,104.7,109.8,nan,nan
2000/1/1,0:0:0,,68.0,102.0,105.7,nan,nan
2000/1/1,0:0:0,,68.7,102.8,106.2,nan,nan
2000/1/1,0:0:0,,65.6,105.0,107.9,nan,nan
2000/1/1,0:0:0,,64.2,106.5,111.0,nan,nan
2000/1/1,0:0:0,,64.4,102.9,109.8,nan,nan
2000/1/1,0:0:0,,67.2,106.0,113.1,nan,nan
2000/1/1,0:0:0,,67.1,100.7,105.4,nan,nan
2000/1/1,0:0:0,,66.8,97.3,100.6,nan,nan
2000/1/1,0:0:0,,66.1,97.4,99.7,nan,nan
2000/1/1,0:0:0,,67.0,99.8,102.5,nan,nan
2000/1/1,0:0:0,,67.6,101.3,106.8,nan,nan
2000/1/1,0:0:0,,69.0,103.9,112.0,nan,nan
2000/1/1,0:0:0,,67.5,106.4,111.6,nan,nan
2000/1/1,0:0:0,,67.9,103.6,108.7,nan,nan
2000/1/1,0:0:0,,68.1,102.0,106.3,nan,nan
2000/1/1,0:0:0,,66.5,102.3,108.3,nan,nan
2000/1/1,0:0:0,,65.6,102.2,108.9,nan,nan
2000/1/1,0:0:0,,66.9,101.8,108.0,nan,nan
2000/1/1,0:0:0,,65.8,98.6,105.6,nan,nan
2000/1/1,0:0:0,,66.8,105.2,112.3,nan,nan
2000/1/1,0:0:0,,67.3,104.2,111.1,nan,nan
2000/1/1,0:0:0,,66.9,101.9,107.2,nan,nan
2000/1/1,0:0:0,,67.3,101.1,104.5,nan,nan
2000/1/1,0:0:0,,68.4,107.1,112.2,nan,nan
2000/1/1,0:0:0,,67.5,106.2,113.1,nan,nan
2000/1/1,0:0:0,,67.4,101.1,107.5,nan,nan
2000/1/1,0:0:0,,67.8,103.5,108.1,nan,nan
2000/1/1,0:0:0,,65.7,101.8,108.7,nan,nan
2000/1/1,0:0:0,,65.8,108.1,115.1,nan,nan
2000/1/1,0:0:0,,66.6,105.8,110.8,nan,nan
2000/1/1,0:0:0,,64.6,102.8,107.3,nan,nan
2000/1/1,0:0:0,,64.2,102.7,105.2,nan,nan
2000/1/1,0:0:0,,64.9,100.8,103.4,nan,nan
2000/1/1,0:0:0,,63.3,97.6,102.9,nan,nan
2000/1/1,0:0:0,,64.7,104.1,108.6,nan,nan
2000/1/1,0:0:0,,64.8,104.6,109.4,nan,nan
2000/1/1,0:0:0,,65.5,100.5,107.3,nan,nan
2000/1/1,0:0:0,,64.3,96.8,102.8,nan,nan
2000/1/1,0:0:0,,66.7,101.3,105.1,nan,nan
2000/1/1,0:0:0,,68.3,106.5,112.7,nan,nan
2000/1/1,0:0:0,,68.8,106.0,114.5,nan,nan
2000/1/1,0:0:0,,62.9,100.8,108.4,nan,nan
2000/1/1,0:0:0,,60.9,95.6,102.3,nan,nan
2000/1/1,0:0:0,,62.9,94.4,102.1,nan,nan
2000/1/1,0:0:0,,64.0,94.8,102.6,nan,nan
2000/1/1,0:0:0,,67.6,106.2,112.3,nan,nan
2000/1/1,0:0:0,,66.5,106.4,114.9,nan,nan
2000/1/1,0:0:0,,63.0,97.4,104.0,nan,nan
2000/1/1,0:0:0,,65.3,96.9,107.3,nan,nan
2000/1/1,0:0:0,,64.7,99.2,109.4,nan,nan
2000/1/1,0:0:0,,65.8,101.9,106.1,nan,nan
2000/1/1,0:0:0,,66.8,98.2,103.7,nan,nan
2000/1/1,0:0:0,,65.4,97.1,103.1,nan,nan
2000/1/1,0:0:0,,63.7,98.0,104.4,nan,nan
2000/1/1,0:0:0,,62.7,99.2,105.6,nan,nan
2000/1/1,0:0:0,,62.9,99.0,103.1,nan,nan
2000/1/1,0:0:0,,63.6,99.3,104.4,nan,nan
2000/1/1,0:0:0,,66.5,101.0,111.7,nan,nan
2000/1/1,0:0:0,,64.8,98.1,111.4,nan,nan
2000/1/1,0:0:0,,62.8,97.7,104.8,nan,nan
2000/1/1,0:0:0,,62.8,99.7,106.2,nan,nan
2000/1/1,0:0:0,,62.3,101.2,107.0,nan,nan
2000/1/1,0:0:0,,68.2,110.5,118.5,nan,nan
2000/1/1,0:0:0,,71.3,113.6,119.8,nan,nan
2000/1/1,0:0:0,,72.1,113.5,120.2,nan,nan
2000/1/1,0:0:0,,72.3,113.3,119.2,nan,nan
2000/1/1,0:0:0,,68.9,109.1,116.3,nan,nan
2000/1/1,0:0:0,,69.4,110.0,119.4,nan,nan
2000/1/1,0:0:0,,71.4,112.3,116.0,nan,nan
2000/1/1,0:0:0,,73.6,114.9,117.2,nan,nan
2000/1/1,0:0:0,,74.1,117.2,123.4,nan,nan
2000/1/1,0:0:0,,76.8,119.7,125.9,nan,nan
2000/1/1,0:0:0,,75.9,117.0,125.6,nan,nan
2000/1/1,0:0:0,,75.5,118.2,128.6,nan,nan
2000/1/1,0:0:0,,76.5,118.9,133.3,nan,nan
2000/1/1,0:0:0,,79.7,125.2,139.6,nan,nan
2000/1/1,0:0:0,,84.7,128.8,143.1,nan,nan
2000/1/1,0:0:0,,87.2,130.7,144.8,nan,nan
2000/1/1,0:0:0,,89.3,136.1,148.3,nan,nan
2000/1/1,0:0:0,,88.4,138.5,150.9,nan,nan
2000/1/1,0:0:0,,89.5,139.6,155.3,nan,nan
2000/1/1,0:0:0,,91.0,144.6,155.3,nan,nan
2000/1/1,0:0:0,,89.2,142.7,159.3,nan,nan
2000/1/1,0:0:0,,92.0,143.6,165.2,nan,nan
2000/1/1,0:0:0,,95.8,154.8,176.3,nan,nan
2000/1/1,0:0:0,,93.9,148.9,168.2,nan,nan
2000/1/1,0:0:0,,93.9,147.8,166.2,nan,nan
2000/1/1,0:0:0,,93.2,145.1,163.7,nan,nan
2000/1/1,0:0:0,,96.0,152.1,165.7,nan,nan
2000/1/1,0:0:0,,95.5,148.7,161.3,nan,nan
2000/1/1,0:0:0,,92.7,144.6,158.2,nan,nan
2000/1/1,0:0:0,,93.7,144.9,158.0,nan,nan
2000/1/1,0:0:0,,95.3,147.1,158.8,nan,nan
2000/1/1,0:0:0,,100.4,150.6,164.0,nan,nan
2000/1/1,0:0:0,,103.8,156.0,170.8,nan,nan
2000/1/1,0:0:0,,105.2,162.8,180.2,nan,nan
2000/1/1,0:0:0,,107.4,167.1,188.5,nan,nan
2000/1/1,0:0:0,,107.4,165.7,189.2,nan,nan
2000/1/1,0:0:0,,106.7,167.8,186.2,nan,nan
2000/1/1,0:0:0,,107.2,170.8,190.1,nan,nan
2000/1/1,0:0:0,,108.6,168.0,186.1,nan,nan
2000/1/1,0:0:0,,110.0,173.1,191.5,nan,nan
2000/1/1,0:0:0,,108.1,171.2,194.4,nan,nan
2000/1/1,0:0:0,,105.7,165.9,186.9,nan,nan
2000/1/1,0:0:0,,108.4,166.5,185.0,nan,nan
2000/1/1,0:0:0,,112.0,171.8,188.8,nan,nan
2000/1/1,0:0:0,,113.5,172.4,190.2,nan,nan
2000/1/1,0:0:0,,110.7,172.4,196.7,nan,nan
2000/1/1,0:0:0,,111.3,175.0,203.6,nan,nan
2000/1/1,0:0:0,,114.4,172.3,191.6,nan,nan
2000/1/1,0:0:0,,116.4,177.4,193.7,nan,nan
2000/1/1,0:0:0,,115.9,176.9,197.3,nan,nan
2000/1/1,0:0:0,,117.2,182.6,202.8,nan,nan
2000/1/1,0:0:0,,113.5,180.4,201.6,nan,nan
2000/1/1,0:0:0,,119.5,181.5,200.8,nan,nan
2000/1/1,0:0:0,,120.9,185.2,206.7,nan,nan
2000/1/1,0:0:0,,121.1,188.2,213.7,nan,nan
2000/1/1,0:0:0,,123.1,187.6,210.1,nan,nan
2000/1/1,0:0:0,,128.4,189.0,208.1,nan,nan
2000/1/1,0:0:0,,128.8,188.8,203.7,nan,nan
2000/1/1,0:0:0,,129.4,191.9,208.8,nan,nan
2000/1/1,0:0:0,,128.2,197.8,218.4,nan,nan
2000/1/1,0:0:0,,129.8,204.2,222.9,nan,nan
2000/1/1,0:0:0,,130.5,201.9,218.0,nan,nan
2000/1/1,0:0:0,,130.6,198.7,215.8,nan,nan
2000/1/1,0:0:0,,130.9,199.9,216.3,nan,nan
2000/1/1,0:0:0,,134.9,209.1,226.8,nan,nan
2000/1/1,0:0:0,,133.8,207.4,232.9,nan,nan
2000/1/1,0:0:0,,135.0,210.3,239.2,nan,nan
2000/1/1,0:0:0,,134.4,204.8,230.2,nan,nan
2000/1/1,0:0:0,,133.5,204.1,223.3,nan,nan
2000/1/1,0:0:0,,134.2,201.3,221.1,nan,nan
2000/1/1,0:0:0,,136.1,208.4,228.6,nan,nan
2000/1/1,0:0:0,,138.3,211.1,231.4,nan,nan
2000/1/1,0:0:0,,138.5,211.3,240.4,nan,nan
2000/1/1,0:0:0,,137.7,209.1,237.2,nan,nan
2000/1/1,0:0:0,,135.5,213.8,238.1,nan,nan
2000/1/1,0:0:0,,135.2,214.1,238.4,nan,nan
2000/1/1,0:0:0,,137.0,210.1,230.5,nan,nan
2000/1/1,0:0:0,,137.0,208.5,230.4,nan,nan
2000/1/1,0:0:0,,136.1,207.5,228.4,nan,nan
2000/1/1,0:0:0,,137.2,208.7,233.6,nan,nan
2000/1/1,0:0:0,,138.9,208.7,235.8,nan,nan
2000/1/1,0:0:0,,140.2,211.3,238.1,nan,nan
2000/1/1,0:0:0,,139.2,208.4,238.1,nan,nan
2000/1/1,0:0:0,,141.5,210.6,238.4,nan,nan
2000/1/1,0:0:0,,142.5,209.5,239.0,nan,nan
2000/1/1,0:0:0,,143.4,212.2,235.4,nan,nan
2000/1/1,0:0:0,,144.1,219.7,239.1,nan,nan
2000/1/1,0:0:0,,152.9,235.4,253.8,nan,nan
2000/1/1,0:0:0,,151.9,240.0,265.5,nan,nan
2000/1/1,0:0:0,,151.0,239.2,263.5,nan,nan
2000/1/1,0:0:0,,151.6,235.3,262.5,nan,nan
2000/1/1,0:0:0,,151.9,236.0,263.0,nan,nan
2000/1/1,0:0:0,,154.8,239.3,271.2,nan,nan
2000/1/1,0:0:0,,156.4,240.8,267.4,nan,nan
2000/1/1,0:0:0,,156.6,240.1,267.2,nan,nan
2000/1/1,0:0:0,,154.7,237.0,261.0,nan,nan
2000/1/1,0:0:0,,154.1,236.6,260.1,nan,nan
2000/1/1,0:0:0,,153.7,236.7,260.5,nan,nan
2000/1/1,0:0:0,,152.4,235.2,259.9,nan,nan
2000/1/1,0:0:0,,152.9,239.4,264.0,nan,nan
2000/1/1,0:0:0,,157.4,242.7,267.8,nan,nan
2000/1/1,0:0:0,,161.7,247.9,274.2,nan,nan
2000/1/1,0:0:0,,165.6,247.7,276.6,nan,nan
2000/1/1,0:0:0,,165.1,248.6,276.6,nan,nan
2000/1/1,0:0:0,,164.5,250.0,274.9,nan,nan
2000/1/1,0:0:0,,164.0,252.2,278.5,nan,nan
2000/1/1,0:0:0,,164.7,255.7,280.4,nan,nan
2000/1/1,0:0:0,,165.7,255.9,285.9,nan,nan
2000/1/1,0:0:0,,165.5,252.8,286.5,nan,nan
2000/1/1,0:0:0,,165.0,247.2,285.9,nan,nan
2000/1/1,0:0:0,,165.4,247.6,282.9,nan,nan
2000/1/1,0:0:0,,166.9,248.9,279.0,nan,nan
2000/1/1,0:0:0,,160.9,247.8,273.3,nan,nan
2000/1/1,0:0:0,,161.8,248.2,272.4,nan,nan
2000/1/1,0:0:0,,162.7,248.4,279.5,nan,nan
2000/1/1,0:0:0,,159.7,247.1,278.1,nan,nan
2000/1/1,0:0:0,,158.4,241.9,267.4,nan,nan
2000/1/1,0:0:0,,158.2,239.3,264.3,nan,nan
2000/1/1,0:0:0,,158.6,240.9,265.8,nan,nan
2000/1/1,0:0:0,,157.3,238.7,267.0,nan,nan
2000/1/1,0:0:0,,157.0,238.5,263.7,nan,nan
2000/1/1,0:0:0,,158.7,238.1,264.1,nan,nan
2000/1/1,0:0:0,,160.4,240.4,268.7,nan,nan
2000/1/1,0:0:0,,159.3,237.7,268.0,nan,nan
2000/1/1,0:0:0,,158.6,238.7,266.8,nan,nan
2000/1/1,0:0:0,,157.9,237.6,259.9,nan,nan
2000/1/1,0:0:0,,161.5,241.2,264.4,nan,nan
2000/1/1,0:0:0,,161.3,240.4,268.8,nan,nan
2000/1/1,0:0:0,,161.7,239.6,271.7,nan,nan
