2000/54/0,0:53:0,,48.2,74.8,80.2,nan,nan
2000/52/0,0:53:0,,51.6,78.0,84.2,nan,nan
2000/52/0,0:53:0,,52.1,77.5,86.2,nan,nan
2000/59/0,0:53:0,,54.9,75.3,83.5,nan,nan
2000/55/0,0:53:0,,56.2,78.4,83.1,nan,nan
2000/52/0,0:53:0,,51.6,74.7,82.0,nan,nan
2000/52/0,0:53:0,,51.9,76.6,81.9,nan,nan
2000/60/0,0:53:0,,58.7,83.6,87.1,nan,nan
2000/67/0,0:53:0,,61.1,86.5,89.9,nan,nan
2023/2/27,11:13:4,,36.0,53.8,66.0,nan,nan
2023/2/27,11:13:59,,49.6,68.0,75.7,nan,nan
2023/2/27,11:14:8,,43.2,64.1,74.2,nan,nan
2023/2/27,11:14:35,,34.2,55.1,67.9,nan,nan
2023/2/27,11:15:5,,35.0,53.3,68.8,nan,nan
2023/2/27,11:15:42,,34.8,55.4,68.4,nan,nan
2023/2/27,11:15:51,,35.7,58.8,71.6,nan,nan
2000/79/0,0:53:0,,67.6,81.7,92.9,nan,nan
2000/54/0,0:53:0,,63.9,81.6,92.2,nan,nan
2000/41/0,0:53:0,,47.3,63.5,74.9,nan,nan
2000/45/0,0:53:0,,44.2,57.7,73.5,nan,nan
2000/45/0,0:53:0,,44.6,62.7,75.1,nan,nan
2000/51/0,0:53:0,,48.1,70.5,77.3,nan,nan
2000/46/0,0:53:0,,47.8,67.3,75.4,nan,nan
2000/45/0,0:53:0,,45.0,64.4,74.0,nan,nan
2000/44/0,0:53:0,,45.3,64.1,72.6,nan,nan
2000/44/0,0:53:0,,45.2,64.8,74.4,nan,nan
2000/47/0,0:53:0,,45.3,65.9,76.2,nan,nan
2000/44/0,0:53:0,,46.1,66.0,75.2,nan,nan
2000/47/0,0:53:0,,46.0,68.6,76.7,nan,nan
2000/47/0,0:53:0,,46.6,66.7,76.1,nan,nan
2000/45/0,0:53:0,,45.3,66.8,75.5,nan,nan
2000/45/0,0:53:0,,45.3,64.8,76.2,nan,nan
2000/45/0,0:53:0,,45.5,62.7,73.6,nan,nan
2000/47/0,0:53:0,,44.9,63.2,74.0,nan,nan
2000/42/0,0:53:0,,45.1,67.3,77.2,nan,nan
2000/49/0,0:53:0,,44.4,66.4,75.6,nan,nan
2000/50/0,0:53:0,,48.6,71.7,77.7,nan,nan
2000/44/0,0:53:0,,45.5,68.0,76.2,nan,nan
2000/46/0,0:53:0,,46.8,68.4,76.9,nan,nan
2000/47/0,0:53:0,,46.4,66.0,74.6,nan,nan
2000/45/0,0:53:0,,45.7,66.0,74.3,nan,nan
2000/43/0,0:53:0,,44.1,62.4,72.7,nan,nan
2000/47/0,0:53:0,,44.8,65.0,74.7,nan,nan
2000/53/0,0:53:0,,50.2,73.0,80.7,nan,nan
2000/46/0,0:53:0,,51.5,73.9,81.9,nan,nan
2000/45/0,0:53:0,,45.3,66.0,74.6,nan,nan
2000/44/0,0:53:0,,44.6,65.5,76.3,nan,nan
2000/46/0,0:53:0,,45.0,68.4,77.5,nan,nan
2000/48/0,0:53:0,,46.5,68.6,78.8,nan,nan
2000/45/0,0:53:0,,46.7,69.4,81.0,nan,nan
2000/46/0,0:53:0,,45.8,65.3,77.8,nan,nan
2000/46/0,0:53:0,,46.7,65.0,76.0,nan,nan
2000/50/0,0:53:0,,45.7,68.0,78.2,nan,nan
2000/52/0,0:53:0,,50.7,73.4,81.7,nan,nan
2000/54/0,0:53:0,,49.6,71.8,81.7,nan,nan
2000/50/0,0:53:0,,49.8,71.1,79.7,nan,nan
2000/43/0,0:53:0,,47.5,66.6,75.9,nan,nan
2000/46/0,0:53:0,,43.9,65.1,76.3,nan,nan
2000/53/0,0:53:0,,48.9,70.2,80.0,nan,nan
2000/56/0,0:53:0,,53.0,74.9,81.8,nan,nan
2000/51/0,0:53:0,,55.3,75.4,79.8,nan,nan
2000/49/0,0:53:0,,47.8,65.9,75.1,nan,nan
2000/48/0,0:53:0,,47.0,65.4,74.1,nan,nan
2000/50/0,0:53:0,,48.0,66.0,75.6,nan,nan
2000/47/0,0:53:0,,48.0,71.5,78.4,nan,nan
2000/52/0,0:53:0,,50.2,73.9,80.3,nan,nan
2000/48/0,0:53:0,,48.2,72.0,80.3,nan,nan
2000/53/0,0:53:0,,49.7,70.7,80.5,nan,nan
2000/48/0,0:53:0,,47.0,68.4,77.4,nan,nan
2000/50/0,0:53:0,,47.6,67.4,78.2,nan,nan
2000/50/0,0:53:0,,49.2,68.1,76.7,nan,nan
2000/49/0,0:53:0,,48.3,67.7,76.5,nan,nan
2000/50/0,0:53:0,,47.5,66.7,76.6,nan,nan
2000/46/0,0:53:0,,47.0,68.0,76.4,nan,nan
2000/46/0,0:53:0,,46.3,66.1,74.6,nan,nan
2000/50/0,0:53:0,,47.8,68.4,75.2,nan,nan
2000/45/0,0:53:0,,46.6,66.2,75.1,nan,nan
2000/51/0,0:53:0,,46.9,68.2,76.0,nan,nan
2000/46/0,0:53:0,,47.8,67.8,77.4,nan,nan
2000/52/0,0:53:0,,47.4,68.2,77.6,nan,nan
2000/46/0,0:53:0,,47.4,67.2,75.6,nan,nan
2000/48/0,0:53:0,,44.9,65.9,75.6,nan,nan
2000/46/0,0:53:0,,47.3,67.6,76.2,nan,nan
2000/49/0,0:53:0,,46.6,67.0,75.3,nan,nan
2000/51/0,0:53:0,,48.5,68.4,76.7,nan,nan
2000/49/0,0:53:0,,48.1,66.2,75.7,nan,nan
2000/49/0,0:53:0,,47.3,65.1,74.5,nan,nan
2000/47/0,0:53:0,,46.6,67.6,76.2,nan,nan
2000/48/0,0:53:0,,46.2,65.8,75.2,nan,nan
2000/48/0,0:53:0,,47.8,66.9,76.7,nan,nan
2000/49/0,0:53:0,,47.0,66.8,76.1,nan,nan
2000/51/0,0:53:0,,48.6,68.6,77.4,nan,nan
2000/50/0,0:53:0,,48.8,69.9,77.5,nan,nan
2000/48/0,0:53:0,,47.6,68.3,75.7,nan,nan
2000/48/0,0:53:0,,46.8,67.1,75.3,nan,nan
2000/48/0,0:53:0,,47.0,67.4,76.0,nan,nan
2000/49/0,0:53:0,,47.3,66.2,75.7,nan,nan
2000/49/0,0:53:0,,48.1,66.5,75.8,nan,nan
2000/47/0,0:53:0,,47.1,67.9,77.0,nan,nan
2000/51/0,0:53:0,,47.1,66.7,75.7,nan,nan
2000/50/0,0:53:0,,47.9,67.2,75.6,nan,nan
2000/51/0,0:53:0,,48.8,68.9,75.7,nan,nan
2000/52/0,0:53:0,,51.2,69.4,76.8,nan,nan
2000/51/0,0:53:0,,55.5,74.5,81.9,nan,nan
2000/47/0,0:53:0,,49.0,69.2,80.6,nan,nan
2000/50/0,0:53:0,,46.1,67.0,77.8,nan,nan
2000/51/0,0:53:0,,49.2,73.3,80.4,nan,nan
2000/51/0,0:53:0,,51.1,74.9,80.3,nan,nan
2000/53/0,0:53:0,,51.5,71.2,78.9,nan,nan
2000/48/0,0:53:0,,47.3,69.3,78.2,nan,nan
2000/48/0,0:53:0,,47.9,69.5,77.9,nan,nan
2000/50/0,0:53:0,,48.0,66.9,75.0,nan,nan
2000/48/0,0:53:0,,47.6,67.5,76.7,nan,nan
2000/50/0,0:53:0,,48.5,72.2,79.3,nan,nan
2000/48/0,0:53:0,,46.7,70.7,77.5,nan,nan
2000/50/0,0:53:0,,47.6,71.0,77.5,nan,nan
2000/53/0,0:53:0,,50.1,71.6,77.5,nan,nan
2000/47/0,0:53:0,,48.7,70.5,77.0,nan,nan
2000/49/0,0:53:0,,45.5,65.9,75.7,nan,nan
2000/45/0,0:53:0,,47.2,69.4,77.5,nan,nan
2000/47/0,0:53:0,,44.6,66.0,75.2,nan,nan
2000/48/0,0:53:0,,47.0,66.9,77.1,nan,nan
2000/44/0,0:53:0,,44.9,63.8,73.1,nan,nan
2000/50/0,0:53:0,,45.8,65.7,74.9,nan,nan
2000/46/0,0:53:0,,47.1,66.0,76.3,nan,nan
2000/48/0,0:53:0,,46.4,66.2,76.5,nan,nan
2000/46/0,0:53:0,,45.9,64.3,75.3,nan,nan
2000/47/0,0:53:0,,45.3,67.4,76.7,nan,nan
2000/46/0,0:53:0,,46.7,67.6,76.1,nan,nan
2000/44/0,0:53:0,,44.8,64.2,74.1,nan,nan
2000/50/0,0:53:0,,46.5,65.5,75.0,nan,nan
2000/50/0,0:53:0,,48.4,67.6,76.4,nan,nan
2000/49/0,0:53:0,,47.9,68.1,76.8,nan,nan
2000/46/0,0:53:0,,46.0,66.1,76.2,nan,nan
2000/48/0,0:53:0,,45.7,63.3,73.7,nan,nan
2000/48/0,0:53:0,,46.4,63.9,75.6,nan,nan
2000/47/0,0:53:0,,47.5,66.1,75.5,nan,nan
2000/49/0,0:53:0,,47.1,63.6,75.5,nan,nan
2000/54/0,0:53:0,,52.1,73.9,81.5,nan,nan
2000/48/0,0:53:0,,46.2,66.9,78.6,nan,nan
2000/49/0,0:53:0,,50.6,72.6,81.1,nan,nan
2000/60/0,0:53:0,,49.4,69.6,77.8,nan,nan
2000/80/0,0:53:0,,80.6,101.2,106.6,nan,nan
2000/51/0,0:53:0,,67.4,88.4,93.6,nan,nan
2000/49/0,0:53:0,,47.6,70.0,78.6,nan,nan
2000/75/0,0:53:0,,63.5,87.4,92.7,nan,nan
2000/78/0,0:53:0,,66.4,87.6,95.7,nan,nan
2000/61/0,0:53:0,,75.0,96.6,102.4,nan,nan
2000/43/0,0:53:0,,49.1,68.6,77.5,nan,nan
2000/54/0,0:53:0,,45.8,63.8,74.7,nan,nan
2000/52/0,0:53:0,,51.8,72.3,79.1,nan,nan
2000/46/0,0:53:0,,46.9,67.2,76.1,nan,nan
2000/61/0,0:53:0,,54.3,75.7,81.7,nan,nan
2000/48/0,0:53:0,,55.1,75.1,80.8,nan,nan
2000/45/0,0:53:0,,47.1,69.0,77.1,nan,nan
2000/51/0,0:53:0,,48.1,71.8,78.7,nan,nan
2000/41/0,0:53:0,,42.8,65.3,75.5,nan,nan
2000/44/0,0:53:0,,43.8,64.4,76.4,nan,nan
2000/51/0,0:53:0,,48.1,66.8,76.4,nan,nan
2000/49/0,0:53:0,,50.7,69.1,78.1,nan,nan
2000/46/0,0:53:0,,47.1,66.3,76.6,nan,nan
2000/40/0,0:53:0,,43.6,61.0,73.1,nan,nan
2000/45/0,0:53:0,,42.8,61.1,74.3,nan,nan
2000/53/0,0:53:0,,48.8,67.3,76.3,nan,nan
2000/55/0,0:53:0,,53.4,75.6,80.5,nan,nan
2000/53/0,0:53:0,,57.5,80.0,86.9,nan,nan
2000/50/0,0:53:0,,54.1,75.3,81.8,nan,nan
2000/50/0,0:53:0,,47.3,66.1,76.8,nan,nan
2000/50/0,0:53:0,,46.7,66.4,78.3,nan,nan
2000/52/0,0:53:0,,50.8,72.8,80.3,nan,nan
2000/62/0,0:53:0,,58.7,80.6,83.6,nan,nan
2000/55/0,0:53:0,,57.3,77.2,83.8,nan,nan
2000/47/0,0:53:0,,45.6,65.4,77.0,nan,nan
2000/48/0,0:53:0,,47.4,69.8,78.2,nan,nan
2000/46/0,0:53:0,,45.1,66.6,77.4,nan,nan
2000/62/0,0:53:0,,57.7,78.6,84.1,nan,nan
2000/50/0,0:53:0,,53.1,72.7,80.0,nan,nan
2000/75/0,0:53:0,,60.7,80.2,86.6,nan,nan
2000/85/0,0:53:0,,86.0,106.7,111.8,nan,nan
2000/90/0,0:53:0,,84.6,107.6,115.6,nan,nan
2000/75/0,0:53:0,,81.3,101.6,110.8,nan,nan
2000/73/0,0:53:0,,78.1,99.0,103.9,nan,nan
2000/71/0,0:53:0,,70.3,88.3,94.2,nan,nan
2000/83/0,0:53:0,,73.9,94.5,100.1,nan,nan
2000/83/0,0:53:0,,88.5,109.1,114.1,nan,nan
2000/74/0,0:53:0,,84.9,105.3,111.3,nan,nan
2000/82/0,0:53:0,,80.4,100.4,104.8,nan,nan
2000/80/0,0:53:0,,85.1,104.6,110.6,nan,nan
2000/84/0,0:53:0,,87.3,110.2,115.4,nan,nan
2000/72/0,0:53:0,,78.1,99.4,106.1,nan,nan
2000/81/0,0:53:0,,79.7,100.7,105.9,nan,nan
2000/83/0,0:53:0,,86.2,106.3,113.4,nan,nan
2000/76/0,0:53:0,,81.5,103.7,108.2,nan,nan
2000/82/0,0:53:0,,79.7,102.2,105.2,nan,nan
2000/75/0,0:53:0,,80.7,104.5,110.1,nan,nan
2000/94/0,0:53:0,,88.9,110.9,117.0,nan,nan
2000/95/0,0:53:0,,100.4,123.5,130.3,nan,nan
2000/81/0,0:53:0,,84.4,107.3,114.5,nan,nan
2000/90/0,0:53:0,,88.3,108.4,113.8,nan,nan
2000/78/0,0:53:0,,83.2,102.2,109.3,nan,nan
2000/81/0,0:53:0,,80.1,100.4,112.5,nan,nan
2000/92/0,0:53:0,,90.3,110.5,119.7,nan,nan
2000/86/0,0:53:0,,92.6,114.9,119.1,nan,nan
2000/81/0,0:53:0,,83.0,104.8,110.7,nan,nan
2000/79/0,0:53:0,,78.3,96.7,102.2,nan,nan
2000/70/0,0:53:0,,76.4,98.4,107.6,nan,nan
2000/63/0,0:53:0,,63.5,84.3,90.5,nan,nan
2000/73/0,0:53:0,,67.9,87.3,90.4,nan,nan
2000/73/0,0:53:0,,73.3,94.3,98.0,nan,nan
2000/85/0,0:53:0,,81.5,104.5,109.7,nan,nan
2000/81/0,0:53:0,,84.3,106.0,112.4,nan,nan
2000/81/0,0:53:0,,80.7,100.7,104.3,nan,nan
2000/73/0,0:53:0,,80.4,99.3,106.0,nan,nan
2000/78/0,0:53:0,,70.5,90.2,94.4,nan,nan
2000/67/0,0:53:0,,69.2,89.7,92.8,nan,nan
2000/85/0,0:53:0,,78.5,99.7,106.0,nan,nan
2000/81/0,0:53:0,,80.2,99.4,102.3,nan,nan
2000/53/0,0:53:0,,63.9,83.3,88.6,nan,nan
2000/55/0,0:53:0,,55.8,81.9,86.9,nan,nan
2000/49/0,0:53:0,,55.8,80.5,86.3,nan,nan
2000/70/0,0:53:0,,55.6,80.4,86.4,nan,nan
2000/85/0,0:53:0,,84.9,103.7,110.1,nan,nan
2000/72/0,0:53:0,,75.1,92.9,96.9,nan,nan
2000/84/0,0:53:0,,80.7,104.3,106.9,nan,nan
2000/85/0,0:53:0,,88.3,108.9,117.7,nan,nan
2000/81/0,0:53:0,,78.2,101.2,109.0,nan,nan
2000/83/0,0:53:0,,93.4,114.1,117.5,nan,nan
2000/63/0,0:53:0,,73.9,93.7,98.7,nan,nan
2000/33/0,0:53:0,,43.2,63.1,75.7,nan,nan
2000/61/0,0:53:0,,44.7,65.9,76.7,nan,nan
2000/75/0,0:53:0,,75.6,95.3,99.1,nan,nan
2000/78/0,0:53:0,,76.4,96.7,102.6,nan,nan
2000/72/0,0:53:0,,73.3,97.0,103.1,nan,nan
2000/71/0,0:53:0,,70.3,90.6,97.4,nan,nan
2000/85/0,0:53:0,,79.2,98.9,102.5,nan,nan
2000/85/0,0:53:0,,86.3,108.7,114.5,nan,nan
2000/94/0,0:53:0,,89.7,111.3,116.1,nan,nan
2000/73/0,0:53:0,,82.5,103.6,108.9,nan,nan
2000/83/0,0:53:0,,77.5,96.8,102.2,nan,nan
2000/82/0,0:53:0,,85.1,103.9,108.6,nan,nan
2000/89/0,0:53:0,,91.7,112.0,116.5,nan,nan
2000/74/0,0:53:0,,79.4,98.5,104.2,nan,nan
2000/88/0,0:53:0,,83.0,104.7,113.3,nan,nan
2000/95/0,0:53:0,,93.8,113.7,121.7,nan,nan
2000/84/0,0:53:0,,87.4,106.2,111.6,nan,nan
2000/85/0,0:53:0,,88.8,106.8,116.4,nan,nan
2000/104/0,0:53:0,,96.5,116.6,123.9,nan,nan
2000/89/0,0:53:0,,99.5,119.1,124.6,nan,nan
2000/94/0,0:53:0,,89.6,112.0,117.4,nan,nan
2000/82/0,0:53:0,,88.6,107.8,110.6,nan,nan
2000/86/0,0:53:0,,86.8,106.4,113.5,nan,nan
2000/85/0,0:53:0,,84.4,103.2,107.4,nan,nan
2000/84/0,0:53:0,,85.4,101.9,105.6,nan,nan
2000/78/0,0:53:0,,82.0,101.4,105.9,nan,nan
2000/87/0,0:53:0,,80.8,100.8,106.1,nan,nan
2000/90/0,0:53:0,,89.2,110.5,115.2,nan,nan
2000/81/0,0:53:0,,86.8,107.0,111.1,nan,nan
2000/104/0,0:53:0,,87.7,107.0,113.5,nan,nan
2000/97/0,0:53:0,,102.6,123.8,130.6,nan,nan
2000/92/0,0:53:0,,91.2,112.2,117.1,nan,nan
2000/85/0,0:53:0,,90.0,108.5,111.3,nan,nan
2000/76/0,0:53:0,,81.6,99.1,101.3,nan,nan
2000/93/0,0:53:0,,82.9,100.4,104.1,nan,nan
2000/92/0,0:53:0,,94.9,113.6,119.9,nan,nan
2000/87/0,0:53:0,,88.0,106.0,110.1,nan,nan
2000/97/0,0:53:0,,97.4,114.4,116.7,nan,nan
2000/82/0,0:53:0,,91.0,109.5,114.2,nan,nan
2000/93/0,0:53:0,,86.0,106.2,113.1,nan,nan
2000/91/0,0:53:0,,91.7,109.2,114.2,nan,nan
2000/75/0,0:53:0,,81.2,97.4,101.6,nan,nan
2000/101/0,0:53:0,,92.1,111.1,117.1,nan,nan
2000/87/0,0:53:0,,93.6,111.7,116.0,nan,nan
2000/84/0,0:53:0,,85.6,103.9,110.4,nan,nan
2000/73/0,0:53:0,,74.6,97.6,103.3,nan,nan
2000/93/0,0:53:0,,80.7,103.6,110.7,nan,nan
2000/93/0,0:53:0,,97.4,118.9,125.5,nan,nan
2000/73/0,0:53:0,,85.2,105.3,112.1,nan,nan
2000/82/0,0:53:0,,81.3,102.7,108.8,nan,nan
2000/83/0,0:53:0,,84.7,104.0,107.5,nan,nan
2000/81/0,0:53:0,,85.1,103.1,106.4,nan,nan
2000/84/0,0:53:0,,83.4,103.6,113.3,nan,nan
2000/84/0,0:53:0,,94.6,115.2,123.1,nan,nan
2000/80/0,0:53:0,,84.8,107.4,115.6,nan,nan
2000/80/0,0:53:0,,85.9,105.7,111.5,nan,nan
2000/81/0,0:53:0,,78.4,97.6,103.9,nan,nan
2000/53/0,0:53:0,,69.9,89.5,93.8,nan,nan
2000/72/0,0:53:0,,65.3,84.4,93.0,nan,nan
2000/73/0,0:53:0,,78.6,98.0,100.6,nan,nan
2000/85/0,0:53:0,,82.4,100.5,104.0,nan,nan
2000/80/0,0:53:0,,80.6,102.2,107.3,nan,nan
2000/82/0,0:53:0,,83.4,103.6,109.3,nan,nan
2000/91/0,0:53:0,,81.5,103.8,109.7,nan,nan
2000/92/0,0:53:0,,93.5,114.7,122.0,nan,nan
2000/80/0,0:53:0,,84.1,104.4,108.3,nan,nan
2000/78/0,0:53:0,,79.1,98.3,101.1,nan,nan
2000/83/0,0:53:0,,85.7,106.0,109.9,nan,nan
2000/83/0,0:53:0,,87.7,107.5,111.8,nan,nan
2000/102/0,0:53:0,,95.5,116.0,122.1,nan,nan
2000/92/0,0:53:0,,100.2,118.1,123.6,nan,nan
2000/80/0,0:53:0,,84.1,102.9,106.1,nan,nan
2000/85/0,0:53:0,,83.3,101.6,106.8,nan,nan
2000/68/0,0:53:0,,74.3,93.5,97.8,nan,nan
2000/63/0,0:53:0,,70.2,90.1,95.5,nan,nan
2000/85/0,0:53:0,,74.0,95.0,98.7,nan,nan
2000/87/0,0:53:0,,92.1,111.0,114.0,nan,nan
2000/80/0,0:53:0,,85.3,106.4,109.0,nan,nan
2000/78/0,0:53:0,,77.6,97.5,100.6,nan,nan
2000/90/0,0:53:0,,85.5,105.2,111.4,nan,nan
2000/93/0,0:53:0,,90.5,111.9,118.8,nan,nan
2000/90/0,0:53:0,,96.6,119.4,124.6,nan,nan
2000/89/0,0:53:0,,91.2,113.8,119.3,nan,nan
2000/61/0,0:53:0,,74.6,94.9,98.6,nan,nan
2000/76/0,0:53:0,,62.7,80.7,84.5,nan,nan
2000/80/0,0:53:0,,83.6,104.1,108.7,nan,nan
2000/102/0,0:53:0,,98.6,118.8,125.1,nan,nan
2000/83/0,0:53:0,,101.0,120.7,124.7,nan,nan
2000/86/0,0:53:0,,86.2,107.8,115.0,nan,nan
2000/70/0,0:53:0,,76.6,94.5,101.2,nan,nan
2000/79/0,0:53:0,,74.2,89.7,93.0,nan,nan
2000/74/0,0:53:0,,77.5,98.1,105.0,nan,nan
2000/81/0,0:53:0,,75.4,98.9,104.4,nan,nan
2000/83/0,0:53:0,,82.8,104.9,109.6,nan,nan
2000/82/0,0:53:0,,81.0,101.0,107.8,nan,nan
2000/54/0,0:53:0,,77.8,98.4,105.1,nan,nan
2000/53/0,0:53:0,,52.1,70.2,79.4,nan,nan
2000/82/0,0:53:0,,81.3,100.0,104.9,nan,nan
2000/72/0,0:53:0,,73.5,93.3,97.1,nan,nan
2000/80/0,0:53:0,,79.5,97.3,103.4,nan,nan
2000/71/0,0:53:0,,76.8,97.5,103.7,nan,nan
2000/83/0,0:53:0,,84.6,104.5,107.4,nan,nan
2000/74/0,0:53:0,,77.3,97.3,98.3,nan,nan
2000/76/0,0:53:0,,79.8,100.6,108.7,nan,nan
2000/74/0,0:53:0,,74.0,96.9,102.5,nan,nan
2000/82/0,0:53:0,,81.3,100.6,106.1,nan,nan
2000/81/0,0:53:0,,84.1,102.4,107.6,nan,nan
2000/64/0,0:53:0,,75.2,95.6,100.1,nan,nan
2000/58/0,0:53:0,,53.8,74.5,82.8,nan,nan
2000/62/0,0:53:0,,59.7,79.0,84.5,nan,nan
2000/73/0,0:53:0,,63.5,82.2,87.6,nan,nan
2000/79/0,0:53:0,,81.6,98.4,102.9,nan,nan
2000/79/0,0:53:0,,80.7,101.4,108.4,nan,nan
2000/76/0,0:53:0,,78.5,99.8,105.7,nan,nan
2000/72/0,0:53:0,,75.6,94.1,98.1,nan,nan
2000/79/0,0:53:0,,78.1,97.8,103.6,nan,nan
2000/66/0,0:53:0,,72.9,93.6,99.5,nan,nan
2000/80/0,0:53:0,,74.8,93.8,99.0,nan,nan
2000/77/0,0:53:0,,85.1,104.1,109.0,nan,nan
2000/68/0,0:53:0,,73.3,94.8,97.8,nan,nan
2000/62/0,0:53:0,,61.0,81.2,87.5,nan,nan
2000/65/0,0:53:0,,66.2,85.4,94.4,nan,nan
2000/78/0,0:53:0,,72.9,92.1,97.1,nan,nan
2000/79/0,0:53:0,,84.1,104.3,109.2,nan,nan
2000/62/0,0:53:0,,67.9,89.5,96.0,nan,nan
2000/74/0,0:53:0,,67.6,87.3,92.6,nan,nan
2000/65/0,0:53:0,,66.1,82.8,87.9,nan,nan
2000/81/0,0:53:0,,75.3,93.7,97.5,nan,nan
2000/73/0,0:53:0,,78.0,96.1,99.4,nan,nan
2000/75/0,0:53:0,,74.8,93.8,98.0,nan,nan
2000/82/0,0:53:0,,78.9,97.6,102.3,nan,nan
2000/70/0,0:53:0,,81.1,99.2,103.2,nan,nan
2000/72/0,0:53:0,,74.6,92.2,96.5,nan,nan
2000/83/0,0:53:0,,77.9,95.0,97.1,nan,nan
2000/71/0,0:53:0,,84.2,103.4,106.4,nan,nan
2000/84/0,0:53:0,,81.1,100.0,105.3,nan,nan
2000/68/0,0:53:0,,78.6,99.4,105.4,nan,nan
2000/70/0,0:53:0,,72.1,90.4,95.3,nan,nan
2000/65/0,0:53:0,,65.2,84.7,87.5,nan,nan
2000/81/0,0:53:0,,67.8,87.8,92.3,nan,nan
2000/98/0,0:53:0,,97.7,116.5,123.8,nan,nan
2000/84/0,0:53:0,,89.5,108.8,112.2,nan,nan
2000/79/0,0:53:0,,83.3,99.9,100.6,nan,nan
2000/85/0,0:53:0,,81.5,99.2,104.2,nan,nan
2000/71/0,0:53:0,,76.4,96.7,100.5,nan,nan
2000/87/0,0:53:0,,78.2,97.4,100.0,nan,nan
2000/77/0,0:53:0,,83.0,102.0,108.5,nan,nan
2000/71/0,0:53:0,,70.6,87.2,91.5,nan,nan
2000/67/0,0:53:0,,71.2,85.0,90.2,nan,nan
2000/70/0,0:53:0,,72.3,88.1,90.3,nan,nan
2000/64/0,0:53:0,,74.2,90.3,94.3,nan,nan
2000/72/0,0:53:0,,72.5,91.4,94.1,nan,nan
2000/84/0,0:53:0,,83.1,100.5,104.5,nan,nan
2000/90/0,0:53:0,,83.4,101.2,109.1,nan,nan
2000/86/0,0:53:0,,89.3,106.2,111.5,nan,nan
2000/75/0,0:53:0,,79.0,94.7,98.2,nan,nan
2000/70/0,0:53:0,,77.3,95.5,97.8,nan,nan
2000/80/0,0:53:0,,75.0,94.0,97.3,nan,nan
2000/78/0,0:53:0,,84.6,104.1,108.1,nan,nan
2000/81/0,0:53:0,,83.3,102.3,106.1,nan,nan
2000/80/0,0:53:0,,77.9,94.2,101.1,nan,nan
2000/77/0,0:53:0,,78.1,93.3,95.6,nan,nan
2000/83/0,0:53:0,,83.1,99.4,104.5,nan,nan
2000/95/0,0:53:0,,85.1,103.3,107.0,nan,nan
2000/79/0,0:53:0,,93.5,112.2,117.9,nan,nan
2000/74/0,0:53:0,,76.8,94.3,99.0,nan,nan
2000/67/0,0:53:0,,71.1,88.6,92.2,nan,nan
2000/81/0,0:53:0,,82.2,98.5,102.9,nan,nan
2000/77/0,0:53:0,,81.2,95.7,100.0,nan,nan
2000/81/0,0:53:0,,76.7,93.9,96.0,nan,nan
2000/75/0,0:53:0,,72.0,86.9,93.7,nan,nan
2000/72/0,0:53:0,,72.0,87.5,93.4,nan,nan
2000/70/0,0:53:0,,74.9,89.8,93.0,nan,nan
2000/74/0,0:53:0,,73.6,90.3,93.3,nan,nan
2000/91/0,0:53:0,,89.2,103.4,108.1,nan,nan
2000/93/0,0:53:0,,94.7,112.0,116.2,nan,nan
2000/84/0,0:53:0,,88.2,106.3,110.8,nan,nan
2000/75/0,0:53:0,,85.2,100.5,106.1,nan,nan
2000/65/0,0:53:0,,69.6,83.4,88.2,nan,nan
2000/62/0,0:53:0,,60.9,74.6,81.0,nan,nan
2000/70/0,0:53:0,,66.2,82.4,87.7,nan,nan
2000/70/0,0:53:0,,74.6,89.8,92.3,nan,nan
2000/69/0,0:53:0,,64.7,80.4,83.8,nan,nan
2000/80/0,0:53:0,,76.7,93.9,98.5,nan,nan
2000/72/0,0:53:0,,73.7,91.9,98.5,nan,nan
2000/60/0,0:53:0,,61.1,79.2,84.2,nan,nan
2000/67/0,0:53:0,,68.8,86.6,89.7,nan,nan
2000/86/0,0:53:0,,81.0,95.3,99.0,nan,nan
2000/42/0,0:53:0,,68.7,83.0,89.9,nan,nan
2000/32/0,0:53:0,,35.1,52.1,64.7,nan,nan
2000/34/0,0:53:0,,35.4,52.6,66.0,nan,nan
2000/77/0,0:53:0,,60.0,76.1,83.2,nan,nan
2000/74/0,0:53:0,,72.8,86.2,88.3,nan,nan
2000/66/0,0:53:0,,69.5,85.3,88.9,nan,nan
2000/78/0,0:53:0,,76.4,90.6,92.6,nan,nan
2000/60/0,0:53:0,,72.2,89.0,93.4,nan,nan
2000/53/0,0:53:0,,52.7,68.3,78.5,nan,nan
2000/77/0,0:53:0,,64.4,78.6,86.2,nan,nan
2000/70/0,0:53:0,,75.6,90.7,94.0,nan,nan
2000/72/0,0:53:0,,70.6,86.9,91.5,nan,nan
2000/62/0,0:53:0,,67.2,82.7,86.0,nan,nan
2000/63/0,0:53:0,,62.0,78.6,83.6,nan,nan
2000/54/0,0:53:0,,56.2,69.6,78.7,nan,nan
2000/62/0,0:53:0,,61.2,79.2,84.4,nan,nan
2000/66/0,0:53:0,,63.2,81.3,84.8,nan,nan
2000/69/0,0:53:0,,74.0,90.4,93.1,nan,nan
2000/73/0,0:53:0,,68.7,83.4,88.3,nan,nan
2000/73/0,0:53:0,,79.0,93.9,98.2,nan,nan
2000/65/0,0:53:0,,69.4,84.9,90.2,nan,nan
2000/75/0,0:53:0,,74.6,89.4,92.1,nan,nan
2000/74/0,0:53:0,,78.4,93.4,97.1,nan,nan
2000/70/0,0:53:0,,74.0,90.2,94.6,nan,nan
2000/69/0,0:53:0,,70.2,84.6,86.6,nan,nan
2000/70/0,0:53:0,,69.4,83.1,85.9,nan,nan
2000/84/0,0:53:0,,85.3,101.4,105.1,nan,nan
2000/84/0,0:53:0,,79.0,94.4,99.3,nan,nan
2000/82/0,0:53:0,,83.2,98.9,104.0,nan,nan
2000/62/0,0:53:0,,72.1,90.1,92.6,nan,nan
2000/42/0,0:53:0,,46.7,61.6,74.5,nan,nan
2000/72/0,0:53:0,,60.2,73.5,81.8,nan,nan
2000/85/0,0:53:0,,84.1,96.2,101.4,nan,nan
2000/74/0,0:53:0,,77.4,89.8,92.2,nan,nan
2000/80/0,0:53:0,,79.9,93.6,95.2,nan,nan
2000/72/0,0:53:0,,76.4,91.7,93.8,nan,nan
2000/72/0,0:53:0,,71.8,87.0,89.2,nan,nan
2000/85/0,0:53:0,,77.1,90.6,94.9,nan,nan
2000/95/0,0:53:0,,90.2,104.6,109.3,nan,nan
2000/83/0,0:53:0,,85.4,100.8,105.4,nan,nan
2000/71/0,0:53:0,,72.6,88.6,91.3,nan,nan
2000/58/0,0:53:0,,62.3,75.9,81.2,nan,nan
2000/68/0,0:53:0,,63.6,77.1,82.6,nan,nan
2000/81/0,0:53:0,,79.1,92.7,98.3,nan,nan
2000/83/0,0:53:0,,80.6,94.1,100.6,nan,nan
2000/76/0,0:53:0,,78.1,93.2,97.4,nan,nan
2000/72/0,0:53:0,,69.7,83.4,90.0,nan,nan
2000/70/0,0:53:0,,71.1,82.5,87.8,nan,nan
2000/65/0,0:53:0,,66.8,81.0,87.0,nan,nan
2000/60/0,0:53:0,,65.2,80.6,83.6,nan,nan
2000/65/0,0:53:0,,63.9,79.5,83.6,nan,nan
2000/73/0,0:53:0,,78.4,91.7,93.2,nan,nan
2000/69/0,0:53:0,,71.4,84.3,85.3,nan,nan
2000/75/0,0:53:0,,68.1,81.1,86.3,nan,nan
2000/72/0,0:53:0,,73.2,88.5,92.2,nan,nan
2000/89/0,0:53:0,,81.6,93.8,95.4,nan,nan
2000/72/0,0:53:0,,83.7,98.4,101.7,nan,nan
2000/73/0,0:53:0,,70.5,85.3,90.6,nan,nan
2000/74/0,0:53:0,,74.3,85.9,90.2,nan,nan
2000/61/0,0:53:0,,70.5,83.7,88.7,nan,nan
2000/67/0,0:53:0,,59.9,72.2,79.4,nan,nan
2000/71/0,0:53:0,,71.6,83.6,87.8,nan,nan
2000/83/0,0:53:0,,79.9,90.4,93.8,nan,nan
2000/73/0,0:53:0,,80.8,95.0,97.5,nan,nan
2000/67/0,0:53:0,,67.7,81.7,85.1,nan,nan
2000/93/0,0:53:0,,80.1,93.9,97.0,nan,nan
2000/89/0,0:53:0,,93.5,107.4,110.5,nan,nan
2000/91/0,0:53:0,,89.4,101.2,103.9,nan,nan
2000/48/0,0:53:0,,62.8,74.1,81.7,nan,nan
2000/58/0,0:53:0,,51.4,67.4,76.7,nan,nan
2000/58/0,0:53:0,,60.0,74.3,81.3,nan,nan
2000/71/0,0:53:0,,67.7,82.2,86.2,nan,nan
2000/85/0,0:53:0,,78.0,92.9,96.4,nan,nan
2000/70/0,0:53:0,,77.6,89.7,93.6,nan,nan
2000/73/0,0:53:0,,72.8,87.2,90.6,nan,nan
2000/79/0,0:53:0,,73.3,84.9,86.8,nan,nan
2000/92/0,0:53:0,,90.2,102.9,105.2,nan,nan
2000/104/0,0:53:0,,98.7,109.9,113.8,nan,nan
2000/76/0,0:53:0,,91.2,105.5,109.6,nan,nan
2000/70/0,0:53:0,,77.5,90.8,95.4,nan,nan
2000/72/0,0:53:0,,67.2,83.4,91.7,nan,nan
2000/84/0,0:53:0,,80.2,95.3,99.3,nan,nan
2000/92/0,0:53:0,,88.8,103.0,105.4,nan,nan
2000/95/0,0:53:0,,96.0,109.2,111.4,nan,nan
2000/87/0,0:53:0,,92.1,105.2,108.0,nan,nan
2000/75/0,0:53:0,,85.5,98.7,100.4,nan,nan
2000/51/0,0:53:0,,56.2,71.8,79.0,nan,nan
2000/82/0,0:53:0,,70.5,84.8,87.9,nan,nan
2000/91/0,0:53:0,,88.8,102.5,107.2,nan,nan
2000/99/0,0:53:0,,96.7,109.6,115.1,nan,nan
2000/86/0,0:53:0,,93.7,107.2,109.0,nan,nan
2000/73/0,0:53:0,,86.9,99.7,103.4,nan,nan
2000/72/0,0:53:0,,73.2,87.3,90.7,nan,nan
2000/70/0,0:53:0,,67.4,80.7,85.0,nan,nan
2000/69/0,0:53:0,,66.4,81.3,84.0,nan,nan
2000/60/0,0:53:0,,68.8,82.4,85.5,nan,nan
2000/73/0,0:53:0,,65.9,79.1,82.0,nan,nan
2000/72/0,0:53:0,,71.5,86.0,88.3,nan,nan
2000/71/0,0:53:0,,65.6,79.8,83.8,nan,nan
2000/63/0,0:53:0,,63.3,75.6,81.6,nan,nan
2000/82/0,0:53:0,,79.6,92.6,95.1,nan,nan
2000/73/0,0:53:0,,83.9,96.8,99.6,nan,nan
2000/70/0,0:53:0,,72.1,83.1,86.6,nan,nan
2000/69/0,0:53:0,,74.3,85.5,87.3,nan,nan
2000/51/0,0:53:0,,61.2,73.3,79.7,nan,nan
2000/51/0,0:53:0,,46.0,57.7,71.5,nan,nan
2000/94/0,0:53:0,,78.9,91.7,94.1,nan,nan
2000/71/0,0:53:0,,86.5,99.7,102.3,nan,nan
2000/64/0,0:53:0,,63.5,74.4,80.8,nan,nan
2000/73/0,0:53:0,,71.4,81.9,84.0,nan,nan
2000/65/0,0:53:0,,66.8,79.7,83.8,nan,nan
2000/75/0,0:53:0,,75.2,88.4,92.1,nan,nan
2000/70/0,0:53:0,,78.8,93.7,98.4,nan,nan
2000/71/0,0:53:0,,75.7,89.0,92.4,nan,nan
2000/67/0,0:53:0,,66.2,78.4,82.3,nan,nan
2000/68/0,0:53:0,,68.6,79.7,84.0,nan,nan
2000/57/0,0:53:0,,62.2,74.9,80.9,nan,nan
2000/55/0,0:53:0,,54.3,66.3,77.1,nan,nan
2000/75/0,0:53:0,,67.3,78.6,82.8,nan,nan
2000/72/0,0:53:0,,74.6,87.5,90.7,nan,nan
2000/83/0,0:53:0,,89.9,101.0,104.9,nan,nan
2000/83/0,0:53:0,,82.7,93.7,97.2,nan,nan
2000/78/0,0:53:0,,84.2,95.4,97.1,nan,nan
2000/84/0,0:53:0,,85.3,98.2,101.3,nan,nan
2000/72/0,0:53:0,,72.2,83.8,87.5,nan,nan
2000/75/0,0:53:0,,78.3,90.3,94.0,nan,nan
2000/65/0,0:53:0,,69.6,81.0,84.6,nan,nan
2000/80/0,0:53:0,,75.2,88.5,91.0,nan,nan
2000/71/0,0:53:0,,81.7,95.0,96.7,nan,nan
2000/80/0,0:53:0,,77.1,91.9,93.0,nan,nan
2000/69/0,0:53:0,,69.8,80.0,82.9,nan,nan
2000/64/0,0:53:0,,64.3,76.1,81.3,nan,nan
2000/76/0,0:53:0,,74.3,86.3,89.5,nan,nan
2000/72/0,0:53:0,,75.1,86.1,88.9,nan,nan
2000/62/0,0:53:0,,71.9,82.4,84.9,nan,nan
2000/83/0,0:53:0,,80.7,95.0,99.1,nan,nan
2000/83/0,0:53:0,,86.0,96.3,99.0,nan,nan
2000/63/0,0:53:0,,70.6,80.2,85.4,nan,nan
2000/69/0,0:53:0,,64.6,76.7,83.0,nan,nan
2000/69/0,0:53:0,,66.4,81.5,85.1,nan,nan
2000/80/0,0:53:0,,79.0,90.7,92.5,nan,nan
2000/78/0,0:53:0,,87.1,98.3,102.6,nan,nan
2000/68/0,0:53:0,,67.6,79.0,85.2,nan,nan
2000/81/0,0:53:0,,73.3,86.1,90.2,nan,nan
2000/73/0,0:53:0,,79.6,91.9,94.6,nan,nan
2000/85/0,0:53:0,,77.4,89.3,90.7,nan,nan
2000/70/0,0:53:0,,78.2,89.6,90.1,nan,nan
2000/71/0,0:53:0,,76.7,90.5,94.7,nan,nan
2000/83/0,0:53:0,,80.2,91.9,95.3,nan,nan
2000/65/0,0:53:0,,76.2,86.5,90.3,nan,nan
2000/69/0,0:53:0,,68.8,80.4,85.0,nan,nan
2000/90/0,0:53:0,,75.2,87.3,91.8,nan,nan
2000/84/0,0:53:0,,86.3,98.3,102.3,nan,nan
2000/65/0,0:53:0,,78.6,91.9,93.4,nan,nan
2000/82/0,0:53:0,,72.9,84.8,88.0,nan,nan
2000/80/0,0:53:0,,85.9,98.6,102.3,nan,nan
2000/72/0,0:53:0,,79.2,92.5,95.7,nan,nan
2000/41/0,0:53:0,,58.3,70.6,79.2,nan,nan
2000/44/0,0:53:0,,36.4,50.2,62.7,nan,nan
2000/79/0,0:53:0,,61.9,74.1,80.1,nan,nan
2000/85/0,0:53:0,,84.1,95.3,97.1,nan,nan
2000/75/0,0:53:0,,82.8,94.0,97.9,nan,nan
2000/53/0,0:53:0,,63.8,76.1,81.3,nan,nan
2000/60/0,0:53:0,,56.4,67.7,76.9,nan,nan
2000/66/0,0:53:0,,66.0,77.2,81.3,nan,nan
2000/83/0,0:53:0,,74.5,86.6,88.0,nan,nan
2000/82/0,0:53:0,,80.1,92.0,93.6,nan,nan
2000/72/0,0:53:0,,77.0,87.7,90.8,nan,nan
2000/70/0,0:53:0,,70.6,83.5,87.6,nan,nan
2000/65/0,0:53:0,,64.6,77.1,82.5,nan,nan
2000/75/0,0:53:0,,71.2,82.7,84.1,nan,nan
2000/81/0,0:53:0,,79.7,92.5,95.4,nan,nan
2000/64/0,0:53:0,,73.9,84.6,89.9,nan,nan
2000/61/0,0:53:0,,67.4,79.5,85.4,nan,nan
2000/60/0,0:53:0,,58.5,70.9,77.6,nan,nan
2000/75/0,0:53:0,,65.3,77.2,82.3,nan,nan
2000/67/0,0:53:0,,77.1,89.5,91.3,nan,nan
2000/66/0,0:53:0,,65.8,77.3,82.5,nan,nan
2000/71/0,0:53:0,,70.1,84.1,87.0,nan,nan
2000/72/0,0:53:0,,69.3,80.9,84.3,nan,nan
2000/75/0,0:53:0,,72.5,83.1,84.6,nan,nan
2000/70/0,0:53:0,,73.7,84.1,85.8,nan,nan
2000/80/0,0:53:0,,81.9,92.4,94.7,nan,nan
2000/72/0,0:53:0,,78.7,90.3,93.8,nan,nan
2000/75/0,0:53:0,,76.2,86.4,90.3,nan,nan
2000/56/0,0:53:0,,72.1,83.6,88.4,nan,nan
2000/55/0,0:53:0,,53.2,63.9,74.1,nan,nan
2000/69/0,0:53:0,,69.3,77.4,82.1,nan,nan
2000/64/0,0:53:0,,64.0,74.3,81.2,nan,nan
2000/81/0,0:53:0,,73.5,84.4,88.6,nan,nan
2000/73/0,0:53:0,,79.8,89.8,93.1,nan,nan
2000/39/0,0:53:0,,52.8,62.2,73.2,nan,nan
2000/20/0,0:53:0,,29.0,43.2,52.0,nan,nan
2000/65/0,0:53:0,,44.4,57.7,66.4,nan,nan
2000/84/0,0:53:0,,82.7,95.3,99.4,nan,nan
2000/82/0,0:53:0,,81.6,92.8,95.8,nan,nan
2000/70/0,0:53:0,,79.8,90.7,92.6,nan,nan
2000/63/0,0:53:0,,63.6,75.0,81.5,nan,nan
2000/23/0,0:53:0,,40.0,51.4,63.1,nan,nan
2000/55/0,0:53:0,,33.5,47.2,57.4,nan,nan
2000/65/0,0:53:0,,63.4,74.2,80.0,nan,nan
2000/63/0,0:53:0,,69.8,80.1,85.4,nan,nan
2000/52/0,0:53:0,,57.3,67.4,78.4,nan,nan
2000/63/0,0:53:0,,58.7,68.5,77.3,nan,nan
2000/60/0,0:53:0,,60.5,72.2,78.7,nan,nan
2000/60/0,0:53:0,,61.0,71.0,78.9,nan,nan
2000/61/0,0:53:0,,59.6,70.5,78.9,nan,nan
2000/74/0,0:53:0,,71.3,82.0,84.5,nan,nan
2000/69/0,0:53:0,,72.2,82.6,86.4,nan,nan
2000/56/0,0:53:0,,61.6,73.3,81.6,nan,nan
2000/72/0,0:53:0,,66.0,76.1,82.1,nan,nan
2000/52/0,0:53:0,,67.0,77.5,81.6,nan,nan
2000/55/0,0:53:0,,50.1,60.2,72.5,nan,nan
2000/62/0,0:53:0,,58.7,67.9,76.8,nan,nan
2000/69/0,0:53:0,,68.0,79.6,82.9,nan,nan
2000/61/0,0:53:0,,64.8,75.8,81.3,nan,nan
2000/64/0,0:53:0,,65.6,76.0,80.6,nan,nan
2000/65/0,0:53:0,,67.8,79.0,82.4,nan,nan
2000/67/0,0:53:0,,70.2,82.0,87.1,nan,nan
2000/65/0,0:53:0,,69.4,80.0,86.1,nan,nan
2000/61/0,0:53:0,,59.2,68.1,77.0,nan,nan
2000/63/0,0:53:0,,65.6,75.1,80.3,nan,nan
2000/61/0,0:53:0,,62.1,73.1,79.3,nan,nan
2000/63/0,0:53:0,,57.2,67.9,76.5,nan,nan
2000/72/0,0:53:0,,67.1,77.8,81.6,nan,nan
2000/70/0,0:53:0,,71.2,81.0,83.2,nan,nan
2000/45/0,0:53:0,,61.5,73.2,79.8,nan,nan
2000/40/0,0:53:0,,37.9,51.8,64.6,nan,nan
2000/55/0,0:53:0,,52.4,64.4,75.9,nan,nan
2000/66/0,0:53:0,,62.0,73.2,79.4,nan,nan
2000/65/0,0:53:0,,66.7,78.5,80.8,nan,nan
2000/75/0,0:53:0,,68.5,81.8,84.6,nan,nan
2000/69/0,0:53:0,,69.9,79.8,83.4,nan,nan
2000/63/0,0:53:0,,64.8,75.3,82.1,nan,nan
2000/70/0,0:53:0,,67.2,79.0,82.8,nan,nan
2000/82/0,0:53:0,,82.6,94.5,95.8,nan,nan
2000/62/0,0:53:0,,72.7,83.9,87.8,nan,nan
2000/73/0,0:53:0,,67.5,79.3,83.1,nan,nan
2000/70/0,0:53:0,,74.0,83.2,86.9,nan,nan
2000/70/0,0:53:0,,68.0,79.7,83.3,nan,nan
2000/82/0,0:53:0,,83.0,94.6,97.7,nan,nan
2000/83/0,0:53:0,,90.4,103.6,106.9,nan,nan
2000/63/0,0:53:0,,73.3,83.2,85.1,nan,nan
2000/69/0,0:53:0,,64.0,75.8,81.0,nan,nan
2000/70/0,0:53:0,,72.3,81.9,85.4,nan,nan
2000/62/0,0:53:0,,64.9,73.5,79.4,nan,nan
2000/81/0,0:53:0,,72.1,82.0,87.2,nan,nan
2000/88/0,0:53:0,,87.6,99.4,102.3,nan,nan
2000/71/0,0:53:0,,78.3,90.5,91.8,nan,nan
2000/80/0,0:53:0,,72.3,81.9,84.3,nan,nan
2000/61/0,0:53:0,,82.7,92.2,95.9,nan,nan
2000/44/0,0:53:0,,41.0,53.9,67.7,nan,nan
2000/69/0,0:53:0,,54.6,65.0,75.6,nan,nan
2000/87/0,0:53:0,,81.8,94.5,96.0,nan,nan
2000/72/0,0:53:0,,80.8,91.9,93.4,nan,nan
2000/72/0,0:53:0,,68.5,77.6,81.5,nan,nan
2000/70/0,0:53:0,,74.7,84.3,87.0,nan,nan
2000/78/0,0:53:0,,74.9,84.4,86.8,nan,nan
2000/62/0,0:53:0,,69.2,79.4,82.2,nan,nan
2000/78/0,0:53:0,,70.0,81.9,85.0,nan,nan
2000/66/0,0:53:0,,74.3,84.4,88.6,nan,nan
2000/67/0,0:53:0,,65.5,78.1,82.5,nan,nan
2000/74/0,0:53:0,,71.8,81.9,84.8,nan,nan
2000/64/0,0:53:0,,64.2,73.2,80.0,nan,nan
2000/74/0,0:53:0,,67.1,76.0,81.5,nan,nan
2000/73/0,0:53:0,,73.4,83.3,85.7,nan,nan
2000/77/0,0:53:0,,77.2,90.3,93.9,nan,nan
2000/67/0,0:53:0,,71.7,85.0,88.3,nan,nan
2000/73/0,0:53:0,,77.6,89.9,92.1,nan,nan
2000/68/0,0:53:0,,69.6,80.6,84.2,nan,nan
2000/84/0,0:53:0,,75.9,85.3,89.2,nan,nan
2000/67/0,0:53:0,,76.0,87.2,90.8,nan,nan
2000/64/0,0:53:0,,61.5,73.6,79.4,nan,nan
2000/71/0,0:53:0,,68.0,77.7,82.3,nan,nan
2000/65/0,0:53:0,,67.6,77.3,81.2,nan,nan
2000/84/0,0:53:0,,74.6,85.0,87.0,nan,nan
2000/85/0,0:53:0,,86.3,96.3,98.3,nan,nan
2000/73/0,0:53:0,,79.8,89.9,91.0,nan,nan
2000/71/0,0:53:0,,65.6,74.5,80.0,nan,nan
2000/71/0,0:53:0,,74.3,84.7,86.2,nan,nan
2000/62/0,0:53:0,,64.2,74.8,80.1,nan,nan
2000/64/0,0:53:0,,65.3,75.6,80.3,nan,nan
2000/50/0,0:53:0,,62.7,73.4,82.0,nan,nan
2000/60/0,0:53:0,,59.4,68.7,77.1,nan,nan
2000/61/0,0:53:0,,64.6,75.5,80.9,nan,nan
2000/73/0,0:53:0,,70.7,80.6,83.9,nan,nan
2000/65/0,0:53:0,,66.3,75.3,79.3,nan,nan
2000/74/0,0:53:0,,68.8,78.3,81.2,nan,nan
2000/63/0,0:53:0,,68.0,79.5,83.0,nan,nan
2000/63/0,0:53:0,,64.2,72.7,78.2,nan,nan
2000/62/0,0:53:0,,62.3,72.6,78.6,nan,nan
2000/73/0,0:53:0,,66.3,77.4,81.8,nan,nan
2000/80/0,0:53:0,,78.4,90.3,91.0,nan,nan
2000/60/0,0:53:0,,70.5,80.6,82.9,nan,nan
2000/66/0,0:53:0,,67.9,77.4,80.8,nan,nan
2000/71/0,0:53:0,,73.2,83.8,84.8,nan,nan
2000/71/0,0:53:0,,71.2,81.6,84.5,nan,nan
2000/73/0,0:53:0,,68.8,78.1,82.1,nan,nan
2000/85/0,0:53:0,,82.5,92.6,94.4,nan,nan
2000/68/0,0:53:0,,74.5,85.3,86.3,nan,nan
2000/65/0,0:53:0,,66.2,76.2,80.3,nan,nan
2000/63/0,0:53:0,,69.4,81.4,86.2,nan,nan
2000/78/0,0:53:0,,73.7,85.7,90.3,nan,nan
2000/78/0,0:53:0,,76.1,86.7,88.9,nan,nan
2000/63/0,0:53:0,,69.3,80.0,83.2,nan,nan
2000/61/0,0:53:0,,67.0,77.0,81.3,nan,nan
2000/75/0,0:53:0,,68.7,79.9,84.2,nan,nan
2000/63/0,0:53:0,,66.0,76.3,81.9,nan,nan
2000/93/0,0:53:0,,75.4,86.9,88.8,nan,nan
2000/70/0,0:53:0,,82.7,94.0,95.5,nan,nan
2000/74/0,0:53:0,,72.1,80.8,85.1,nan,nan
2000/64/0,0:53:0,,66.0,77.3,81.9,nan,nan
2000/67/0,0:53:0,,68.5,81.1,83.5,nan,nan
2000/85/0,0:53:0,,74.8,85.5,90.2,nan,nan
2000/83/0,0:53:0,,84.5,94.4,98.7,nan,nan
2000/78/0,0:53:0,,86.1,95.7,98.1,nan,nan
2000/71/0,0:53:0,,72.9,82.8,87.3,nan,nan
2000/63/0,0:53:0,,69.3,80.2,82.9,nan,nan
2000/72/0,0:53:0,,70.2,80.6,83.5,nan,nan
2000/91/0,0:53:0,,84.0,92.5,94.6,nan,nan
2000/68/0,0:53:0,,84.0,94.3,97.0,nan,nan
2000/61/0,0:53:0,,59.7,68.3,76.4,nan,nan
2000/72/0,0:53:0,,66.6,75.2,80.0,nan,nan
2000/65/0,0:53:0,,68.8,78.9,81.7,nan,nan
2000/73/0,0:53:0,,68.9,78.6,82.1,nan,nan
2000/70/0,0:53:0,,76.9,88.2,89.2,nan,nan
2000/55/0,0:53:0,,60.5,71.9,78.1,nan,nan
2000/62/0,0:53:0,,58.1,69.8,78.3,nan,nan
2000/64/0,0:53:0,,60.0,68.9,76.7,nan,nan
2000/64/0,0:53:0,,59.0,68.3,76.1,nan,nan
2000/61/0,0:53:0,,61.6,71.6,78.7,nan,nan
2000/65/0,0:53:0,,65.9,73.9,79.9,nan,nan
2000/73/0,0:53:0,,71.7,81.8,85.5,nan,nan
2000/62/0,0:53:0,,66.1,75.5,80.7,nan,nan
2000/66/0,0:53:0,,72.3,81.6,84.3,nan,nan
2000/91/0,0:53:0,,74.1,82.5,85.0,nan,nan
2000/75/0,0:53:0,,90.3,101.5,102.5,nan,nan
2000/80/0,0:53:0,,75.4,85.5,86.6,nan,nan
2000/75/0,0:53:0,,84.7,95.1,97.1,nan,nan
2000/49/0,0:53:0,,60.9,71.8,77.3,nan,nan
2000/60/0,0:53:0,,61.5,70.3,77.3,nan,nan
2000/69/0,0:53:0,,66.2,75.3,79.9,nan,nan
2000/74/0,0:53:0,,69.2,79.4,82.0,nan,nan
2000/82/0,0:53:0,,76.7,86.2,86.8,nan,nan
2000/75/0,0:53:0,,75.6,85.1,88.4,nan,nan
2000/80/0,0:53:0,,76.1,86.1,89.8,nan,nan
2000/79/0,0:53:0,,84.0,93.6,95.7,nan,nan
2000/66/0,0:53:0,,74.8,84.2,88.0,nan,nan
2000/73/0,0:53:0,,70.8,79.8,88.0,nan,nan
2000/59/0,0:53:0,,60.8,69.4,77.2,nan,nan
2000/71/0,0:53:0,,65.7,73.6,80.5,nan,nan
2000/67/0,0:53:0,,67.1,76.3,81.7,nan,nan
2000/72/0,0:53:0,,72.7,82.0,85.2,nan,nan
2000/71/0,0:53:0,,69.5,79.7,83.3,nan,nan
2000/75/0,0:53:0,,77.6,86.1,87.7,nan,nan
2000/83/0,0:53:0,,87.1,96.6,96.6,nan,nan
2000/80/0,0:53:0,,79.5,90.1,90.9,nan,nan
2000/78/0,0:53:0,,82.6,90.1,91.3,nan,nan
2000/80/0,0:53:0,,74.8,82.4,85.2,nan,nan
2000/71/0,0:53:0,,78.3,87.7,91.9,nan,nan
2000/71/0,0:53:0,,76.1,85.7,88.0,nan,nan
2000/73/0,0:53:0,,77.7,88.0,90.5,nan,nan
2000/80/0,0:53:0,,75.1,85.8,87.6,nan,nan
2000/90/0,0:53:0,,85.9,96.0,99.6,nan,nan
2000/93/0,0:53:0,,93.8,103.4,108.8,nan,nan
2000/78/0,0:53:0,,79.7,87.2,90.1,nan,nan
2000/70/0,0:53:0,,80.0,88.9,94.2,nan,nan
2000/51/0,0:53:0,,61.2,69.8,78.5,nan,nan
2000/56/0,0:53:0,,56.9,67.3,75.8,nan,nan
2000/88/0,0:53:0,,73.4,83.1,87.4,nan,nan
2000/72/0,0:53:0,,87.9,99.4,102.3,nan,nan
2000/61/0,0:53:0,,66.1,80.2,83.1,nan,nan
2000/64/0,0:53:0,,59.4,69.5,77.9,nan,nan
2000/66/0,0:53:0,,65.8,75.1,81.1,nan,nan
2000/74/0,0:53:0,,69.4,78.3,80.9,nan,nan
2000/71/0,0:53:0,,71.6,80.4,81.6,nan,nan
2000/73/0,0:53:0,,72.5,81.9,84.6,nan,nan
2000/85/0,0:53:0,,85.3,94.4,96.1,nan,nan
2000/65/0,0:53:0,,71.3,80.4,84.6,nan,nan
2000/68/0,0:53:0,,68.4,79.1,82.2,nan,nan
2000/72/0,0:53:0,,70.6,80.7,83.5,nan,nan
2000/75/0,0:53:0,,67.3,76.8,82.0,nan,nan
2000/63/0,0:53:0,,73.3,84.5,88.3,nan,nan
2000/75/0,0:53:0,,59.9,70.6,77.3,nan,nan
2000/69/0,0:53:0,,68.6,77.4,81.5,nan,nan
2000/65/0,0:53:0,,67.4,77.0,81.6,nan,nan
2000/83/0,0:53:0,,75.7,85.3,88.2,nan,nan
2000/80/0,0:53:0,,87.2,96.3,97.3,nan,nan
2000/70/0,0:53:0,,72.0,80.2,83.1,nan,nan
2000/34/0,0:53:0,,50.1,60.0,69.0,nan,nan
2000/69/0,0:53:0,,44.9,57.0,67.1,nan,nan
2000/60/0,0:53:0,,66.7,77.3,80.4,nan,nan
2000/78/0,0:53:0,,72.1,84.0,86.0,nan,nan
2000/67/0,0:53:0,,76.0,86.2,88.4,nan,nan
2000/55/0,0:53:0,,61.0,71.5,78.4,nan,nan
2000/62/0,0:53:0,,57.0,67.6,76.0,nan,nan
2000/65/0,0:53:0,,65.7,74.8,80.5,nan,nan
2000/71/0,0:53:0,,72.0,82.9,85.4,nan,nan
2000/71/0,0:53:0,,67.5,76.7,82.3,nan,nan
2000/77/0,0:53:0,,81.5,91.4,94.8,nan,nan
2000/58/0,0:53:0,,68.8,80.3,83.7,nan,nan
2000/38/0,0:53:0,,50.4,61.0,71.8,nan,nan
2000/15/0,0:53:0,,24.9,38.4,45.4,nan,nan
2000/80/0,0:53:0,,54.5,66.7,74.3,nan,nan
2000/74/0,0:53:0,,76.4,87.3,92.2,nan,nan
2000/60/0,0:53:0,,67.8,77.7,83.5,nan,nan
2000/65/0,0:53:0,,61.4,70.4,77.6,nan,nan
2000/50/0,0:53:0,,63.9,73.6,79.7,nan,nan
2000/42/0,0:53:0,,44.0,53.9,66.2,nan,nan
2000/57/0,0:53:0,,48.5,57.9,70.3,nan,nan
2000/77/0,0:53:0,,72.1,82.0,85.7,nan,nan
2000/61/0,0:53:0,,68.1,78.6,82.3,nan,nan
2000/63/0,0:53:0,,63.6,73.9,79.4,nan,nan
2000/43/0,0:53:0,,45.1,57.1,68.2,nan,nan
2000/56/0,0:53:0,,41.2,53.6,64.8,nan,nan
2000/64/0,0:53:0,,63.6,73.7,81.3,nan,nan
2000/64/0,0:53:0,,57.9,67.4,76.4,nan,nan
2000/59/0,0:53:0,,63.8,77.4,82.0,nan,nan
2000/19/0,0:53:0,,36.4,50.8,63.4,nan,nan
2000/42/0,0:53:0,,28.2,40.4,51.1,nan,nan
2000/66/0,0:53:0,,60.2,69.8,76.7,nan,nan
2000/87/0,0:53:0,,73.0,83.6,87.2,nan,nan
2000/80/0,0:53:0,,87.7,97.9,100.0,nan,nan
2000/61/0,0:53:0,,70.3,80.8,84.3,nan,nan
2000/61/0,0:53:0,,63.8,74.1,79.5,nan,nan
2000/63/0,0:53:0,,62.3,72.2,78.0,nan,nan
2000/45/0,0:53:0,,57.1,67.9,76.1,nan,nan
2000/55/0,0:53:0,,49.4,58.5,72.1,nan,nan
2000/55/0,0:53:0,,51.4,59.3,72.4,nan,nan
2000/70/0,0:53:0,,64.8,73.3,80.6,nan,nan
2000/61/0,0:53:0,,66.2,76.5,81.5,nan,nan
2000/65/0,0:53:0,,65.9,78.0,81.7,nan,nan
2000/63/0,0:53:0,,66.9,76.9,80.6,nan,nan
2000/73/0,0:53:0,,71.1,81.3,84.4,nan,nan
2000/70/0,0:53:0,,75.0,86.0,87.4,nan,nan
2000/61/0,0:53:0,,61.1,72.2,78.6,nan,nan
2000/51/0,0:53:0,,49.5,60.9,72.8,nan,nan
2000/62/0,0:53:0,,52.5,59.4,72.6,nan,nan
2000/75/0,0:53:0,,67.6,74.7,80.2,nan,nan
2000/62/0,0:53:0,,73.0,81.8,84.9,nan,nan
2000/61/0,0:53:0,,63.8,73.2,80.5,nan,nan
2000/64/0,0:53:0,,60.6,69.1,77.4,nan,nan
2000/53/0,0:53:0,,57.0,66.4,74.5,nan,nan
2000/54/0,0:53:0,,51.7,61.5,74.0,nan,nan
2000/69/0,0:53:0,,55.9,64.1,74.0,nan,nan
2000/72/0,0:53:0,,75.9,87.1,92.8,nan,nan
2000/75/0,0:53:0,,70.5,78.9,82.7,nan,nan
2000/64/0,0:53:0,,72.2,82.6,85.0,nan,nan
2000/35/0,0:53:0,,40.3,53.0,65.8,nan,nan
2000/30/0,0:53:0,,32.1,46.2,57.6,nan,nan
2000/50/0,0:53:0,,37.8,49.7,61.9,nan,nan
2000/57/0,0:53:0,,58.5,67.3,75.3,nan,nan
2000/60/0,0:53:0,,60.0,71.8,77.8,nan,nan
2000/56/0,0:53:0,,57.8,67.8,76.4,nan,nan
2000/60/0,0:53:0,,60.1,70.4,77.4,nan,nan
2000/31/0,0:53:0,,44.3,55.2,68.5,nan,nan
2000/38/0,0:53:0,,32.6,45.5,57.1,nan,nan
2000/67/0,0:53:0,,59.5,68.7,76.2,nan,nan
2000/53/0,0:53:0,,55.7,65.7,75.0,nan,nan
2000/68/0,0:53:0,,67.0,77.2,83.4,nan,nan
2000/70/0,0:53:0,,72.9,80.0,84.6,nan,nan
2000/69/0,0:53:0,,71.0,81.6,83.0,nan,nan
2000/73/0,0:53:0,,67.5,78.1,81.7,nan,nan
2000/71/0,0:53:0,,69.8,80.8,83.2,nan,nan
2000/60/0,0:53:0,,71.0,82.3,83.9,nan,nan
2000/57/0,0:53:0,,57.7,67.8,76.1,nan,nan
2000/75/0,0:53:0,,65.8,75.1,80.2,nan,nan
2000/79/0,0:53:0,,76.0,87.1,88.6,nan,nan
2000/79/0,0:53:0,,81.0,92.3,93.4,nan,nan
2000/88/0,0:53:0,,84.6,95.0,96.3,nan,nan
2000/77/0,0:53:0,,80.9,90.0,91.9,nan,nan
2000/80/0,0:53:0,,77.4,88.3,90.6,nan,nan
2000/70/0,0:53:0,,76.5,86.1,88.5,nan,nan
2000/73/0,0:53:0,,72.4,81.3,85.5,nan,nan
2000/80/0,0:53:0,,84.2,92.3,93.7,nan,nan
2000/70/0,0:53:0,,79.3,89.3,90.5,nan,nan
2000/73/0,0:53:0,,69.2,81.0,84.4,nan,nan
2000/72/0,0:53:0,,69.4,80.5,84.6,nan,nan
2000/83/0,0:53:0,,73.7,85.2,88.7,nan,nan
2000/53/0,0:53:0,,66.0,75.4,81.5,nan,nan
2000/59/0,0:53:0,,60.3,69.8,77.1,nan,nan
2000/82/0,0:53:0,,74.0,83.8,87.7,nan,nan
2000/69/0,0:53:0,,79.1,89.0,91.6,nan,nan
2000/69/0,0:53:0,,69.5,79.3,83.4,nan,nan
2000/65/0,0:53:0,,59.5,69.2,76.0,nan,nan
2000/91/0,0:53:0,,84.3,95.6,96.8,nan,nan
2000/91/0,0:53:0,,89.8,99.0,99.4,nan,nan
2000/83/0,0:53:0,,85.1,93.8,95.6,nan,nan
2000/66/0,0:53:0,,75.6,84.0,86.4,nan,nan
2000/52/0,0:53:0,,58.7,69.0,76.6,nan,nan
2000/45/0,0:53:0,,44.4,55.4,67.4,nan,nan
2000/58/0,0:53:0,,52.7,62.1,72.2,nan,nan
2000/71/0,0:53:0,,64.6,74.7,80.6,nan,nan
2000/69/0,0:53:0,,76.8,87.2,90.3,nan,nan
2000/79/0,0:53:0,,75.3,88.8,91.0,nan,nan
2000/70/0,0:53:0,,77.1,87.5,89.5,nan,nan
2000/78/0,0:53:0,,72.6,81.5,83.4,nan,nan
2000/77/0,0:53:0,,82.9,92.7,96.0,nan,nan
2000/70/0,0:53:0,,78.1,89.0,92.0,nan,nan
2000/79/0,0:53:0,,80.5,88.8,91.6,nan,nan
2000/62/0,0:53:0,,68.6,78.9,82.1,nan,nan
2000/74/0,0:53:0,,68.3,78.2,80.9,nan,nan
2000/71/0,0:53:0,,72.8,80.5,82.9,nan,nan
2000/72/0,0:53:0,,67.1,76.9,81.2,nan,nan
2000/84/0,0:53:0,,83.4,93.0,94.6,nan,nan
2000/73/0,0:53:0,,80.7,90.6,93.2,nan,nan
2000/70/0,0:53:0,,78.9,89.7,91.3,nan,nan
2000/73/0,0:53:0,,77.6,89.5,92.3,nan,nan
2000/72/0,0:53:0,,68.8,80.5,84.0,nan,nan
2000/72/0,0:53:0,,71.4,80.6,82.9,nan,nan
2000/99/0,0:53:0,,91.6,99.8,101.4,nan,nan
2000/74/0,0:53:0,,81.8,90.8,93.3,nan,nan
2000/73/0,0:53:0,,85.1,92.8,96.9,nan,nan
2000/66/0,0:53:0,,67.2,76.6,81.0,nan,nan
2000/74/0,0:53:0,,67.7,75.7,80.0,nan,nan
2000/83/0,0:53:0,,77.3,87.3,88.4,nan,nan
2000/62/0,0:53:0,,69.6,79.8,84.0,nan,nan
2000/81/0,0:53:0,,78.3,88.9,91.1,nan,nan
2000/70/0,0:53:0,,79.1,89.5,92.7,nan,nan
2000/71/0,0:53:0,,68.9,81.2,83.6,nan,nan
2000/73/0,0:53:0,,75.4,86.1,86.6,nan,nan
2000/75/0,0:53:0,,75.9,85.0,85.7,nan,nan
2000/92/0,0:53:0,,88.8,98.0,98.8,nan,nan
2000/80/0,0:53:0,,91.3,100.1,101.1,nan,nan
2000/69/0,0:53:0,,74.9,86.4,88.7,nan,nan
2000/76/0,0:53:0,,73.6,84.6,86.7,nan,nan
2000/83/0,0:53:0,,79.2,91.0,92.9,nan,nan
2000/71/0,0:53:0,,74.2,84.1,86.6,nan,nan
2000/72/0,0:53:0,,71.3,82.6,86.1,nan,nan
2000/65/0,0:53:0,,66.5,75.6,83.2,nan,nan
2000/70/0,0:53:0,,72.4,82.8,84.5,nan,nan
2000/56/0,0:53:0,,68.5,79.7,83.3,nan,nan
2000/52/0,0:53:0,,55.0,66.6,75.2,nan,nan
2000/72/0,0:53:0,,60.1,69.8,77.9,nan,nan
2000/72/0,0:53:0,,77.6,86.6,90.2,nan,nan
2000/70/0,0:53:0,,72.9,81.6,84.0,nan,nan
2000/60/0,0:53:0,,71.8,80.2,82.2,nan,nan
2000/56/0,0:53:0,,61.2,70.9,77.2,nan,nan
2000/75/0,0:53:0,,66.7,77.3,81.8,nan,nan
2000/76/0,0:53:0,,74.7,85.4,88.3,nan,nan
2000/81/0,0:53:0,,79.6,88.2,89.3,nan,nan
2000/65/0,0:53:0,,78.2,87.5,89.3,nan,nan
2000/52/0,0:53:0,,49.6,58.2,70.9,nan,nan
2000/42/0,0:53:0,,47.5,57.9,70.4,nan,nan
2000/33/0,0:53:0,,35.2,50.8,62.5,nan,nan
2000/39/0,0:53:0,,32.9,47.0,57.6,nan,nan
2000/38/0,0:53:0,,38.3,51.0,63.2,nan,nan
2000/60/0,0:53:0,,42.3,53.4,64.8,nan,nan
2000/84/0,0:53:0,,75.7,84.9,87.7,nan,nan
2000/70/0,0:53:0,,73.7,83.0,85.6,nan,nan
2000/63/0,0:53:0,,65.2,74.1,79.7,nan,nan
2000/87/0,0:53:0,,84.5,92.7,94.7,nan,nan
2000/87/0,0:53:0,,90.9,100.4,100.8,nan,nan
2000/77/0,0:53:0,,84.5,93.5,95.8,nan,nan
2000/71/0,0:53:0,,70.3,82.1,85.8,nan,nan
2000/81/0,0:53:0,,75.0,84.5,86.8,nan,nan
2000/74/0,0:53:0,,80.2,89.1,90.4,nan,nan
2000/76/0,0:53:0,,72.3,82.0,83.2,nan,nan
2000/80/0,0:53:0,,90.7,99.2,101.2,nan,nan
2000/72/0,0:53:0,,75.8,86.0,87.7,nan,nan
2000/72/0,0:53:0,,73.4,84.8,87.7,nan,nan
2000/63/0,0:53:0,,70.1,80.1,83.3,nan,nan
2000/61/0,0:53:0,,58.9,71.0,78.1,nan,nan
2000/84/0,0:53:0,,73.7,84.5,86.3,nan,nan
2000/72/0,0:53:0,,77.2,87.9,88.9,nan,nan
2000/73/0,0:53:0,,71.8,81.9,83.7,nan,nan
2000/63/0,0:53:0,,76.0,86.6,89.7,nan,nan
2000/61/0,0:53:0,,56.2,66.9,76.0,nan,nan
2000/70/0,0:53:0,,68.1,77.6,81.3,nan,nan
2000/65/0,0:53:0,,67.4,77.9,82.4,nan,nan
2000/61/0,0:53:0,,57.0,66.8,75.6,nan,nan
2000/72/0,0:53:0,,66.2,75.5,81.0,nan,nan
2000/60/0,0:53:0,,64.9,75.4,80.5,nan,nan
2000/69/0,0:53:0,,67.5,78.6,81.2,nan,nan
2000/81/0,0:53:0,,84.0,94.4,96.6,nan,nan
2000/71/0,0:53:0,,70.6,81.5,83.9,nan,nan
2000/73/0,0:53:0,,74.4,85.4,88.2,nan,nan
2000/70/0,0:53:0,,74.0,85.9,87.8,nan,nan
2000/52/0,0:53:0,,58.4,68.8,76.9,nan,nan
2000/81/0,0:53:0,,66.8,75.0,80.8,nan,nan
2000/74/0,0:53:0,,75.7,83.4,85.1,nan,nan
2000/93/0,0:53:0,,88.1,98.6,99.6,nan,nan
2000/67/0,0:53:0,,77.9,88.6,90.3,nan,nan
2000/68/0,0:53:0,,67.2,77.0,81.4,nan,nan
2000/72/0,0:53:0,,71.8,81.7,86.0,nan,nan
2000/74/0,0:53:0,,67.8,76.5,81.6,nan,nan
2000/83/0,0:53:0,,82.8,92.1,94.8,nan,nan
2000/71/0,0:53:0,,76.3,87.0,90.6,nan,nan
2000/64/0,0:53:0,,65.5,74.6,81.1,nan,nan
2000/66/0,0:53:0,,65.5,75.1,80.3,nan,nan
2000/74/0,0:53:0,,71.6,82.2,84.9,nan,nan
2000/81/0,0:53:0,,79.2,91.1,92.5,nan,nan
2000/73/0,0:53:0,,76.9,86.5,87.5,nan,nan
2000/65/0,0:53:0,,72.0,80.7,82.2,nan,nan
2000/60/0,0:53:0,,65.1,74.7,80.1,nan,nan
2000/69/0,0:53:0,,61.5,71.9,79.6,nan,nan
2000/70/0,0:53:0,,71.1,81.3,84.3,nan,nan
2000/85/0,0:53:0,,81.0,92.0,96.1,nan,nan
2000/66/0,0:53:0,,73.3,82.7,87.0,nan,nan
2000/51/0,0:53:0,,53.2,63.1,73.1,nan,nan
2000/48/0,0:53:0,,47.7,57.8,69.9,nan,nan
2000/50/0,0:53:0,,46.5,55.6,67.8,nan,nan
2000/64/0,0:53:0,,58.4,66.2,74.5,nan,nan
2000/91/0,0:53:0,,83.6,93.5,95.4,nan,nan
2000/83/0,0:53:0,,88.6,98.4,100.5,nan,nan
2000/67/0,0:53:0,,76.4,86.4,88.2,nan,nan
2000/63/0,0:53:0,,63.6,72.8,78.6,nan,nan
2000/86/0,0:53:0,,77.0,86.9,89.7,nan,nan
2000/73/0,0:53:0,,80.8,91.3,93.9,nan,nan
2000/91/0,0:53:0,,84.1,94.1,97.5,nan,nan
2000/45/0,0:53:0,,69.0,77.7,84.1,nan,nan
2000/56/0,0:53:0,,45.3,56.5,68.3,nan,nan
2000/65/0,0:53:0,,66.1,75.4,79.9,nan,nan
2000/62/0,0:53:0,,62.6,72.8,78.9,nan,nan
2000/79/0,0:53:0,,71.9,80.9,83.5,nan,nan
2000/93/0,0:53:0,,92.5,101.5,104.7,nan,nan
2000/42/0,0:53:0,,70.7,80.4,86.6,nan,nan
2000/40/0,0:53:0,,38.9,52.7,63.9,nan,nan
2000/54/0,0:53:0,,40.5,52.6,63.2,nan,nan
2000/52/0,0:53:0,,56.5,65.5,75.1,nan,nan
2000/69/0,0:53:0,,58.3,69.2,77.3,nan,nan
2000/73/0,0:53:0,,73.8,82.2,84.1,nan,nan
2000/43/0,0:53:0,,58.4,65.9,73.3,nan,nan
2000/35/0,0:53:0,,36.4,49.6,59.4,nan,nan
2000/35/0,0:53:0,,35.9,49.1,60.9,nan,nan
2000/41/0,0:53:0,,35.8,49.9,60.7,nan,nan
2000/42/0,0:53:0,,36.4,49.5,60.6,nan,nan
2000/75/0,0:53:0,,67.4,75.0,79.8,nan,nan
2000/69/0,0:53:0,,75.0,84.5,87.2,nan,nan
2000/71/0,0:53:0,,70.5,79.8,82.1,nan,nan
2000/66/0,0:53:0,,70.2,80.3,84.6,nan,nan
2000/64/0,0:53:0,,65.3,75.0,79.8,nan,nan
2000/71/0,0:53:0,,65.2,74.1,80.1,nan,nan
2000/67/0,0:53:0,,69.9,80.4,83.8,nan,nan
2000/62/0,0:53:0,,63.5,73.5,78.8,nan,nan
2000/51/0,0:53:0,,54.7,64.6,74.2,nan,nan
2000/67/0,0:53:0,,60.7,69.6,78.0,nan,nan
2000/58/0,0:53:0,,62.6,70.2,77.5,nan,nan
2000/57/0,0:53:0,,62.2,71.0,78.6,nan,nan
2000/65/0,0:53:0,,65.5,76.0,81.5,nan,nan
2000/69/0,0:53:0,,65.5,74.3,79.8,nan,nan
2000/29/0,0:53:0,,49.8,61.4,70.6,nan,nan
2000/20/0,0:53:0,,27.3,40.2,49.1,nan,nan
2000/29/0,0:53:0,,28.3,42.0,50.3,nan,nan
2000/61/0,0:53:0,,41.1,53.2,64.5,nan,nan
2000/56/0,0:53:0,,62.4,71.0,77.0,nan,nan
2000/62/0,0:53:0,,58.7,68.4,76.6,nan,nan
2000/43/0,0:53:0,,62.7,74.3,80.6,nan,nan
2000/14/0,0:53:0,,19.2,33.3,37.9,nan,nan
2000/62/0,0:53:0,,35.3,48.1,55.5,nan,nan
2000/68/0,0:53:0,,71.0,82.0,84.0,nan,nan
2000/64/0,0:53:0,,65.0,76.5,80.4,nan,nan
2000/54/0,0:53:0,,54.9,64.7,74.4,nan,nan
2000/71/0,0:53:0,,65.2,73.9,80.7,nan,nan
2000/62/0,0:53:0,,63.8,73.5,81.3,nan,nan
2000/35/0,0:53:0,,45.9,58.0,70.0,nan,nan
2000/56/0,0:53:0,,46.6,57.2,69.6,nan,nan
2000/66/0,0:53:0,,58.3,68.8,76.6,nan,nan
2000/56/0,0:53:0,,68.3,78.8,82.9,nan,nan
2000/18/0,0:53:0,,28.9,43.0,50.9,nan,nan
2000/65/0,0:53:0,,39.1,50.6,59.7,nan,nan
2000/82/0,0:53:0,,83.6,92.1,93.9,nan,nan
2000/63/0,0:53:0,,67.3,76.1,80.7,nan,nan
2000/45/0,0:53:0,,52.5,63.1,73.3,nan,nan
2000/61/0,0:53:0,,42.4,56.1,66.2,nan,nan
2000/72/0,0:53:0,,69.1,77.7,81.5,nan,nan
2000/47/0,0:53:0,,59.5,69.0,76.9,nan,nan
2000/67/0,0:53:0,,58.7,68.9,77.1,nan,nan
2000/53/0,0:53:0,,64.2,72.9,78.3,nan,nan
2000/52/0,0:53:0,,49.5,58.5,70.5,nan,nan
2000/71/0,0:53:0,,62.8,73.6,80.1,nan,nan
2000/69/0,0:53:0,,72.7,82.4,85.6,nan,nan
2000/61/0,0:53:0,,63.9,74.1,79.7,nan,nan
2000/74/0,0:53:0,,63.3,73.3,79.5,nan,nan
2000/80/0,0:53:0,,86.9,96.3,100.8,nan,nan
2000/75/0,0:53:0,,79.3,88.4,92.9,nan,nan
2000/61/0,0:53:0,,67.5,76.4,80.9,nan,nan
2000/59/0,0:53:0,,60.8,72.8,79.2,nan,nan
2000/50/0,0:53:0,,49.4,58.8,71.1,nan,nan
2000/67/0,0:53:0,,57.6,66.1,74.6,nan,nan
2000/56/0,0:53:0,,66.3,74.6,80.0,nan,nan
2000/70/0,0:53:0,,58.1,67.3,76.1,nan,nan
2000/61/0,0:53:0,,67.6,78.0,82.4,nan,nan
2000/63/0,0:53:0,,69.3,79.6,83.4,nan,nan
2000/74/0,0:53:0,,70.5,79.5,82.8,nan,nan
2000/71/0,0:53:0,,78.4,87.4,89.6,nan,nan
2000/79/0,0:53:0,,75.3,85.7,89.6,nan,nan
2000/64/0,0:53:0,,73.0,82.6,88.1,nan,nan
2000/60/0,0:53:0,,66.5,75.7,80.4,nan,nan
2000/61/0,0:53:0,,61.6,71.8,78.1,nan,nan
2000/63/0,0:53:0,,65.9,76.6,80.6,nan,nan
2000/72/0,0:53:0,,64.1,73.6,79.6,nan,nan
2000/80/0,0:53:0,,81.2,93.1,94.8,nan,nan
2000/70/0,0:53:0,,76.8,86.3,89.6,nan,nan
2000/70/0,0:53:0,,68.1,78.0,81.9,nan,nan
2000/79/0,0:53:0,,78.4,87.8,90.7,nan,nan
2000/77/0,0:53:0,,77.2,87.2,88.1,nan,nan
2000/79/0,0:53:0,,80.9,91.8,94.4,nan,nan
2000/79/0,0:53:0,,79.7,89.2,93.8,nan,nan
2000/59/0,0:53:0,,68.7,79.4,84.0,nan,nan
2000/37/0,0:53:0,,44.4,55.9,68.6,nan,nan
2000/72/0,0:53:0,,50.5,61.8,73.1,nan,nan
2000/84/0,0:53:0,,88.5,98.3,101.9,nan,nan
2000/80/0,0:53:0,,81.8,92.0,93.6,nan,nan
2000/74/0,0:53:0,,78.0,87.6,89.8,nan,nan
2000/84/0,0:53:0,,81.8,88.2,90.0,nan,nan
2000/55/0,0:53:0,,59.1,68.6,76.6,nan,nan
2000/70/0,0:53:0,,65.2,75.3,80.6,nan,nan
2000/70/0,0:53:0,,72.9,83.3,88.0,nan,nan
2000/78/0,0:53:0,,75.1,85.7,87.1,nan,nan
2000/77/0,0:53:0,,78.0,87.9,89.0,nan,nan
2000/75/0,0:53:0,,79.1,89.3,94.2,nan,nan
2000/65/0,0:53:0,,69.1,78.9,84.0,nan,nan
2000/70/0,0:53:0,,63.9,72.1,78.4,nan,nan
2000/70/0,0:53:0,,73.8,83.7,87.3,nan,nan
2000/72/0,0:53:0,,72.6,83.7,85.5,nan,nan
2000/59/0,0:53:0,,71.6,80.5,84.5,nan,nan
2000/61/0,0:53:0,,61.3,71.5,78.8,nan,nan
2000/64/0,0:53:0,,59.5,69.0,77.2,nan,nan
2000/73/0,0:53:0,,71.9,81.8,84.1,nan,nan
2000/86/0,0:53:0,,77.9,87.3,89.9,nan,nan
2000/88/0,0:53:0,,95.6,104.6,106.9,nan,nan
2000/74/0,0:53:0,,81.0,92.3,94.0,nan,nan
2000/71/0,0:53:0,,77.1,85.0,86.5,nan,nan
2000/75/0,0:53:0,,78.4,88.6,90.7,nan,nan
2000/73/0,0:53:0,,75.1,87.8,90.3,nan,nan
2000/83/0,0:53:0,,80.6,90.9,93.0,nan,nan
2000/50/0,0:53:0,,70.4,81.9,85.0,nan,nan
2000/54/0,0:53:0,,49.0,62.5,74.7,nan,nan
2000/80/0,0:53:0,,80.5,90.5,94.4,nan,nan
2000/70/0,0:53:0,,75.9,85.0,88.6,nan,nan
2000/74/0,0:53:0,,72.3,81.4,85.3,nan,nan
2000/72/0,0:53:0,,76.8,87.8,90.6,nan,nan
2000/74/0,0:53:0,,70.7,79.8,83.4,nan,nan
2000/75/0,0:53:0,,77.3,85.7,89.1,nan,nan
2000/83/0,0:53:0,,79.7,89.8,92.3,nan,nan
2000/74/0,0:53:0,,78.9,88.7,90.7,nan,nan
2000/76/0,0:53:0,,78.8,88.5,92.5,nan,nan
2000/74/0,0:53:0,,80.5,91.3,95.3,nan,nan
2000/84/0,0:53:0,,84.8,94.6,96.6,nan,nan
2000/70/0,0:53:0,,80.1,90.2,92.4,nan,nan
2000/63/0,0:53:0,,66.2,76.4,81.4,nan,nan
2000/61/0,0:53:0,,62.5,74.4,80.1,nan,nan
2000/70/0,0:53:0,,71.7,83.8,85.4,nan,nan
2000/76/0,0:53:0,,80.0,86.8,89.0,nan,nan
2000/81/0,0:53:0,,82.3,88.8,90.2,nan,nan
2000/75/0,0:53:0,,76.0,88.5,90.5,nan,nan
2000/75/0,0:53:0,,68.4,78.4,81.0,nan,nan
2000/72/0,0:53:0,,77.5,87.0,89.8,nan,nan
2000/67/0,0:53:0,,71.2,80.3,83.8,nan,nan
2000/65/0,0:53:0,,63.4,73.9,80.3,nan,nan
2000/76/0,0:53:0,,69.7,79.9,83.3,nan,nan
2000/71/0,0:53:0,,71.3,82.7,85.1,nan,nan
2000/75/0,0:53:0,,72.8,83.4,84.5,nan,nan
2000/63/0,0:53:0,,65.4,76.8,80.5,nan,nan
2000/84/0,0:53:0,,68.2,80.1,83.4,nan,nan
2000/63/0,0:53:0,,71.9,81.5,83.8,nan,nan
2000/60/0,0:53:0,,66.6,76.2,81.2,nan,nan
2000/76/0,0:53:0,,69.0,79.2,81.7,nan,nan
2000/73/0,0:53:0,,76.9,86.4,88.7,nan,nan
2000/73/0,0:53:0,,71.6,83.3,87.1,nan,nan
2000/67/0,0:53:0,,67.2,78.1,80.9,nan,nan
2000/65/0,0:53:0,,67.4,77.3,80.1,nan,nan
2000/63/0,0:53:0,,62.2,71.9,78.6,nan,nan
2000/64/0,0:53:0,,63.5,73.4,78.1,nan,nan
2000/63/0,0:53:0,,62.9,72.8,78.1,nan,nan
2000/75/0,0:53:0,,75.0,84.6,87.3,nan,nan
2000/67/0,0:53:0,,74.9,84.2,87.6,nan,nan
2000/70/0,0:53:0,,67.7,76.1,82.2,nan,nan
2000/75/0,0:53:0,,73.4,82.1,86.2,nan,nan
2000/65/0,0:53:0,,72.6,83.7,85.7,nan,nan
2000/61/0,0:53:0,,61.5,72.9,79.3,nan,nan
2000/65/0,0:53:0,,67.4,76.7,81.1,nan,nan
2000/64/0,0:53:0,,64.2,73.5,80.1,nan,nan
2000/74/0,0:53:0,,69.2,78.2,80.9,nan,nan
2000/73/0,0:53:0,,80.7,93.7,95.9,nan,nan
2000/60/0,0:53:0,,64.0,75.0,80.8,nan,nan
2000/65/0,0:53:0,,66.4,76.3,80.9,nan,nan
2000/70/0,0:53:0,,61.1,70.2,77.4,nan,nan
2000/70/0,0:53:0,,70.6,80.4,83.1,nan,nan
2000/64/0,0:53:0,,67.8,77.3,80.9,nan,nan
2000/73/0,0:53:0,,71.5,84.9,88.6,nan,nan
2000/75/0,0:53:0,,76.1,88.6,90.7,nan,nan
2000/70/0,0:53:0,,71.1,82.1,85.0,nan,nan
2000/68/0,0:53:0,,72.6,83.5,85.5,nan,nan
2000/54/0,0:53:0,,61.5,72.9,78.8,nan,nan
2000/58/0,0:53:0,,53.5,65.5,75.3,nan,nan
2000/71/0,0:53:0,,67.5,80.4,84.6,nan,nan
2000/57/0,0:53:0,,62.9,74.4,79.3,nan,nan
2000/44/0,0:53:0,,50.8,60.6,71.6,nan,nan
2000/65/0,0:53:0,,50.8,61.5,71.6,nan,nan
2000/71/0,0:53:0,,71.1,82.2,85.1,nan,nan
2000/74/0,0:53:0,,75.4,85.3,86.1,nan,nan
2000/75/0,0:53:0,,80.5,90.5,90.8,nan,nan
2000/71/0,0:53:0,,74.3,85.4,87.5,nan,nan
2000/22/0,0:53:0,,41.1,53.3,62.5,nan,nan
2000/20/0,0:53:0,,26.1,40.9,50.3,nan,nan
2000/38/0,0:53:0,,29.3,42.0,53.4,nan,nan
2000/75/0,0:53:0,,64.1,75.3,81.9,nan,nan
2000/72/0,0:53:0,,74.7,84.6,87.2,nan,nan
2000/82/0,0:53:0,,73.8,83.6,86.2,nan,nan
2000/62/0,0:53:0,,73.7,85.6,90.1,nan,nan
2000/84/0,0:53:0,,71.0,82.2,84.7,nan,nan
2000/65/0,0:53:0,,73.5,85.3,87.8,nan,nan
2000/66/0,0:53:0,,67.2,77.7,81.3,nan,nan
2000/64/0,0:53:0,,63.5,74.1,79.9,nan,nan
2000/56/0,0:53:0,,61.4,70.5,77.7,nan,nan
2000/68/0,0:53:0,,66.2,75.1,80.9,nan,nan
2000/66/0,0:53:0,,62.7,72.9,78.2,nan,nan
2000/82/0,0:53:0,,80.2,91.7,92.1,nan,nan
2001/151/0,0:53:0,,112.7,163.3,186.0,nan,nan
2001/7/1,0:53:0,,169.4,277.4,318.8,nan,nan
2002/45/1,0:53:0,,196.1,357.5,428.2,nan,nan
2002/81/1,0:53:0,,232.2,457.1,555.1,nan,nan
2003/113/1,0:53:0,,277.0,557.0,660.1,nan,nan
2003/111/1,0:53:0,,288.5,600.3,729.7,nan,nan
2003/125/1,0:53:0,,293.2,633.4,760.7,nan,nan
2004/134/1,0:53:0,,304.0,696.4,830.8,nan,nan
2004/132/1,0:53:0,,306.1,727.1,886.2,nan,nan
2004/135/1,0:53:0,,307.4,750.8,939.0,nan,nan
2005/130/1,0:53:0,,310.8,817.6,1036.8,nan,nan
2005/135/1,0:53:0,,311.3,881.6,1114.5,nan,nan
2005/134/1,0:53:0,,309.7,925.7,1185.6,nan,nan
2006/132/1,0:53:0,,312.2,997.6,1323.2,nan,nan
2006/130/1,0:53:0,,306.8,1078.4,1475.6,nan,nan
2006/118/1,0:53:0,,297.2,1122.2,1553.5,nan,nan
2006/120/1,0:53:0,,292.4,1146.6,1597.7,nan,nan
2007/115/1,0:53:0,,289.0,1174.6,1662.3,nan,nan
2007/103/1,0:53:0,,279.4,1202.2,1753.6,nan,nan
2007/108/1,0:53:0,,280.8,1223.6,1767.0,nan,nan
2006/116/1,0:53:0,,288.4,1174.6,1647.8,nan,nan
2006/125/1,0:53:0,,299.0,1110.2,1540.0,nan,nan
2006/132/1,0:53:0,,307.4,1086.0,1486.7,nan,nan
2006/135/1,0:53:0,,304.2,1082.0,1499.8,nan,nan
2006/120/1,0:53:0,,298.4,1079.6,1503.4,nan,nan
2006/134/1,0:53:0,,303.2,1075.2,1489.8,nan,nan
2006/136/1,0:53:0,,309.2,1083.8,1474.6,nan,nan
2006/137/1,0:53:0,,311.8,1086.6,1420.8,nan,nan
2006/143/1,0:53:0,,317.2,1061.4,1383.0,nan,nan
2006/139/1,0:53:0,,317.5,1054.9,1408.4,nan,nan
2006/131/1,0:53:0,,306.4,1050.6,1381.7,nan,nan
2006/133/1,0:53:0,,304.2,1035.6,1328.6,nan,nan
2005/132/1,0:53:0,,308.4,1016.0,1327.6,nan,nan
2005/133/1,0:53:0,,309.0,994.4,1344.4,nan,nan
2005/135/1,0:53:0,,312.0,990.2,1333.8,nan,nan
2005/144/1,0:53:0,,315.2,971.9,1282.2,nan,nan
2005/127/1,0:53:0,,310.4,962.2,1271.0,nan,nan
2005/121/1,0:53:0,,303.4,959.1,1279.8,nan,nan
2005/142/1,0:53:0,,308.4,954.0,1264.2,nan,nan
2005/137/1,0:53:0,,312.4,946.7,1254.4,nan,nan
2005/128/1,0:53:0,,306.6,942.4,1263.6,nan,nan
2005/132/1,0:53:0,,304.4,929.8,1248.0,nan,nan
2005/133/1,0:53:0,,309.2,894.7,1188.8,nan,nan
2005/137/1,0:53:0,,313.2,876.4,1136.4,nan,nan
2005/141/1,0:53:0,,319.7,882.2,1128.2,nan,nan
2005/147/1,0:53:0,,321.0,879.3,1122.0,nan,nan
2004/144/1,0:53:0,,319.6,854.5,1123.6,nan,nan
2004/143/1,0:53:0,,318.0,839.4,1106.6,nan,nan
2004/145/1,0:53:0,,319.0,830.6,1054.6,nan,nan
2004/137/1,0:53:0,,318.2,822.0,1040.8,nan,nan
2004/142/1,0:53:0,,316.0,820.6,1041.0,nan,nan
2004/145/1,0:53:0,,318.1,816.9,1032.4,nan,nan
2004/141/1,0:53:0,,315.5,801.8,1018.0,nan,nan
2004/135/1,0:53:0,,312.2,779.2,983.0,nan,nan
2004/133/1,0:53:0,,309.6,762.0,964.4,nan,nan
2004/127/1,0:53:0,,305.0,746.0,961.4,nan,nan
2004/126/1,0:53:0,,301.8,740.2,940.0,nan,nan
2004/129/1,0:53:0,,305.0,739.4,931.0,nan,nan
2004/121/1,0:53:0,,303.8,721.6,915.8,nan,nan
2004/130/1,0:53:0,,303.2,713.5,894.9,nan,nan
2004/127/1,0:53:0,,305.4,699.3,873.4,nan,nan
2004/122/1,0:53:0,,300.9,685.9,852.2,nan,nan
2004/122/1,0:53:0,,299.2,685.6,843.8,nan,nan
2004/125/1,0:53:0,,297.3,688.1,859.2,nan,nan
2004/124/1,0:53:0,,298.8,688.0,873.4,nan,nan
2003/127/1,0:53:0,,302.0,672.5,859.2,nan,nan
2003/124/1,0:53:0,,299.8,656.4,819.2,nan,nan
2003/124/1,0:53:0,,296.8,642.2,782.0,nan,nan
2003/116/1,0:53:0,,292.6,626.9,760.4,nan,nan
2003/114/1,0:53:0,,291.2,618.5,754.5,nan,nan
2003/120/1,0:53:0,,292.1,617.7,759.2,nan,nan
2003/111/1,0:53:0,,287.0,610.6,754.0,nan,nan
2003/102/1,0:53:0,,282.4,597.9,736.2,nan,nan
2003/100/1,0:53:0,,275.8,580.0,691.0,nan,nan
2003/92/1,0:53:0,,265.4,557.0,674.0,nan,nan
2003/103/1,0:53:0,,277.0,568.9,688.3,nan,nan
2003/100/1,0:53:0,,275.0,557.0,659.9,nan,nan
2003/99/1,0:53:0,,270.8,560.7,666.3,nan,nan
2003/92/1,0:53:0,,267.0,554.2,666.1,nan,nan
2003/95/1,0:53:0,,266.4,537.4,649.8,nan,nan
2003/94/1,0:53:0,,262.2,518.3,636.5,nan,nan
2003/85/1,0:53:0,,259.8,519.8,632.9,nan,nan
2002/89/1,0:53:0,,259.4,505.8,615.6,nan,nan
2002/85/1,0:53:0,,257.6,493.1,607.0,nan,nan
2002/81/1,0:53:0,,255.4,499.0,597.2,nan,nan
2002/83/1,0:53:0,,252.8,492.6,579.8,nan,nan
2002/74/1,0:53:0,,248.3,479.0,559.8,nan,nan
2002/66/1,0:53:0,,241.0,464.6,540.8,nan,nan
2002/61/1,0:53:0,,236.5,454.0,534.2,nan,nan
2002/69/1,0:53:0,,241.6,454.1,535.3,nan,nan
2002/63/1,0:53:0,,237.5,438.9,516.5,nan,nan
2002/55/1,0:53:0,,229.8,428.2,495.2,nan,nan
2002/50/1,0:53:0,,224.1,424.8,487.1,nan,nan
2002/50/1,0:53:0,,224.9,423.3,501.4,nan,nan
2002/55/1,0:53:0,,223.8,416.8,494.7,nan,nan
2002/53/1,0:53:0,,222.8,405.0,466.8,nan,nan
2002/52/1,0:53:0,,222.5,396.0,449.8,nan,nan
2002/41/1,0:53:0,,215.8,386.7,455.6,nan,nan
2002/40/1,0:53:0,,212.0,381.4,462.2,nan,nan
2002/42/1,0:53:0,,210.0,371.2,438.8,nan,nan
2002/34/1,0:53:0,,206.6,358.6,418.0,nan,nan
2002/33/1,0:53:0,,201.7,349.5,407.6,nan,nan
2002/26/1,0:53:0,,196.6,345.3,405.5,nan,nan
2002/25/1,0:53:0,,194.6,342.8,410.2,nan,nan
2002/25/1,0:53:0,,193.8,340.8,399.4,nan,nan
2001/25/1,0:53:0,,194.8,341.4,391.6,nan,nan
2001/22/1,0:53:0,,195.0,331.6,387.5,nan,nan
2001/12/1,0:53:0,,186.4,314.6,374.6,nan,nan
2001/9/1,0:53:0,,178.2,305.2,359.2,nan,nan
2001/5/1,0:53:0,,174.0,300.2,344.4,nan,nan
2001/10/1,0:53:0,,174.0,295.0,342.4,nan,nan
2001/10/1,0:53:0,,175.6,294.4,345.0,nan,nan
2001/2/1,0:53:0,,172.9,289.3,338.7,nan,nan
2001/0/1,0:53:0,,171.7,284.5,331.8,nan,nan
2001/156/0,0:53:0,,167.1,278.6,319.6,nan,nan
2001/159/0,0:53:0,,163.6,271.4,308.8,nan,nan
2001/160/0,0:53:0,,166.4,274.9,318.0,nan,nan
2001/161/0,0:53:0,,163.9,271.2,306.8,nan,nan
2001/155/0,0:53:0,,160.3,261.0,294.2,nan,nan
2001/2/1,0:53:0,,165.4,264.4,304.0,nan,nan
2001/145/0,0:53:0,,162.5,263.7,300.9,nan,nan
2001/143/0,0:53:0,,147.0,240.9,275.4,nan,nan
2001/141/0,0:53:0,,147.6,237.2,276.2,nan,nan
2001/144/0,0:53:0,,150.3,236.0,272.2,nan,nan
2001/140/0,0:53:0,,144.6,231.7,265.7,nan,nan
2001/134/0,0:53:0,,144.1,230.7,276.0,nan,nan
2001/132/0,0:53:0,,139.2,219.5,249.7,nan,nan
2001/133/0,0:53:0,,142.2,219.5,251.5,nan,nan
2001/140/0,0:53:0,,142.0,220.4,253.8,nan,nan
2001/139/0,0:53:0,,141.8,222.1,257.5,nan,nan
2001/133/0,0:53:0,,139.7,219.4,254.4,nan,nan
2001/120/0,0:53:0,,133.2,208.2,234.1,nan,nan
2001/134/0,0:53:0,,134.3,204.7,232.3,nan,nan
2001/127/0,0:53:0,,138.5,204.4,231.5,nan,nan
2001/121/0,0:53:0,,130.1,194.5,223.8,nan,nan
2001/125/0,0:53:0,,127.5,191.3,219.5,nan,nan
2001/120/0,0:53:0,,126.0,187.0,213.8,nan,nan
2001/121/0,0:53:0,,124.9,187.7,210.5,nan,nan
2001/122/0,0:53:0,,130.4,195.1,217.5,nan,nan
2001/122/0,0:53:0,,121.4,183.8,207.1,nan,nan
2001/131/0,0:53:0,,131.2,189.9,219.3,nan,nan
2001/114/0,0:53:0,,125.9,180.1,205.1,nan,nan
2001/114/0,0:53:0,,120.2,176.3,194.8,nan,nan
2001/115/0,0:53:0,,118.6,175.0,190.6,nan,nan
2000/110/0,0:53:0,,116.6,170.8,187.0,nan,nan
2000/112/0,0:53:0,,120.0,169.3,183.5,nan,nan
2000/104/0,0:53:0,,114.9,163.6,178.3,nan,nan
2000/101/0,0:53:0,,106.2,153.5,171.0,nan,nan
2000/106/0,0:53:0,,106.1,151.1,170.2,nan,nan
2000/102/0,0:53:0,,109.0,151.1,167.5,nan,nan
2000/97/0,0:53:0,,101.0,143.5,159.4,nan,nan
2000/104/0,0:53:0,,106.0,151.0,162.8,nan,nan
2000/92/0,0:53:0,,98.5,142.6,155.2,nan,nan
2000/96/0,0:53:0,,97.8,137.5,155.0,nan,nan
2000/79/0,0:53:0,,93.5,136.5,155.3,nan,nan
2000/70/0,0:53:0,,70.2,112.4,129.7,nan,nan
2000/108/0,0:53:0,,94.5,132.6,144.4,nan,nan
2000/103/0,0:53:0,,105.1,142.3,156.5,nan,nan
2000/86/0,0:53:0,,100.0,136.2,147.6,nan,nan
2000/54/0,0:53:0,,62.6,98.1,115.9,nan,nan
2000/91/0,0:53:0,,74.7,114.2,131.6,nan,nan
2000/100/0,0:53:0,,105.1,140.1,152.6,nan,nan
2000/97/0,0:53:0,,102.2,136.7,148.5,nan,nan
2000/94/0,0:53:0,,99.9,133.8,143.9,nan,nan
2000/63/0,0:53:0,,80.3,110.4,117.7,nan,nan
2000/64/0,0:53:0,,60.7,89.9,99.4,nan,nan
2000/46/0,0:53:0,,61.3,90.5,105.7,nan,nan
2000/62/0,0:53:0,,45.4,71.8,83.4,nan,nan
2000/94/0,0:53:0,,94.2,118.8,131.3,nan,nan
2000/81/0,0:53:0,,84.8,110.9,122.3,nan,nan
2000/71/0,0:53:0,,78.8,106.3,118.5,nan,nan
2000/84/0,0:53:0,,81.2,109.0,118.0,nan,nan
2000/71/0,0:53:0,,84.3,107.1,121.1,nan,nan
2000/72/0,0:53:0,,70.8,96.6,104.8,nan,nan
2000/95/0,0:53:0,,87.4,109.9,117.8,nan,nan
2000/90/0,0:53:0,,95.6,117.7,124.3,nan,nan
2000/75/0,0:53:0,,88.7,113.1,119.8,nan,nan
2000/34/0,0:53:0,,44.8,68.5,80.2,nan,nan
2000/43/0,0:53:0,,34.8,55.0,69.5,nan,nan
2000/61/0,0:53:0,,50.6,71.9,81.3,nan,nan
2000/90/0,0:53:0,,84.7,104.2,111.8,nan,nan
2000/84/0,0:53:0,,87.3,106.8,111.3,nan,nan
2000/84/0,0:53:0,,83.4,102.0,110.0,nan,nan
2000/60/0,0:53:0,,72.5,90.3,98.9,nan,nan
2000/35/0,0:53:0,,38.5,55.3,69.6,nan,nan
2000/71/0,0:53:0,,49.9,67.4,77.6,nan,nan
2000/94/0,0:53:0,,93.4,110.1,114.4,nan,nan
2000/53/0,0:53:0,,73.8,92.1,100.8,nan,nan
2000/61/0,0:53:0,,51.7,67.8,78.4,nan,nan
2000/74/0,0:53:0,,69.0,83.6,86.2,nan,nan
2000/32/0,0:53:0,,51.3,66.0,78.6,nan,nan
2000/45/0,0:53:0,,40.0,55.5,72.3,nan,nan
2000/44/0,0:53:0,,44.4,60.6,75.4,nan,nan
2000/70/0,0:53:0,,61.4,74.7,81.0,nan,nan
2000/43/0,0:53:0,,59.3,74.9,81.5,nan,nan
2000/42/0,0:53:0,,40.4,55.0,69.9,nan,nan
2000/72/0,0:53:0,,62.5,76.2,84.1,nan,nan
2000/75/0,0:53:0,,75.4,85.5,90.6,nan,nan
2000/76/0,0:53:0,,78.2,91.4,95.5,nan,nan
2000/71/0,0:53:0,,74.1,87.7,92.0,nan,nan
2000/49/0,0:53:0,,61.6,75.4,81.7,nan,nan
2000/20/0,0:53:0,,31.7,45.6,57.4,nan,nan
2000/69/0,0:53:0,,44.6,56.7,66.9,nan,nan
2000/69/0,0:53:0,,72.6,85.6,90.7,nan,nan
2000/71/0,0:53:0,,71.5,81.2,84.4,nan,nan
2000/61/0,0:53:0,,67.4,77.7,82.4,nan,nan
2000/53/0,0:53:0,,61.7,73.4,80.3,nan,nan
2000/24/0,0:53:0,,32.4,46.6,59.1,nan,nan
2000/65/0,0:53:0,,41.2,55.9,66.5,nan,nan
2000/87/0,0:53:0,,87.4,99.4,104.6,nan,nan
2000/70/0,0:53:0,,77.4,90.0,93.8,nan,nan
2000/61/0,0:53:0,,63.6,75.1,81.6,nan,nan
2000/62/0,0:53:0,,59.1,72.4,79.6,nan,nan
2000/76/0,0:53:0,,68.1,79.6,84.5,nan,nan
2000/76/0,0:53:0,,80.3,95.0,99.4,nan,nan
2000/60/0,0:53:0,,63.4,74.7,82.1,nan,nan
2000/71/0,0:53:0,,73.7,88.3,93.0,nan,nan
2000/62/0,0:53:0,,68.6,82.1,90.3,nan,nan
2000/65/0,0:53:0,,63.8,76.9,82.5,nan,nan
2000/55/0,0:53:0,,62.5,73.0,80.2,nan,nan
2000/53/0,0:53:0,,49.6,63.5,74.2,nan,nan
2000/66/0,0:53:0,,62.6,77.1,82.4,nan,nan
2000/84/0,0:53:0,,81.3,92.0,95.2,nan,nan
2000/61/0,0:53:0,,72.3,84.0,89.0,nan,nan
2000/65/0,0:53:0,,67.2,77.7,82.3,nan,nan
2000/73/0,0:53:0,,74.7,86.8,92.4,nan,nan
2000/73/0,0:53:0,,74.3,87.4,93.1,nan,nan
2000/75/0,0:53:0,,76.4,87.2,89.9,nan,nan
2000/75/0,0:53:0,,74.4,85.7,91.4,nan,nan
2000/61/0,0:53:0,,67.6,79.9,84.6,nan,nan
2000/66/0,0:53:0,,64.3,75.3,81.6,nan,nan
2000/73/0,0:53:0,,72.8,84.2,90.1,nan,nan
2000/69/0,0:53:0,,73.8,88.7,94.2,nan,nan
2000/81/0,0:53:0,,77.8,89.4,95.6,nan,nan
2000/74/0,0:53:0,,78.8,90.2,97.5,nan,nan
2000/94/0,0:53:0,,83.1,97.2,103.5,nan,nan
2000/36/0,0:53:0,,59.0,71.6,80.0,nan,nan
2000/51/0,0:53:0,,47.0,60.7,71.1,nan,nan
2000/82/0,0:53:0,,66.4,80.4,86.4,nan,nan
2000/82/0,0:53:0,,86.3,98.4,103.6,nan,nan
2000/71/0,0:53:0,,74.9,88.0,90.9,nan,nan
2000/65/0,0:53:0,,66.6,77.3,83.1,nan,nan
2000/69/0,0:53:0,,61.0,73.6,79.2,nan,nan
2000/70/0,0:53:0,,69.9,82.5,86.2,nan,nan
2000/69/0,0:53:0,,60.6,72.2,78.9,nan,nan
2000/84/0,0:53:0,,83.0,94.3,99.4,nan,nan
2000/61/0,0:53:0,,75.8,87.1,92.5,nan,nan
2000/67/0,0:53:0,,61.1,71.6,79.0,nan,nan
2000/64/0,0:53:0,,67.3,79.8,84.0,nan,nan
2000/54/0,0:53:0,,52.3,63.1,74.0,nan,nan
2000/71/0,0:53:0,,64.0,75.3,82.2,nan,nan
2000/84/0,0:53:0,,75.4,87.6,94.1,nan,nan
2000/67/0,0:53:0,,78.0,88.2,91.0,nan,nan
2000/65/0,0:53:0,,64.6,75.1,79.5,nan,nan
2000/70/0,0:53:0,,67.6,76.9,82.5,nan,nan
2000/77/0,0:53:0,,74.5,87.0,94.0,nan,nan
2000/84/0,0:53:0,,84.1,95.1,98.3,nan,nan
2000/80/0,0:53:0,,86.3,95.8,100.1,nan,nan
2000/66/0,0:53:0,,69.9,80.4,86.3,nan,nan
2000/79/0,0:53:0,,76.3,86.2,91.9,nan,nan
2000/68/0,0:53:0,,74.2,85.2,90.5,nan,nan
2000/69/0,0:53:0,,68.2,79.7,82.5,nan,nan
2000/80/0,0:53:0,,85.2,96.8,99.8,nan,nan
2000/74/0,0:53:0,,80.1,90.2,96.3,nan,nan
2000/65/0,0:53:0,,70.3,82.0,85.7,nan,nan
2000/60/0,0:53:0,,60.7,71.7,79.7,nan,nan
2000/72/0,0:53:0,,65.1,75.7,81.8,nan,nan
2000/79/0,0:53:0,,75.6,86.2,88.1,nan,nan
2000/54/0,0:53:0,,67.2,77.8,81.8,nan,nan
2000/62/0,0:53:0,,56.1,65.5,76.0,nan,nan
2000/60/0,0:53:0,,65.9,74.0,79.9,nan,nan
2000/74/0,0:53:0,,64.8,73.9,80.2,nan,nan
2000/70/0,0:53:0,,72.8,81.5,85.8,nan,nan
2000/62/0,0:53:0,,63.6,75.6,80.0,nan,nan
2000/74/0,0:53:0,,66.1,77.7,81.9,nan,nan
2000/73/0,0:53:0,,71.6,82.4,85.8,nan,nan
2000/62/0,0:53:0,,63.1,72.5,79.4,nan,nan
2000/66/0,0:53:0,,62.1,70.5,78.2,nan,nan
2000/75/0,0:53:0,,75.3,84.9,89.4,nan,nan
2000/74/0,0:53:0,,74.0,82.1,88.8,nan,nan
2000/78/0,0:53:0,,77.7,87.3,92.8,nan,nan
2000/72/0,0:53:0,,72.0,81.4,83.2,nan,nan
2000/60/0,0:53:0,,66.0,78.0,80.6,nan,nan
2000/53/0,0:53:0,,53.5,65.3,74.5,nan,nan
2000/81/0,0:53:0,,66.6,78.2,83.5,nan,nan
2000/75/0,0:53:0,,77.1,88.8,92.1,nan,nan
2000/72/0,0:53:0,,75.8,85.6,89.6,nan,nan
2000/60/0,0:53:0,,64.2,76.0,81.7,nan,nan
2000/61/0,0:53:0,,62.3,73.4,80.0,nan,nan
2000/68/0,0:53:0,,67.0,76.3,81.5,nan,nan
2000/72/0,0:53:0,,73.1,80.3,84.0,nan,nan
2000/77/0,0:53:0,,76.0,84.7,88.0,nan,nan
2000/74/0,0:53:0,,80.3,88.9,92.7,nan,nan
2000/70/0,0:53:0,,70.3,79.2,84.5,nan,nan
2000/71/0,0:53:0,,75.4,82.6,86.7,nan,nan
2000/72/0,0:53:0,,69.4,79.5,85.0,nan,nan
2000/80/0,0:53:0,,73.2,83.3,87.4,nan,nan
2000/73/0,0:53:0,,72.1,82.1,84.2,nan,nan
2000/59/0,0:53:0,,63.0,73.1,78.3,nan,nan
2000/70/0,0:53:0,,66.7,75.8,80.0,nan,nan
2000/72/0,0:53:0,,76.7,85.6,90.8,nan,nan
2000/68/0,0:53:0,,71.0,81.6,84.2,nan,nan
2000/85/0,0:53:0,,81.9,91.1,96.2,nan,nan
2000/92/0,0:53:0,,82.5,92.8,95.9,nan,nan
2000/75/0,0:53:0,,82.3,91.9,96.4,nan,nan
2000/71/0,0:53:0,,70.2,81.8,84.5,nan,nan
2000/85/0,0:53:0,,83.3,93.7,99.4,nan,nan
2000/66/0,0:53:0,,77.2,88.7,92.8,nan,nan
2000/80/0,0:53:0,,76.6,85.3,88.5,nan,nan
2000/66/0,0:53:0,,76.2,84.9,89.6,nan,nan
2000/76/0,0:53:0,,68.7,79.1,82.9,nan,nan
2000/70/0,0:53:0,,69.6,80.8,83.7,nan,nan
2000/83/0,0:53:0,,73.0,83.9,87.7,nan,nan
2000/70/0,0:53:0,,76.8,86.0,89.7,nan,nan
2000/77/0,0:53:0,,77.8,86.9,90.6,nan,nan
2000/67/0,0:53:0,,76.4,85.4,87.6,nan,nan
2000/65/0,0:53:0,,66.4,75.6,81.1,nan,nan
2000/62/0,0:53:0,,61.1,70.4,79.1,nan,nan
2000/63/0,0:53:0,,62.4,70.7,78.9,nan,nan
2000/75/0,0:53:0,,65.3,73.5,81.1,nan,nan
2000/70/0,0:53:0,,77.3,86.4,90.5,nan,nan
2000/70/0,0:53:0,,72.4,81.0,83.6,nan,nan
2000/71/0,0:53:0,,74.2,85.2,87.3,nan,nan
2000/71/0,0:53:0,,71.7,81.2,83.5,nan,nan
2000/77/0,0:53:0,,74.4,84.2,86.8,nan,nan
2000/85/0,0:53:0,,86.2,95.8,99.0,nan,nan
2000/77/0,0:53:0,,76.8,86.4,87.7,nan,nan
2000/60/0,0:53:0,,67.7,77.2,81.3,nan,nan
2000/65/0,0:53:0,,61.9,71.7,77.8,nan,nan
2000/64/0,0:53:0,,60.8,71.6,78.7,nan,nan
2000/72/0,0:53:0,,76.7,86.6,90.3,nan,nan
2000/79/0,0:53:0,,78.9,89.1,93.2,nan,nan
2000/61/0,0:53:0,,65.7,77.5,83.3,nan,nan
2000/74/0,0:53:0,,68.9,81.2,84.1,nan,nan
2000/75/0,0:53:0,,76.9,87.6,91.8,nan,nan
2000/75/0,0:53:0,,73.1,83.7,88.9,nan,nan
2000/75/0,0:53:0,,75.2,84.9,86.4,nan,nan
2000/78/0,0:53:0,,81.5,89.7,95.6,nan,nan
2000/87/0,0:53:0,,81.2,91.0,94.4,nan,nan
2000/63/0,0:53:0,,78.5,88.0,90.4,nan,nan
2000/65/0,0:53:0,,63.6,74.7,79.6,nan,nan
2000/76/0,0:53:0,,72.0,81.1,84.4,nan,nan
2000/62/0,0:53:0,,73.2,81.9,85.2,nan,nan
2000/61/0,0:53:0,,66.6,75.1,79.8,nan,nan
2000/74/0,0:53:0,,65.6,76.1,79.8,nan,nan
2000/70/0,0:53:0,,72.2,80.3,84.4,nan,nan
2000/81/0,0:53:0,,76.0,86.9,90.8,nan,nan
2000/76/0,0:53:0,,79.1,90.0,92.3,nan,nan
2000/68/0,0:53:0,,69.2,79.7,82.6,nan,nan
2000/66/0,0:53:0,,68.3,75.8,80.2,nan,nan
2000/88/0,0:53:0,,80.3,89.5,92.5,nan,nan
2000/71/0,0:53:0,,78.2,88.9,91.9,nan,nan
2000/70/0,0:53:0,,79.4,88.7,92.6,nan,nan
2000/54/0,0:53:0,,61.1,69.5,77.8,nan,nan
2000/75/0,0:53:0,,65.1,73.7,81.0,nan,nan
2000/67/0,0:53:0,,68.7,78.2,83.8,nan,nan
2000/73/0,0:53:0,,67.7,77.7,82.6,nan,nan
2000/93/0,0:53:0,,86.6,93.8,97.8,nan,nan
2000/71/0,0:53:0,,82.2,89.5,95.9,nan,nan
2000/58/0,0:53:0,,64.1,72.3,82.4,nan,nan
2000/66/0,0:53:0,,64.0,74.7,81.1,nan,nan
2000/73/0,0:53:0,,66.3,76.3,82.8,nan,nan
2000/75/0,0:53:0,,79.3,88.5,93.0,nan,nan
2000/58/0,0:53:0,,63.2,73.3,79.5,nan,nan
2000/70/0,0:53:0,,66.9,76.9,81.4,nan,nan
2000/65/0,0:53:0,,69.1,80.5,82.2,nan,nan
2000/53/0,0:53:0,,57.3,68.2,78.8,nan,nan
2000/63/0,0:53:0,,55.9,65.9,75.3,nan,nan
2000/71/0,0:53:0,,71.1,80.3,82.3,nan,nan
2000/72/0,0:53:0,,70.4,78.0,80.0,nan,nan
2000/75/0,0:53:0,,74.4,83.3,84.9,nan,nan
2000/61/0,0:53:0,,72.5,81.3,85.6,nan,nan
2000/65/0,0:53:0,,63.0,73.8,79.3,nan,nan
2000/63/0,0:53:0,,68.1,78.3,81.7,nan,nan
2000/62/0,0:53:0,,58.2,68.3,77.1,nan,nan
2000/64/0,0:53:0,,58.2,65.3,75.8,nan,nan
2000/69/0,0:53:0,,69.7,78.2,82.1,nan,nan
2000/61/0,0:53:0,,65.0,74.5,79.1,nan,nan
2000/55/0,0:53:0,,63.1,72.3,80.1,nan,nan
2000/45/0,0:53:0,,44.6,54.3,68.0,nan,nan
2000/63/0,0:53:0,,54.6,65.6,74.2,nan,nan
2000/67/0,0:53:0,,66.6,76.8,83.2,nan,nan
2000/64/0,0:53:0,,68.7,78.1,82.1,nan,nan
2000/51/0,0:53:0,,53.1,62.2,72.7,nan,nan
2000/61/0,0:53:0,,54.0,62.6,73.4,nan,nan
2000/65/0,0:53:0,,62.5,72.9,80.0,nan,nan
2000/72/0,0:53:0,,64.4,73.1,80.5,nan,nan
2000/72/0,0:53:0,,70.4,79.5,84.0,nan,nan
2000/68/0,0:53:0,,71.6,80.1,82.6,nan,nan
2000/57/0,0:53:0,,60.3,68.9,76.4,nan,nan
2000/62/0,0:53:0,,63.7,71.7,78.1,nan,nan
2000/66/0,0:53:0,,66.7,75.7,80.0,nan,nan
2000/60/0,0:53:0,,65.3,74.4,80.0,nan,nan
2000/71/0,0:53:0,,63.3,71.3,78.2,nan,nan
2000/43/0,0:53:0,,62.9,71.8,78.7,nan,nan
2000/11/0,0:53:0,,20.6,35.3,43.8,nan,nan
2000/64/0,0:53:0,,34.0,46.3,55.6,nan,nan
2000/55/0,0:53:0,,67.2,77.5,81.7,nan,nan
2000/33/0,0:53:0,,36.6,48.4,58.6,nan,nan
2000/70/0,0:53:0,,48.5,57.9,66.8,nan,nan
2000/55/0,0:53:0,,63.7,72.5,78.7,nan,nan
2000/52/0,0:53:0,,47.7,57.7,70.0,nan,nan
2000/50/0,0:53:0,,52.6,60.1,71.1,nan,nan
2000/43/0,0:53:0,,42.3,52.2,64.6,nan,nan
2000/64/0,0:53:0,,53.7,62.6,73.0,nan,nan
2000/69/0,0:53:0,,68.0,75.8,80.8,nan,nan
2000/43/0,0:53:0,,50.4,58.8,71.1,nan,nan
2000/44/0,0:53:0,,42.4,52.8,65.3,nan,nan
2000/35/0,0:53:0,,35.6,48.5,61.4,nan,nan
2000/61/0,0:53:0,,43.9,54.5,67.3,nan,nan
2000/74/0,0:53:0,,70.1,79.7,84.2,nan,nan
2000/62/0,0:53:0,,68.6,78.3,82.4,nan,nan
2000/22/0,0:53:0,,46.5,58.3,67.6,nan,nan
2000/10/0,0:53:0,,12.8,27.3,34.8,nan,nan
2000/63/0,0:53:0,,44.4,55.3,68.2,nan,nan
2000/60/0,0:53:0,,59.0,66.2,75.2,nan,nan
2000/71/0,0:53:0,,68.5,77.4,80.7,nan,nan
2000/64/0,0:53:0,,61.8,69.3,78.0,nan,nan
2000/51/0,0:53:0,,64.1,72.2,80.3,nan,nan
2000/47/0,0:53:0,,43.6,53.5,67.3,nan,nan
2000/55/0,0:53:0,,33.5,40.7,48.4,nan,nan
2000/77/0,0:53:0,,67.5,72.9,88.5,nan,nan
2000/77/0,0:53:0,,75.7,85.4,93.1,nan,nan
2000/33/0,0:53:0,,49.7,63.8,76.1,nan,nan
2000/35/0,0:53:0,,33.5,50.5,66.1,nan,nan
2000/32/0,0:53:0,,33.0,49.8,63.5,nan,nan
2000/69/0,0:53:0,,53.3,67.8,79.5,nan,nan
2000/30/0,0:53:0,,51.4,67.6,78.1,nan,nan
2000/30/0,0:53:0,,31.2,50.5,65.3,nan,nan
2000/63/0,0:53:0,,48.1,65.1,77.2,nan,nan
2000/63/0,0:53:0,,67.3,84.4,91.4,nan,nan
2000/78/0,0:53:0,,75.7,93.8,99.8,nan,nan
2000/84/0,0:53:0,,81.0,101.6,107.7,nan,nan
2000/71/0,0:53:0,,77.5,97.7,103.9,nan,nan
2000/74/0,0:53:0,,74.2,93.6,101.6,nan,nan
2000/75/0,0:53:0,,82.2,100.8,108.6,nan,nan
2000/73/0,0:53:0,,73.7,93.7,98.0,nan,nan
2000/65/0,0:53:0,,67.8,87.3,93.9,nan,nan
2000/64/0,0:53:0,,64.8,83.4,92.7,nan,nan
2000/71/0,0:53:0,,67.7,84.6,89.9,nan,nan
2000/79/0,0:53:0,,73.3,92.2,96.4,nan,nan
2000/92/0,0:53:0,,87.8,108.4,113.6,nan,nan
2000/77/0,0:53:0,,80.9,98.4,102.3,nan,nan
2000/76/0,0:53:0,,80.4,98.7,103.9,nan,nan
2000/82/0,0:53:0,,81.6,100.0,104.6,nan,nan
2000/76/0,0:53:0,,83.9,104.0,110.1,nan,nan
2000/76/0,0:53:0,,77.1,97.4,101.8,nan,nan
2000/86/0,0:53:0,,82.6,103.5,110.8,nan,nan
2000/74/0,0:53:0,,82.1,101.4,107.0,nan,nan
2000/83/0,0:53:0,,80.9,100.6,105.8,nan,nan
2000/68/0,0:53:0,,79.9,98.1,100.8,nan,nan
2000/70/0,0:53:0,,72.9,91.2,95.2,nan,nan
2000/76/0,0:53:0,,75.4,95.0,99.6,nan,nan
2000/81/0,0:53:0,,89.2,108.2,117.6,nan,nan
2000/69/0,0:53:0,,72.2,90.6,98.8,nan,nan
2000/61/0,0:53:0,,68.0,87.2,93.0,nan,nan
2000/74/0,0:53:0,,69.4,89.0,94.6,nan,nan
2000/85/0,0:53:0,,76.6,96.3,105.7,nan,nan
2000/77/0,0:53:0,,82.5,101.4,107.5,nan,nan
2000/79/0,0:53:0,,76.5,95.9,102.5,nan,nan
2000/79/0,0:53:0,,84.7,103.9,108.8,nan,nan
2000/82/0,0:53:0,,79.6,97.0,102.2,nan,nan
2000/95/0,0:53:0,,90.6,109.0,114.1,nan,nan
2000/71/0,0:53:0,,84.6,105.1,108.2,nan,nan
2000/61/0,0:53:0,,69.4,90.6,97.6,nan,nan
2000/67/0,0:53:0,,69.0,88.6,96.2,nan,nan
2000/63/0,0:53:0,,58.4,77.0,83.6,nan,nan
2000/65/0,0:53:0,,66.2,84.4,90.4,nan,nan
2000/70/0,0:53:0,,64.2,85.0,94.0,nan,nan
2000/71/0,0:53:0,,71.3,92.0,97.1,nan,nan
2000/78/0,0:53:0,,79.7,102.2,106.3,nan,nan
2000/81/0,0:53:0,,81.3,100.3,103.4,nan,nan
