2023/2/27,11:2:31,,46.9,59.0,66.0,nan,nan
2023/2/27,11:2:41,,46.9,59.1,66.2,nan,nan
2000/34/0,0:53:0,,46.2,59.0,66.0,nan,nan
2023/2/27,11:3:1,,45.9,59.0,66.0,nan,nan
2000/33/0,0:53:0,,45.2,57.6,64.6,nan,nan
2000/32/0,0:53:0,,44.7,56.9,63.9,nan,nan
2023/2/27,11:4:0,,43.7,56.0,63.0,nan,nan
2000/33/0,0:53:0,,44.6,56.6,63.6,nan,nan
2000/33/0,0:53:0,,45.5,57.0,64.0,nan,nan
2023/2/27,11:4:30,,45.7,57.0,64.0,nan,nan
2023/2/27,11:4:40,,45.6,57.5,64.5,nan,nan
2023/2/27,11:4:50,,46.7,58.6,65.7,nan,nan
2023/2/27,11:5:0,,48.4,60.5,68.5,nan,nan
2000/31/0,0:53:0,,48.0,61.3,69.3,nan,nan
2000/30/0,0:53:0,,48.6,62.4,70.4,nan,nan
2000/33/0,0:53:0,,49.7,62.7,70.7,nan,nan
2000/33/0,0:53:0,,50.8,62.8,70.8,nan,nan
2023/2/27,11:5:51,,50.2,62.9,70.9,nan,nan
2023/2/27,11:6:1,,48.2,62.1,70.1,nan,nan
2023/2/27,11:6:11,,48.6,61.1,69.1,nan,nan
2023/2/27,11:6:21,,48.1,59.4,66.9,nan,nan
2023/2/27,11:6:31,,48.2,59.7,67.4,nan,nan
2023/2/27,11:6:41,,46.8,59.3,66.6,nan,nan
2023/2/27,11:6:51,,45.5,58.1,65.1,nan,nan
2023/2/27,11:7:2,,44.6,56.7,63.7,nan,nan
2023/2/27,11:7:12,,44.5,56.1,63.1,nan,nan
2023/2/27,11:7:22,,44.6,56.5,63.5,nan,nan
2023/2/27,11:7:32,,44.0,56.0,63.0,nan,nan
2023/2/27,11:7:42,,44.6,56.2,63.2,nan,nan
2023/2/27,11:7:52,,44.9,56.8,63.8,nan,nan
2023/2/27,11:8:2,,45.8,57.8,64.8,nan,nan
2023/2/27,11:8:12,,47.2,58.9,65.9,nan,nan
2023/2/27,11:8:22,,47.0,58.7,65.7,nan,nan
2023/2/27,11:8:32,,45.3,57.6,64.6,nan,nan
2023/2/27,11:8:42,,44.7,57.4,64.4,nan,nan
2023/2/27,11:8:52,,44.5,57.4,64.4,nan,nan
2023/2/27,11:9:3,,44.4,57.7,64.7,nan,nan
2023/2/27,11:9:13,,44.5,57.2,64.2,nan,nan
2023/2/27,11:9:23,,45.5,58.0,65.0,nan,nan
2023/2/27,11:9:33,,45.7,58.7,65.7,nan,nan
2023/2/27,11:9:43,,45.0,58.5,65.5,nan,nan
2023/2/27,11:9:53,,43.9,58.0,65.0,nan,nan
2023/2/27,11:10:3,,43.9,57.8,64.8,nan,nan
2023/2/27,11:10:13,,44.3,57.2,64.2,nan,nan
2023/2/27,11:10:23,,44.3,56.6,63.6,nan,nan
2023/2/27,11:10:33,,44.5,55.5,62.5,nan,nan
2023/2/27,11:10:43,,43.8,55.0,62.0,nan,nan
2000/32/0,0:53:0,,43.2,54.1,61.1,nan,nan
2023/2/27,11:11:4,,43.1,54.0,61.0,nan,nan
2023/2/27,11:11:14,,42.6,54.0,61.0,nan,nan
2023/2/27,11:11:24,,42.3,53.9,60.9,nan,nan
2023/2/27,11:11:34,,42.4,53.9,60.9,nan,nan
2023/2/27,11:11:44,,42.9,54.0,61.0,nan,nan
2023/2/27,11:11:54,,41.7,54.0,61.0,nan,nan
2023/2/27,11:12:4,,42.1,53.6,60.6,nan,nan
2023/2/27,11:12:14,,41.7,53.0,60.0,nan,nan
2023/2/27,11:12:24,,41.6,53.1,60.1,nan,nan
2023/2/27,11:12:34,,42.4,53.0,60.0,nan,nan
2023/2/27,11:12:45,,41.7,53.0,60.0,nan,nan
2023/2/27,11:12:55,,42.7,52.8,59.6,nan,nan
2023/2/27,11:13:5,,42.6,53.0,60.0,nan,nan
2023/2/27,11:13:15,,41.7,53.0,60.0,nan,nan
2023/2/27,11:13:25,,42.1,53.0,60.0,nan,nan
2023/2/27,11:13:35,,42.0,52.8,59.6,nan,nan
2023/2/27,11:13:45,,40.9,53.1,60.1,nan,nan
2023/2/27,11:13:55,,41.3,53.4,60.4,nan,nan
2023/2/27,11:14:5,,42.4,54.0,61.0,nan,nan
2023/2/27,11:14:15,,42.6,54.0,61.0,nan,nan
2023/2/27,11:14:25,,42.2,53.3,60.3,nan,nan
2023/2/27,11:14:35,,40.8,52.6,59.2,nan,nan
2023/2/27,11:14:46,,40.3,52.0,58.0,nan,nan
2023/2/27,11:14:56,,41.6,51.9,57.9,nan,nan
2023/2/27,11:15:6,,40.1,51.1,57.1,nan,nan
2023/2/27,11:15:16,,40.6,52.0,58.0,nan,nan
2023/2/27,11:15:26,,41.3,52.7,59.4,nan,nan
2000/28/0,0:53:0,,40.6,52.0,58.0,nan,nan
2000/30/0,0:53:0,,41.4,52.0,58.0,nan,nan
2000/29/0,0:53:0,,41.0,52.0,58.0,nan,nan
2000/29/0,0:53:0,,41.2,51.6,57.6,nan,nan
2023/2/27,11:16:16,,40.9,51.0,57.0,nan,nan
2023/2/27,11:16:26,,39.1,50.0,56.0,nan,nan
2023/2/27,11:16:37,,39.6,50.8,56.8,nan,nan
2023/2/27,11:16:47,,39.9,51.3,57.3,nan,nan
2023/2/27,11:16:57,,40.2,51.0,57.0,nan,nan
2023/2/27,11:17:7,,40.6,51.6,57.6,nan,nan
2023/2/27,11:17:17,,39.8,51.0,57.0,nan,nan
2023/2/27,11:17:27,,40.5,51.0,57.0,nan,nan
2023/2/27,11:17:37,,39.3,51.0,57.0,nan,nan
2023/2/27,11:17:47,,38.2,50.2,56.2,nan,nan
2023/2/27,11:17:57,,39.3,49.9,55.9,nan,nan
2023/2/27,11:18:7,,39.9,49.7,55.7,nan,nan
2023/2/27,11:18:17,,39.0,49.8,55.8,nan,nan
2023/2/27,11:18:28,,39.4,49.8,55.8,nan,nan
2023/2/27,11:18:38,,39.5,49.2,55.2,nan,nan
2023/2/27,11:18:48,,39.6,50.0,56.0,nan,nan
2023/2/27,11:18:58,,40.2,50.5,56.5,nan,nan
2023/2/27,11:19:8,,39.6,50.9,56.9,nan,nan
2023/2/27,11:19:18,,41.0,51.0,57.0,nan,nan
2023/2/27,11:19:28,,40.8,51.0,57.0,nan,nan
2023/2/27,11:19:38,,40.1,50.2,56.2,nan,nan
2000/27/0,0:53:0,,39.4,50.5,56.5,nan,nan
2000/29/0,0:53:0,,40.8,52.0,58.0,nan,nan
2023/2/27,11:20:56,,41.4,52.0,58.0,nan,nan
2165/2/27,11:21:6,,42.0,52.0,58.0,nan,nan
2000/28/0,0:53:0,,41.7,52.0,58.0,nan,nan
2000/28/0,0:53:0,,40.2,51.7,57.7,nan,nan
2023/2/27,11:21:36,,41.3,52.8,59.6,nan,nan
2023/2/27,11:21:46,,40.3,52.0,58.0,nan,nan
2023/2/27,11:21:56,,41.3,52.6,59.2,nan,nan
2023/2/27,11:22:6,,42.5,53.0,60.0,nan,nan
2023/2/27,11:22:17,,43.3,54.1,61.1,nan,nan
2023/2/27,11:22:27,,43.1,54.2,61.2,nan,nan
2023/2/27,11:22:37,,42.1,52.6,59.2,nan,nan
2023/2/27,11:22:47,,42.1,52.4,58.8,nan,nan
2023/2/27,11:22:57,,41.0,51.8,57.8,nan,nan
2023/2/27,11:23:7,,40.8,51.1,57.1,nan,nan
2023/2/27,11:23:17,,40.5,50.6,56.6,nan,nan
2023/2/27,11:23:27,,39.9,50.0,56.0,nan,nan
2023/2/27,11:23:37,,40.0,50.0,56.0,nan,nan
2023/2/27,11:23:47,,39.8,50.0,56.0,nan,nan
2023/2/27,11:23:57,,39.7,50.5,56.5,nan,nan
2023/2/27,11:24:7,,40.1,50.5,56.5,nan,nan
2023/2/27,11:24:18,,40.3,50.6,56.6,nan,nan
2023/2/27,11:24:28,,41.0,51.1,57.1,nan,nan
2023/2/27,11:24:38,,41.5,52.3,58.6,nan,nan
2023/2/27,11:24:48,,41.2,52.4,58.8,nan,nan
2023/2/27,11:24:58,,40.8,52.9,59.8,nan,nan
2023/2/27,11:25:8,,41.1,53.4,60.4,nan,nan
2023/2/27,11:25:18,,42.1,53.8,60.8,nan,nan
2023/2/27,11:25:28,,42.9,53.7,60.7,nan,nan
2023/2/27,11:25:38,,42.2,52.5,59.0,nan,nan
2023/2/27,11:25:48,,41.5,52.0,58.0,nan,nan
2023/2/27,11:25:58,,42.2,52.7,59.4,nan,nan
2023/2/27,11:26:9,,41.7,53.0,60.0,nan,nan
2023/2/27,11:26:19,,41.1,53.5,60.5,nan,nan
2023/2/27,11:26:29,,42.0,53.2,60.2,nan,nan
2023/2/27,11:26:39,,41.4,54.0,61.0,nan,nan
2023/2/27,11:26:49,,40.8,53.1,60.1,nan,nan
2023/2/27,11:26:59,,41.6,52.5,59.0,nan,nan
2023/2/27,11:27:9,,41.3,51.5,57.5,nan,nan
2023/2/27,11:27:19,,40.4,51.6,57.6,nan,nan
2023/2/27,11:27:29,,41.3,52.3,58.6,nan,nan
2023/2/27,11:27:39,,41.5,52.8,59.6,nan,nan
2023/2/27,11:27:49,,42.6,53.0,60.0,nan,nan
2023/2/27,11:28:0,,42.5,53.0,60.0,nan,nan
2023/2/27,11:28:10,,42.1,53.5,60.5,nan,nan
2023/2/27,11:28:20,,41.2,52.6,59.2,nan,nan
2023/2/27,11:28:30,,41.5,52.6,59.2,nan,nan
2023/2/27,11:28:40,,40.8,52.8,59.6,nan,nan
2023/2/27,11:28:50,,41.3,52.7,59.4,nan,nan
2023/2/27,11:29:0,,41.5,52.0,58.0,nan,nan
2023/2/27,11:29:10,,41.0,51.2,57.2,nan,nan
2023/2/27,11:29:20,,41.8,52.0,58.0,nan,nan
2023/2/27,11:29:30,,40.7,51.1,57.1,nan,nan
2023/2/27,11:29:40,,39.3,50.8,56.8,nan,nan
2023/2/27,11:29:50,,39.4,50.9,56.9,nan,nan
2023/2/27,11:30:1,,39.9,50.9,56.9,nan,nan
2023/2/27,11:30:11,,40.4,51.0,57.0,nan,nan
2023/2/27,11:30:21,,41.0,51.3,57.3,nan,nan
2023/2/27,11:30:31,,41.3,52.0,58.0,nan,nan
2023/2/27,11:30:41,,42.1,52.2,58.4,nan,nan
2023/2/27,11:30:51,,41.6,52.3,58.6,nan,nan
2023/2/27,11:31:1,,42.5,53.0,60.0,nan,nan
2023/2/27,11:31:11,,43.6,53.9,60.9,nan,nan
2023/2/27,11:31:21,,41.8,53.5,60.5,nan,nan
2023/2/27,11:31:31,,41.3,52.3,58.6,nan,nan
2023/2/27,11:31:41,,41.0,52.1,58.2,nan,nan
2023/2/27,11:31:52,,41.1,51.9,57.9,nan,nan
2023/2/27,11:32:2,,41.3,51.5,57.5,nan,nan
2023/2/27,11:32:12,,39.9,51.4,57.4,nan,nan
2023/2/27,11:32:22,,40.0,52.0,58.0,nan,nan
2023/2/27,11:32:32,,41.5,52.7,59.4,nan,nan
2023/2/27,11:32:42,,41.0,52.1,58.2,nan,nan
2023/2/27,11:32:52,,40.3,52.1,58.2,nan,nan
2023/2/27,11:33:2,,41.3,52.0,58.1,nan,nan
2023/2/27,11:33:12,,41.2,51.8,57.8,nan,nan
2023/2/27,11:33:22,,40.4,51.5,57.6,nan,nan
2023/2/27,11:33:32,,41.2,52.6,59.2,nan,nan
2023/2/27,11:33:42,,41.4,52.9,59.8,nan,nan
2023/2/27,11:33:53,,41.1,52.6,59.2,nan,nan
2023/2/27,11:34:3,,41.3,52.7,59.4,nan,nan
2023/2/27,11:34:13,,43.2,53.4,60.4,nan,nan
2023/2/27,11:34:23,,42.8,52.8,59.6,nan,nan
2023/2/27,11:34:33,,41.7,51.8,57.8,nan,nan
2023/2/27,11:34:43,,40.7,52.0,58.0,nan,nan
2023/2/27,11:34:53,,40.5,52.0,58.0,nan,nan
2023/2/27,11:35:3,,41.1,51.3,57.3,nan,nan
2023/2/27,11:35:13,,40.0,50.3,56.3,nan,nan
2023/2/27,11:35:23,,39.4,50.8,56.8,nan,nan
2023/2/27,11:35:33,,40.3,51.7,57.7,nan,nan
2000/30/0,0:53:0,,40.9,51.7,57.7,nan,nan
2023/2/27,11:35:57,,41.6,52.2,58.4,nan,nan
2023/2/27,11:36:7,,41.1,52.6,59.2,nan,nan
2023/2/27,11:36:17,,41.4,52.3,58.6,nan,nan
2023/2/27,11:36:27,,41.6,52.0,58.0,nan,nan
2023/2/27,11:36:37,,41.7,52.5,59.0,nan,nan
2023/2/27,11:36:47,,41.9,52.3,58.6,nan,nan
2023/2/27,11:36:57,,40.4,51.2,57.2,nan,nan
2023/2/27,11:37:7,,40.2,50.3,56.3,nan,nan
2165/85/27,11:37:17,,39.2,50.2,56.2,nan,nan
2000/28/0,0:53:0,,39.9,50.8,56.8,nan,nan
2023/2/27,11:37:38,,39.6,50.1,56.1,nan,nan
2023/2/27,11:37:48,,39.9,50.9,56.9,nan,nan
2023/2/27,11:37:58,,41.5,52.4,58.8,nan,nan
2023/2/27,11:38:8,,41.1,53.1,60.1,nan,nan
2023/2/27,11:38:18,,41.5,52.5,59.0,nan,nan
2023/2/27,11:38:28,,41.9,52.0,58.0,nan,nan
2000/29/0,0:53:0,,41.7,51.7,57.7,nan,nan
2023/2/27,11:38:48,,39.2,50.6,56.6,nan,nan
2000/27/0,0:53:0,,38.6,50.0,56.0,nan,nan
2023/2/27,11:39:8,,38.2,49.7,55.7,nan,nan
2023/2/27,11:39:18,,39.0,49.8,55.8,nan,nan
2023/2/27,11:39:29,,39.9,50.0,56.0,nan,nan
2000/27/0,0:53:0,,39.7,50.0,56.0,nan,nan
2000/29/0,0:53:0,,40.3,50.4,56.4,nan,nan
2000/30/0,0:53:0,,40.6,51.6,57.6,nan,nan
2023/2/27,11:40:9,,41.5,52.0,58.0,nan,nan
2023/2/27,11:40:19,,40.4,52.0,58.0,nan,nan
2000/30/0,0:53:0,,41.6,52.0,58.0,nan,nan
2023/2/27,11:40:39,,40.5,51.5,57.5,nan,nan
2000/28/0,0:53:0,,40.8,51.1,57.1,nan,nan
2000/28/0,0:53:0,,39.0,50.2,56.2,nan,nan
2023/2/27,11:41:9,,40.2,50.4,56.4,nan,nan
2000/28/0,0:53:0,,40.3,50.7,56.7,nan,nan
2000/27/0,0:53:0,,39.6,50.0,56.0,nan,nan
2000/29/0,0:53:0,,40.4,50.7,56.7,nan,nan
2000/29/0,0:53:0,,40.6,51.0,57.0,nan,nan
2000/27/0,0:53:0,,39.9,50.1,56.1,nan,nan
2000/28/0,0:53:0,,40.0,50.0,56.0,nan,nan
2000/28/0,0:53:0,,39.7,49.7,55.7,nan,nan
2023/2/27,11:42:30,,40.0,49.9,55.9,nan,nan
2023/2/27,11:42:40,,39.3,49.8,55.8,nan,nan
2000/25/0,0:53:0,,38.0,49.0,55.0,nan,nan
2023/2/27,11:43:0,,37.9,49.2,55.2,nan,nan
2023/2/27,11:43:10,,37.4,49.0,55.0,nan,nan
2000/27/0,0:53:0,,38.7,49.6,55.6,nan,nan
2000/27/0,0:53:0,,38.6,49.5,55.5,nan,nan
2000/28/0,0:53:0,,39.7,50.1,56.1,nan,nan
2000/27/0,0:53:0,,39.0,50.9,56.9,nan,nan
2000/29/0,0:53:0,,39.7,50.2,56.2,nan,nan
2000/28/0,0:53:0,,40.5,51.4,57.4,nan,nan
2000/27/0,0:53:0,,39.2,50.9,56.9,nan,nan
2000/27/0,0:53:0,,39.0,50.7,56.7,nan,nan
2000/28/0,0:53:0,,39.4,50.9,56.9,nan,nan
2000/29/0,0:53:0,,40.6,52.0,58.0,nan,nan
2000/27/0,0:53:0,,40.7,51.5,57.5,nan,nan
2000/27/0,0:53:0,,39.5,49.6,55.6,nan,nan
2000/27/0,0:53:0,,38.5,49.0,55.0,nan,nan
2000/26/0,0:53:0,,38.6,49.0,55.0,nan,nan
2000/25/0,0:53:0,,37.0,47.3,53.3,nan,nan
2000/23/0,0:53:0,,35.3,46.3,52.3,nan,nan
2000/25/0,0:53:0,,36.7,46.3,52.3,nan,nan
2000/26/0,0:53:0,,37.8,47.6,53.6,nan,nan
2000/26/0,0:53:0,,38.5,48.0,54.0,nan,nan
2000/27/0,0:53:0,,37.9,48.4,54.4,nan,nan
2000/28/0,0:53:0,,39.8,49.7,55.7,nan,nan
2000/28/0,0:53:0,,39.7,50.0,56.0,nan,nan
2000/28/0,0:53:0,,39.6,50.0,56.0,nan,nan
2000/28/0,0:53:0,,40.0,50.0,56.0,nan,nan
2000/29/0,0:53:0,,40.9,51.0,57.0,nan,nan
2165/165/165,13:47:33,,41.4,51.7,57.7,nan,nan
2000/29/0,0:53:0,,41.1,51.1,57.1,nan,nan
2023/2/27,11:47:53,,40.6,51.1,57.1,nan,nan
2000/30/0,0:53:0,,41.4,52.0,58.0,nan,nan
2023/2/27,11:48:13,,40.5,51.6,57.6,nan,nan
2023/2/27,11:48:23,,39.7,51.0,57.0,nan,nan
2023/2/27,11:48:33,,40.8,51.3,57.3,nan,nan
2023/2/27,11:48:43,,41.4,51.7,57.7,nan,nan
2000/29/0,0:53:0,,41.6,52.2,58.4,nan,nan
2000/28/0,0:53:0,,40.8,52.0,58.0,nan,nan
2023/2/27,11:49:14,,41.1,52.2,58.4,nan,nan
2023/2/27,11:49:24,,41.1,52.0,58.2,nan,nan
2000/28/0,0:53:0,,41.4,52.0,58.0,nan,nan
2023/2/27,11:49:44,,40.4,51.9,57.9,nan,nan
2000/27/0,0:53:0,,39.8,50.6,56.6,nan,nan
2000/27/0,0:53:0,,38.5,50.0,56.0,nan,nan
2000/27/0,0:53:0,,38.6,49.7,55.7,nan,nan
2165/165/165,17:50:24,,39.0,50.0,56.0,nan,nan
2000/27/0,0:53:0,,39.7,50.2,56.2,nan,nan
2000/28/0,0:53:0,,40.2,50.9,56.9,nan,nan
2000/29/0,0:53:0,,40.7,51.0,57.0,nan,nan
2000/27/0,0:53:0,,39.7,50.9,56.9,nan,nan
2000/26/0,0:53:0,,39.4,50.1,56.1,nan,nan
2000/26/0,0:53:0,,37.7,48.4,54.4,nan,nan
2000/25/0,0:53:0,,37.4,47.3,53.3,nan,nan
2000/26/0,0:53:0,,37.4,47.0,53.0,nan,nan
2000/27/0,0:53:0,,38.6,48.0,54.0,nan,nan
2000/27/0,0:53:0,,39.1,48.2,54.2,nan,nan
2000/26/0,0:53:0,,37.9,48.0,54.0,nan,nan
2000/28/0,0:53:0,,38.7,49.1,55.1,nan,nan
2000/28/0,0:53:0,,39.8,49.8,55.8,nan,nan
2000/28/0,0:53:0,,40.0,50.1,56.1,nan,nan
2000/28/0,0:53:0,,40.0,50.0,56.0,nan,nan
2000/26/0,0:53:0,,39.5,50.0,56.0,nan,nan
2000/29/0,0:53:0,,40.1,50.8,56.8,nan,nan
2000/28/0,0:53:0,,40.7,50.7,56.7,nan,nan
2000/27/0,0:53:0,,39.8,51.0,57.0,nan,nan
2000/27/0,0:53:0,,38.8,51.0,57.0,nan,nan
2000/27/0,0:53:0,,39.8,51.0,57.0,nan,nan
2000/28/0,0:53:0,,39.3,50.2,56.2,nan,nan
2023/2/27,11:54:16,,38.4,49.1,55.1,nan,nan
2000/26/0,0:53:0,,38.1,48.6,54.6,nan,nan
2165/165/165,165:54:37,,38.9,47.9,53.9,nan,nan
2000/28/0,0:53:0,,38.9,48.0,54.0,nan,nan
2000/27/0,0:53:0,,39.5,49.0,55.0,nan,nan
2023/2/27,11:55:7,,38.4,49.5,55.5,nan,nan
2000/28/0,0:53:0,,39.4,49.9,55.9,nan,nan
2000/30/0,0:53:0,,41.1,51.1,57.1,nan,nan
2000/29/0,0:53:0,,41.3,51.3,57.3,nan,nan
2000/29/0,0:53:0,,41.1,51.3,57.3,nan,nan
2000/28/0,0:53:0,,40.3,50.7,56.7,nan,nan
2000/27/0,0:53:0,,39.6,49.4,55.4,nan,nan
2000/26/0,0:53:0,,38.2,49.2,55.2,nan,nan
2000/26/0,0:53:0,,38.5,48.7,54.7,nan,nan
2000/26/0,0:53:0,,37.8,48.3,54.3,nan,nan
2000/25/0,0:53:0,,37.6,48.1,54.1,nan,nan
2000/26/0,0:53:0,,37.6,48.4,54.4,nan,nan
2023/2/27,11:57:8,,37.7,49.7,55.7,nan,nan
2000/27/0,0:53:0,,38.3,49.9,55.9,nan,nan
2000/27/0,0:53:0,,39.1,49.7,55.7,nan,nan
2000/28/0,0:53:0,,40.0,50.8,56.8,nan,nan
2000/29/0,0:53:0,,40.1,50.9,56.9,nan,nan
2000/28/0,0:53:0,,40.4,50.4,56.4,nan,nan
2000/27/0,0:53:0,,39.5,49.9,55.9,nan,nan
2023/2/27,11:58:18,,39.5,49.7,55.7,nan,nan
2023/2/27,11:58:29,,40.1,49.9,55.9,nan,nan
2023/2/27,11:58:39,,40.0,50.0,56.0,nan,nan
2023/2/27,11:58:49,,39.6,49.4,55.4,nan,nan
2023/2/27,11:58:59,,39.9,49.8,55.8,nan,nan
2000/27/0,0:53:0,,39.5,50.4,56.4,nan,nan
2023/2/27,11:59:19,,39.8,50.0,56.0,nan,nan
2023/2/27,11:59:29,,38.8,49.4,55.4,nan,nan
2000/27/0,0:53:0,,38.2,49.1,55.1,nan,nan
2000/28/0,0:53:0,,39.4,49.9,55.9,nan,nan
2000/27/0,0:53:0,,39.6,50.0,56.0,nan,nan
2165/165/165,45:0:9,,39.1,50.0,56.0,nan,nan
2000/28/0,0:53:0,,40.2,50.2,56.2,nan,nan
2000/29/0,0:53:0,,40.9,50.9,56.9,nan,nan
2000/30/0,0:53:0,,41.8,51.8,57.8,nan,nan
2000/28/0,0:53:0,,40.4,51.8,57.8,nan,nan
2000/30/0,0:53:0,,40.3,51.9,57.9,nan,nan
2000/29/0,0:53:0,,41.5,51.5,57.5,nan,nan
2000/27/0,0:53:0,,40.0,50.1,56.1,nan,nan
2000/27/0,0:53:0,,39.7,49.5,55.5,nan,nan
2000/26/0,0:53:0,,38.4,48.4,54.4,nan,nan
2000/26/0,0:53:0,,38.3,48.6,54.6,nan,nan
2000/28/0,0:53:0,,38.9,49.0,55.0,nan,nan
2000/26/0,0:53:0,,38.3,48.1,54.1,nan,nan
2000/26/0,0:53:0,,38.0,48.0,54.0,nan,nan
2000/27/0,0:53:0,,38.6,48.7,54.7,nan,nan
2000/27/0,0:53:0,,38.7,49.0,55.0,nan,nan
2000/26/0,0:53:0,,38.6,48.9,54.9,nan,nan
2000/26/0,0:53:0,,38.5,48.6,54.6,nan,nan
2000/27/0,0:53:0,,39.0,49.0,55.0,nan,nan
2000/27/0,0:53:0,,38.7,49.0,55.0,nan,nan
2000/27/0,0:53:0,,38.2,48.9,54.9,nan,nan
2023/2/27,12:3:41,,39.1,48.9,54.9,nan,nan
2000/26/0,0:53:0,,38.4,48.3,54.3,nan,nan
2165/165/45,12:4:2,,38.2,47.4,53.4,nan,nan
2000/25/0,0:53:0,,37.2,47.0,53.0,nan,nan
2000/25/0,0:53:0,,37.0,47.2,53.2,nan,nan
2023/2/27,12:4:32,,36.7,47.1,53.1,nan,nan
2000/27/0,0:53:0,,37.8,47.9,53.9,nan,nan
2000/27/0,0:53:0,,39.4,48.9,54.9,nan,nan
2023/2/27,12:5:2,,39.2,50.0,56.0,nan,nan
2023/2/27,12:5:12,,39.2,50.7,56.7,nan,nan
2023/2/27,12:5:22,,39.1,51.4,57.4,nan,nan
2000/29/0,0:53:0,,40.4,52.0,58.0,nan,nan
2045/2/27,12:5:42,,40.1,51.7,57.7,nan,nan
2023/2/27,12:5:53,,39.6,50.6,56.6,nan,nan
2000/29/0,0:53:0,,40.2,50.9,56.9,nan,nan
2023/2/27,12:6:13,,40.6,50.6,56.6,nan,nan
2000/28/0,0:53:0,,39.3,49.6,55.6,nan,nan
2023/2/27,12:6:33,,38.8,48.3,54.3,nan,nan
2023/2/27,12:6:43,,38.9,48.5,54.5,nan,nan
2023/2/27,12:6:53,,39.2,49.0,55.0,nan,nan
2000/26/0,0:53:0,,37.8,48.2,54.2,nan,nan
2000/24/0,0:53:0,,37.0,48.0,54.0,nan,nan
2000/26/0,0:53:0,,38.0,48.0,54.0,nan,nan
2000/26/0,0:53:0,,37.6,48.0,54.0,nan,nan
2000/25/0,0:53:0,,37.2,47.9,53.9,nan,nan
2000/25/0,0:53:0,,38.0,47.9,53.9,nan,nan
2023/2/27,12:8:4,,37.3,47.4,53.4,nan,nan
2000/26/0,0:53:0,,37.7,47.0,53.0,nan,nan
2000/26/0,0:53:0,,38.5,47.8,53.8,nan,nan
2000/24/0,0:53:0,,37.4,48.2,54.2,nan,nan
2000/26/0,0:53:0,,36.6,47.8,53.8,nan,nan
2000/25/0,0:53:0,,37.4,47.4,53.4,nan,nan
2023/2/27,12:9:4,,37.8,47.3,53.3,nan,nan
2165/165/165,165:15:14,,36.8,48.0,54.0,nan,nan
2000/26/0,0:53:0,,38.5,48.5,54.5,nan,nan
2000/24/0,0:53:0,,37.2,47.8,53.8,nan,nan
2000/24/0,0:53:0,,35.3,47.0,53.0,nan,nan
2000/24/0,0:53:0,,35.7,47.5,53.5,nan,nan
2000/23/0,0:53:0,,36.0,47.3,53.3,nan,nan
2000/24/0,0:53:0,,36.4,46.9,52.9,nan,nan
2000/24/0,0:53:0,,36.4,46.2,52.2,nan,nan
2000/25/0,0:53:0,,36.4,46.3,52.3,nan,nan
2023/2/27,12:10:45,,36.1,45.7,51.7,nan,nan
2000/23/0,0:53:0,,34.6,45.1,51.1,nan,nan
2023/2/27,12:11:5,,34.5,45.0,51.0,nan,nan
2000/23/0,0:53:0,,33.9,44.4,49.8,nan,nan
2000/23/0,0:53:0,,34.7,45.0,51.0,nan,nan
2000/24/0,0:53:0,,34.6,44.9,50.7,nan,nan
2023/2/27,12:11:46,,36.9,45.9,51.9,nan,nan
2000/24/0,0:53:0,,36.2,45.2,51.2,nan,nan
2000/24/0,0:53:0,,35.7,44.7,50.4,nan,nan
2023/2/27,12:12:16,,35.9,45.0,51.0,nan,nan
2023/2/27,12:12:26,,35.6,44.8,50.6,nan,nan
2165/165/35,12:12:36,,35.0,43.9,48.9,nan,nan
2000/23/0,0:53:0,,34.6,42.9,47.9,nan,nan
2000/23/0,0:53:0,,35.0,43.4,48.4,nan,nan
2000/23/0,0:53:0,,34.9,44.0,49.0,nan,nan
2000/22/0,0:53:0,,34.0,44.0,49.0,nan,nan
2000/22/0,0:53:0,,34.0,44.0,49.0,nan,nan
2000/22/0,0:53:0,,34.3,44.1,49.2,nan,nan
2000/23/0,0:53:0,,34.6,44.3,49.6,nan,nan
2000/22/0,0:53:0,,34.9,44.3,49.6,nan,nan
2000/23/0,0:53:0,,34.4,44.0,49.0,nan,nan
2000/21/0,0:53:0,,34.3,43.9,48.9,nan,nan
2023/2/27,12:14:27,,33.2,43.0,48.0,nan,nan
2000/22/0,0:53:0,,33.9,43.0,48.0,nan,nan
2000/21/0,0:53:0,,33.4,43.0,48.0,nan,nan
2000/25/0,0:53:0,,32.6,42.8,47.8,nan,nan
2000/25/0,0:53:0,,31.7,42.0,47.1,nan,nan
2000/20/0,0:53:0,,31.6,41.0,46.0,nan,nan
2000/21/0,0:53:0,,33.1,41.9,46.9,nan,nan
2000/25/0,0:53:0,,32.0,41.3,46.3,nan,nan
2000/25/0,0:53:0,,30.5,40.1,45.1,nan,nan
2000/24/0,0:53:0,,30.5,39.8,44.8,nan,nan
2000/24/0,0:53:0,,30.0,39.7,44.7,nan,nan
2000/20/0,0:53:0,,31.6,40.1,45.1,nan,nan
2000/20/0,0:53:0,,32.0,40.0,45.0,nan,nan
2000/25/0,0:53:0,,31.4,39.7,44.7,nan,nan
2023/2/27,12:16:48,,32.1,40.2,45.2,nan,nan
2000/20/0,0:53:0,,32.0,40.0,45.0,nan,nan
2000/25/0,0:53:0,,31.9,40.1,45.1,nan,nan
2165/165/165,165:165:19,,31.4,40.1,45.1,nan,nan
2000/25/0,0:53:0,,31.5,39.5,44.5,nan,nan
2023/2/27,12:17:39,,30.8,38.7,43.7,nan,nan
2023/2/27,12:17:49,,30.1,38.0,43.0,nan,nan
2023/2/27,12:17:59,,29.6,38.0,43.0,nan,nan
2000/24/0,0:53:0,,30.1,37.6,42.2,nan,nan
2000/24/0,0:53:0,,30.0,37.4,41.8,nan,nan
2000/24/0,0:53:0,,30.6,37.7,42.4,nan,nan
2023/2/27,12:18:39,,30.1,37.9,42.8,nan,nan
2000/24/0,0:53:0,,30.0,38.0,43.0,nan,nan
2000/24/0,0:53:0,,29.5,38.0,43.0,nan,nan
2023/2/27,12:19:10,,29.9,37.9,42.8,nan,nan
2023/2/27,12:19:20,,29.5,37.8,42.6,nan,nan
2023/2/27,12:19:30,,28.8,37.2,41.4,nan,nan
2000/23/0,0:53:0,,29.1,37.1,41.2,nan,nan
2000/24/0,0:53:0,,29.1,37.0,41.0,nan,nan
2000/23/0,0:53:0,,29.0,37.0,41.0,nan,nan
2023/2/27,12:20:10,,28.6,37.0,41.0,nan,nan
2000/22/0,0:53:0,,29.0,36.8,40.8,nan,nan
2000/22/0,0:53:0,,27.6,36.9,40.9,nan,nan
2000/22/0,0:53:0,,28.6,37.3,41.6,nan,nan
2000/23/0,0:53:0,,29.2,37.0,41.0,nan,nan
2165/165/27,12:21:1,,29.2,36.8,40.8,nan,nan
2000/23/0,0:53:0,,27.9,36.1,40.1,nan,nan
2000/22/0,0:53:0,,28.6,37.0,41.0,nan,nan
2000/24/0,0:53:0,,29.3,37.6,42.2,nan,nan
2000/24/0,0:53:0,,29.8,37.8,42.6,nan,nan
2000/23/0,0:53:0,,29.5,37.8,42.6,nan,nan
2000/23/0,0:53:0,,28.9,37.2,41.4,nan,nan
2000/24/0,0:53:0,,30.2,37.4,41.8,nan,nan
2000/22/0,0:53:0,,29.1,36.3,40.3,nan,nan
2000/22/0,0:53:0,,28.8,36.2,40.2,nan,nan
2000/22/0,0:53:0,,27.9,36.0,40.0,nan,nan
2000/22/0,0:53:0,,27.7,35.7,39.7,nan,nan
2000/23/0,0:53:0,,28.4,36.0,40.0,nan,nan
2000/22/0,0:53:0,,27.5,36.0,40.0,nan,nan
2000/23/0,0:53:0,,28.2,36.0,40.0,nan,nan
2000/23/0,0:53:0,,28.5,36.0,40.0,nan,nan
2000/23/0,0:53:0,,28.4,35.8,39.8,nan,nan
2000/23/0,0:53:0,,29.0,36.0,40.0,nan,nan
2023/2/27,12:24:2,,28.3,36.0,40.0,nan,nan
2000/22/0,0:53:0,,27.8,36.0,40.0,nan,nan
2000/22/0,0:53:0,,28.0,35.7,39.7,nan,nan
2000/23/0,0:53:0,,28.7,35.7,39.7,nan,nan
2000/22/0,0:53:0,,28.4,36.0,40.0,nan,nan
2000/20/0,0:53:0,,26.9,34.7,38.7,nan,nan
2023/2/27,12:25:3,,25.8,34.0,38.0,nan,nan
2023/2/27,12:25:13,,26.6,34.5,38.5,nan,nan
2000/22/0,0:53:0,,27.6,35.0,39.0,nan,nan
2023/2/27,12:25:33,,27.4,35.0,39.0,nan,nan
2023/2/27,12:25:43,,26.3,34.3,38.3,nan,nan
2000/20/0,0:53:0,,26.3,33.9,37.9,nan,nan
2023/2/27,12:26:3,,26.4,34.0,38.0,nan,nan
2000/19/0,0:53:0,,26.1,33.1,37.1,nan,nan
2023/2/27,12:26:23,,25.2,31.9,35.9,nan,nan
2000/18/0,0:53:0,,24.2,31.0,35.0,nan,nan
2000/20/0,0:53:0,,25.3,32.1,36.1,nan,nan
2000/19/0,0:53:0,,24.9,33.1,37.1,nan,nan
2000/21/0,0:53:0,,26.4,34.0,38.0,nan,nan
2165/165/35,12:27:14,,26.8,33.8,37.8,nan,nan
2023/2/27,12:27:24,,26.3,33.3,37.3,nan,nan
2000/19/0,0:53:0,,25.8,33.0,37.0,nan,nan
2000/20/0,0:53:0,,25.5,33.0,37.0,nan,nan
2023/2/27,12:27:54,,26.0,33.0,37.0,nan,nan
2023/2/27,12:28:4,,25.7,32.2,36.2,nan,nan
2000/20/0,0:53:0,,25.8,32.8,36.8,nan,nan
2023/2/27,12:28:24,,26.0,33.1,37.1,nan,nan
2000/20/0,0:53:0,,26.1,33.7,37.7,nan,nan
2000/20/0,0:53:0,,26.0,33.3,37.3,nan,nan
2045/2/27,12:28:55,,26.1,33.9,37.9,nan,nan
2000/21/0,0:53:0,,26.1,34.0,38.0,nan,nan
2000/20/0,0:53:0,,26.0,34.1,38.1,nan,nan
2000/19/0,0:53:0,,25.8,34.0,38.0,nan,nan
2023/2/27,12:29:35,,24.7,33.5,37.5,nan,nan
2000/20/0,0:53:0,,25.3,33.1,37.1,nan,nan
2000/20/0,0:53:0,,26.0,33.0,37.0,nan,nan
2000/18/0,0:53:0,,25.0,33.0,37.0,nan,nan
2000/20/0,0:53:0,,24.9,33.2,37.2,nan,nan
2023/2/27,12:30:26,,26.0,33.2,37.2,nan,nan
2000/20/0,0:53:0,,26.1,33.1,37.1,nan,nan
2000/18/0,0:53:0,,25.0,33.0,37.0,nan,nan
2165/165/165,165:45:56,,23.9,32.2,36.2,nan,nan
2023/2/27,12:31:6,,25.2,32.6,36.6,nan,nan
2000/19/0,0:53:0,,25.4,32.1,36.1,nan,nan
2000/19/0,0:53:0,,24.4,32.0,36.0,nan,nan
2000/19/0,0:53:0,,24.2,32.0,36.0,nan,nan
2000/19/0,0:53:0,,25.3,32.2,36.2,nan,nan
2000/20/0,0:53:0,,25.3,33.2,37.2,nan,nan
2000/20/0,0:53:0,,25.9,33.0,37.0,nan,nan
2000/20/0,0:53:0,,25.8,32.5,36.5,nan,nan
2000/19/0,0:53:0,,25.6,33.0,37.0,nan,nan
2165/165/165,165:37:37,,24.6,33.0,37.0,nan,nan
2000/19/0,0:53:0,,25.2,32.4,36.4,nan,nan
2000/18/0,0:53:0,,24.8,31.9,35.9,nan,nan
2000/18/0,0:53:0,,24.2,31.0,35.0,nan,nan
2000/18/0,0:53:0,,24.2,31.2,35.2,nan,nan
2165/165/165,165:33:27,,23.6,31.0,35.0,nan,nan
2000/18/0,0:53:0,,24.0,31.2,35.2,nan,nan
2000/16/0,0:53:0,,23.4,31.0,35.0,nan,nan
2000/18/0,0:53:0,,23.2,31.1,35.1,nan,nan
2000/18/0,0:53:0,,24.6,31.9,35.9,nan,nan
2000/19/0,0:53:0,,25.1,32.0,36.0,nan,nan
2000/19/0,0:53:0,,24.8,31.8,35.8,nan,nan
2000/20/0,0:53:0,,25.8,32.2,36.2,nan,nan
2000/20/0,0:53:0,,25.9,32.8,36.8,nan,nan
2000/19/0,0:53:0,,25.2,32.2,36.2,nan,nan
2023/2/27,12:35:8,,24.5,32.0,36.0,nan,nan
2000/19/0,0:53:0,,24.5,32.2,36.2,nan,nan
2165/165/165,165:85:28,,25.6,32.4,36.4,nan,nan
2000/20/0,0:53:0,,25.4,32.0,36.0,nan,nan
2023/2/27,12:35:48,,25.9,32.0,36.0,nan,nan
2023/2/27,12:35:58,,25.4,32.0,36.0,nan,nan
2000/17/0,0:53:0,,24.1,31.1,35.1,nan,nan
2000/17/0,0:53:0,,22.8,31.0,35.0,nan,nan
2000/18/0,0:53:0,,23.6,30.8,34.8,nan,nan
2023/2/27,12:36:39,,24.4,31.0,35.0,nan,nan
2165/165/165,165:165:85,,24.6,31.0,35.0,nan,nan
2000/18/0,0:53:0,,24.0,31.0,35.0,nan,nan
2023/2/27,12:37:9,,24.9,31.2,35.2,nan,nan
2165/165/165,165:165:19,,24.6,31.3,35.3,nan,nan
2023/2/27,12:37:29,,24.4,32.0,36.0,nan,nan
2000/18/0,0:53:0,,24.5,31.9,35.9,nan,nan
2000/20/0,0:53:0,,25.3,32.0,36.0,nan,nan
2000/18/0,0:53:0,,24.5,31.0,35.0,nan,nan
2000/17/0,0:53:0,,23.4,30.7,34.7,nan,nan
2000/17/0,0:53:0,,22.9,30.2,34.2,nan,nan
2000/16/0,0:53:0,,22.9,30.0,34.0,nan,nan
2000/17/0,0:53:0,,22.4,30.0,34.0,nan,nan
2000/17/0,0:53:0,,23.1,29.9,33.8,nan,nan
2000/16/0,0:53:0,,22.7,30.3,34.3,nan,nan
2000/16/0,0:53:0,,22.6,30.2,34.1,nan,nan
2000/16/0,0:53:0,,22.0,29.7,33.4,nan,nan
2000/17/0,0:53:0,,22.4,29.0,32.0,nan,nan
2000/16/0,0:53:0,,22.4,28.4,31.4,nan,nan
2000/16/0,0:53:0,,22.3,28.3,31.3,nan,nan
2000/16/0,0:53:0,,22.0,27.9,30.9,nan,nan
2000/16/0,0:53:0,,22.0,27.8,30.8,nan,nan
2000/16/0,0:53:0,,22.0,28.0,31.0,nan,nan
2165/165/165,165:41:31,,23.0,29.0,32.0,nan,nan
2000/16/0,0:53:0,,22.3,28.3,31.3,nan,nan
2000/16/0,0:53:0,,22.7,29.0,32.0,nan,nan
2000/17/0,0:53:0,,21.5,29.2,32.4,nan,nan
2000/16/0,0:53:0,,22.3,30.0,34.0,nan,nan
2000/17/0,0:53:0,,23.1,29.7,33.4,nan,nan
2000/17/0,0:53:0,,22.9,29.0,32.0,nan,nan
2000/17/0,0:53:0,,23.0,29.0,32.0,nan,nan
2000/17/0,0:53:0,,22.6,28.7,31.7,nan,nan
2000/17/0,0:53:0,,22.9,28.9,31.9,nan,nan
2000/18/0,0:53:0,,22.9,28.9,32.0,nan,nan
2023/2/27,12:42:22,,23.4,29.4,32.8,nan,nan
2000/18/0,0:53:0,,23.2,29.3,32.6,nan,nan
2000/19/0,0:53:0,,24.3,30.4,34.4,nan,nan
2165/165/165,12:42:52,,24.1,30.5,34.5,nan,nan
2000/17/0,0:53:0,,23.5,30.0,34.0,nan,nan
2023/2/27,12:43:12,,21.5,29.0,32.3,nan,nan
2000/16/0,0:53:0,,21.6,28.0,31.0,nan,nan
2000/16/0,0:53:0,,21.8,28.0,31.0,nan,nan
2000/15/0,0:53:0,,21.4,28.0,31.0,nan,nan
2000/15/0,0:53:0,,21.0,28.0,31.0,nan,nan
2000/15/0,0:53:0,,21.3,27.3,30.3,nan,nan
2000/15/0,0:53:0,,20.9,27.0,30.0,nan,nan
2000/16/0,0:53:0,,21.2,27.1,30.1,nan,nan
2000/16/0,0:53:0,,21.9,27.6,30.6,nan,nan
2000/16/0,0:53:0,,22.0,28.0,31.0,nan,nan
2000/16/0,0:53:0,,22.0,28.0,31.0,nan,nan
2000/16/0,0:53:0,,22.0,28.1,31.1,nan,nan
2000/17/0,0:53:0,,22.1,28.1,31.1,nan,nan
2000/16/0,0:53:0,,22.5,28.8,31.8,nan,nan
2000/16/0,0:53:0,,21.9,28.0,31.0,nan,nan
2000/15/0,0:53:0,,21.9,28.0,31.0,nan,nan
2000/17/0,0:53:0,,22.1,28.2,31.2,nan,nan
2000/17/0,0:53:0,,22.8,28.8,31.8,nan,nan
2000/17/0,0:53:0,,23.0,29.0,32.0,nan,nan
2000/17/0,0:53:0,,23.0,29.0,32.0,nan,nan
2000/17/0,0:53:0,,23.2,29.3,32.6,nan,nan
2023/2/27,12:46:44,,23.0,29.0,32.0,nan,nan
2023/2/27,12:46:54,,22.8,29.0,32.0,nan,nan
2023/2/27,12:47:4,,22.1,28.1,31.1,nan,nan
2023/2/27,12:47:14,,22.0,28.0,31.0,nan,nan
2000/15/0,0:53:0,,21.8,28.0,31.0,nan,nan
2023/2/27,12:47:35,,21.6,28.0,31.0,nan,nan
2165/165/165,85:47:45,,21.8,28.0,31.0,nan,nan
2023/2/27,12:47:55,,21.4,27.8,30.8,nan,nan
2023/2/27,12:48:5,,22.0,28.0,31.0,nan,nan
2023/2/27,12:48:15,,21.8,27.7,30.7,nan,nan
2000/15/0,0:53:0,,21.1,27.1,30.1,nan,nan
2023/2/27,12:48:35,,20.5,26.4,29.4,nan,nan
2023/2/27,12:48:45,,19.4,26.0,29.0,nan,nan
2000/14/0,0:53:0,,20.0,26.9,29.9,nan,nan
2023/2/27,12:49:5,,20.4,27.0,30.0,nan,nan
2000/16/0,0:53:0,,21.1,27.0,30.0,nan,nan
2023/2/27,12:49:26,,21.9,27.0,30.0,nan,nan
2165/165/165,165:165:45,,21.0,27.0,30.0,nan,nan
2000/16/0,0:53:0,,22.0,27.1,30.1,nan,nan
2000/15/0,0:53:0,,21.9,27.0,30.0,nan,nan
2023/2/27,12:50:6,,21.3,27.0,30.0,nan,nan
2000/16/0,0:53:0,,22.0,27.8,30.8,nan,nan
2000/16/0,0:53:0,,21.6,28.0,31.0,nan,nan
2000/16/0,0:53:0,,22.3,28.7,31.7,nan,nan
2000/15/0,0:53:0,,21.8,28.0,31.0,nan,nan
2000/15/0,0:53:0,,20.6,27.2,30.2,nan,nan
2000/15/0,0:53:0,,21.2,27.0,30.0,nan,nan
2000/15/0,0:53:0,,20.6,27.0,30.0,nan,nan
2000/13/0,0:53:0,,19.5,26.0,29.0,nan,nan
2000/13/0,0:53:0,,19.7,26.0,29.0,nan,nan
2000/14/0,0:53:0,,19.6,26.0,29.0,nan,nan
2000/15/0,0:53:0,,20.3,26.6,29.6,nan,nan
2000/15/0,0:53:0,,20.3,26.3,29.3,nan,nan
2000/16/0,0:53:0,,20.9,26.3,29.3,nan,nan
2000/16/0,0:53:0,,21.1,27.0,30.0,nan,nan
2000/16/0,0:53:0,,21.8,27.9,30.9,nan,nan
2000/16/0,0:53:0,,22.0,28.0,31.0,nan,nan
2000/16/0,0:53:0,,21.6,28.0,31.0,nan,nan
2000/16/0,0:53:0,,21.4,27.7,30.7,nan,nan
2000/14/0,0:53:0,,20.9,26.9,29.9,nan,nan
2000/15/0,0:53:0,,21.0,27.0,30.0,nan,nan
2000/14/0,0:53:0,,20.8,26.8,29.8,nan,nan
2000/15/0,0:53:0,,20.2,26.0,29.0,nan,nan
2000/14/0,0:53:0,,20.0,26.0,29.0,nan,nan
2000/15/0,0:53:0,,21.0,27.0,30.0,nan,nan
2000/16/0,0:53:0,,21.1,27.6,30.6,nan,nan
2165/165/165,165:55:28,,21.8,28.1,31.1,nan,nan
2000/16/0,0:53:0,,21.9,28.0,31.0,nan,nan
2023/2/27,12:54:48,,21.2,28.0,31.0,nan,nan
2023/2/27,12:54:58,,21.6,28.0,31.0,nan,nan
2000/16/0,0:53:0,,21.4,27.4,30.4,nan,nan
2000/14/0,0:53:0,,20.3,27.0,30.0,nan,nan
2000/14/0,0:53:0,,19.6,26.0,29.0,nan,nan
2165/165/165,165:165:39,,19.8,26.0,29.0,nan,nan
2000/15/0,0:53:0,,19.8,26.1,29.1,nan,nan
2165/165/165,165:165:65,,20.5,26.0,29.0,nan,nan
2000/15/0,0:53:0,,20.6,26.6,29.6,nan,nan
2165/165/165,165:56:19,,20.0,27.0,30.0,nan,nan
2000/16/0,0:53:0,,21.1,27.5,30.5,nan,nan
2000/14/0,0:53:0,,20.6,28.0,31.0,nan,nan
2000/14/0,0:53:0,,20.0,27.3,30.3,nan,nan
2000/16/0,0:53:0,,21.3,27.4,30.4,nan,nan
2000/14/0,0:53:0,,21.3,27.6,30.6,nan,nan
2023/2/27,12:57:20,,20.2,27.0,30.0,nan,nan
2000/15/0,0:53:0,,20.8,26.2,29.2,nan,nan
2000/14/0,0:53:0,,20.5,26.0,29.0,nan,nan
2000/14/0,0:53:0,,20.1,26.5,29.5,nan,nan
2000/14/0,0:53:0,,20.2,26.4,29.4,nan,nan
2000/14/0,0:53:0,,19.6,26.0,29.0,nan,nan
2000/15/0,0:53:0,,20.3,26.0,29.0,nan,nan
2000/15/0,0:53:0,,20.8,26.3,29.3,nan,nan
2000/15/0,0:53:0,,21.5,26.6,29.6,nan,nan
2023/2/27,12:58:51,,21.0,27.0,30.0,nan,nan
2023/2/27,12:59:1,,21.0,27.0,30.0,nan,nan
2000/16/0,0:53:0,,21.8,27.0,30.0,nan,nan
2000/16/0,0:53:0,,21.7,27.3,30.3,nan,nan
2023/2/27,12:59:31,,21.6,27.5,30.5,nan,nan
2023/2/27,12:59:41,,21.1,27.4,30.4,nan,nan
2000/14/0,0:53:0,,20.1,27.1,30.1,nan,nan
2000/14/0,0:53:0,,20.5,27.0,30.0,nan,nan
2000/15/0,0:53:0,,20.7,26.4,29.4,nan,nan
2000/13/0,0:53:0,,20.0,25.8,28.8,nan,nan
2023/2/27,13:0:31,,19.5,26.4,29.4,nan,nan
2000/14/0,0:53:0,,20.2,26.0,29.0,nan,nan
2000/15/0,0:53:0,,20.2,26.3,29.3,nan,nan
2000/13/0,0:53:0,,20.2,26.2,29.2,nan,nan
2000/15/0,0:53:0,,20.5,26.3,29.3,nan,nan
2000/16/0,0:53:0,,21.1,27.1,30.1,nan,nan
2000/14/0,0:53:0,,20.8,27.0,30.0,nan,nan
2000/16/0,0:53:0,,21.4,27.5,30.9,nan,nan
2023/2/27,13:1:52,,21.5,27.3,30.3,nan,nan
2000/16/0,0:53:0,,21.4,27.2,30.2,nan,nan
2165/165/165,13:2:12,,21.9,28.0,31.0,nan,nan
2000/16/0,0:53:0,,21.8,28.0,31.0,nan,nan
2000/16/0,0:53:0,,21.9,27.1,30.1,nan,nan
2000/16/0,0:53:0,,22.0,27.0,30.0,nan,nan
2000/16/0,0:53:0,,22.0,27.6,30.6,nan,nan
2165/165/165,13:3:3,,21.8,27.2,30.2,nan,nan
2000/15/0,0:53:0,,21.5,26.6,29.6,nan,nan
2000/13/0,0:53:0,,19.9,26.1,29.1,nan,nan
2000/15/0,0:53:0,,20.2,26.4,29.4,nan,nan
2000/15/0,0:53:0,,20.8,26.7,29.7,nan,nan
2000/15/0,0:53:0,,21.3,26.5,29.5,nan,nan
2000/15/0,0:53:0,,21.9,27.0,30.0,nan,nan
2000/14/0,0:53:0,,20.8,26.9,29.9,nan,nan
2000/14/0,0:53:0,,20.3,26.5,29.5,nan,nan
2000/14/0,0:53:0,,20.1,26.9,29.9,nan,nan
2000/14/0,0:53:0,,20.0,26.2,29.2,nan,nan
2000/14/0,0:53:0,,20.8,26.2,29.2,nan,nan
2000/13/0,0:53:0,,19.7,26.0,29.0,nan,nan
2000/13/0,0:53:0,,19.4,26.1,29.1,nan,nan
2000/15/0,0:53:0,,19.6,26.1,29.1,nan,nan
2000/14/0,0:53:0,,20.5,26.4,29.4,nan,nan
2000/14/0,0:53:0,,19.8,26.0,29.0,nan,nan
2000/14/0,0:53:0,,19.4,26.4,29.4,nan,nan
2000/14/0,0:53:0,,20.1,26.5,29.5,nan,nan
2000/15/0,0:53:0,,20.5,26.0,29.0,nan,nan
2000/13/0,0:53:0,,20.1,26.0,29.0,nan,nan
2000/15/0,0:53:0,,20.5,26.5,29.5,nan,nan
2165/165/165,17:6:45,,21.1,27.4,30.4,nan,nan
2000/14/0,0:53:0,,21.0,27.3,30.3,nan,nan
2000/16/0,0:53:0,,21.1,28.0,31.0,nan,nan
2000/17/0,0:53:0,,22.1,28.1,31.1,nan,nan
2000/16/0,0:53:0,,22.6,28.8,31.8,nan,nan
2023/2/27,13:7:35,,22.2,28.2,31.2,nan,nan
2023/2/27,13:7:45,,21.7,27.5,30.5,nan,nan
2165/165/165,45:7:55,,22.0,27.0,30.0,nan,nan
2000/15/0,0:53:0,,21.2,26.6,29.6,nan,nan
2000/15/0,0:53:0,,20.5,26.3,29.3,nan,nan
2023/2/27,13:8:26,,19.9,25.8,28.8,nan,nan
2000/14/0,0:53:0,,20.3,26.0,29.0,nan,nan
2000/15/0,0:53:0,,20.9,26.0,29.0,nan,nan
2000/14/0,0:53:0,,20.9,26.0,29.0,nan,nan
2000/14/0,0:53:0,,20.6,25.8,28.8,nan,nan
2000/15/0,0:53:0,,20.3,26.0,29.0,nan,nan
2000/14/0,0:53:0,,20.2,25.2,28.2,nan,nan
2000/14/0,0:53:0,,20.0,25.1,28.1,nan,nan
2023/2/27,13:9:46,,20.0,25.0,28.0,nan,nan
2000/14/0,0:53:0,,19.2,24.6,27.6,nan,nan
2000/13/0,0:53:0,,19.0,25.0,28.0,nan,nan
2000/13/0,0:53:0,,19.1,25.0,28.0,nan,nan
2000/14/0,0:53:0,,19.5,25.3,28.3,nan,nan
2000/14/0,0:53:0,,20.0,25.0,28.0,nan,nan
2000/13/0,0:53:0,,19.3,25.0,28.0,nan,nan
2000/13/0,0:53:0,,19.0,25.0,28.0,nan,nan
2000/14/0,0:53:0,,19.2,24.6,27.6,nan,nan
2023/2/27,13:11:17,,19.4,25.0,28.0,nan,nan
2000/13/0,0:53:0,,19.2,25.5,28.5,nan,nan
2023/2/27,13:11:37,,19.8,26.0,29.0,nan,nan
2023/2/27,13:11:47,,20.3,26.0,29.0,nan,nan
2000/14/0,0:53:0,,19.7,26.0,29.0,nan,nan
2000/15/0,0:53:0,,20.2,26.0,29.0,nan,nan
2000/15/0,0:53:0,,21.0,26.0,29.0,nan,nan
2000/14/0,0:53:0,,19.9,25.4,28.5,nan,nan
2023/2/27,13:12:38,,19.6,25.3,28.3,nan,nan
2000/14/0,0:53:0,,20.1,25.1,28.1,nan,nan
2000/14/0,0:53:0,,20.0,25.8,28.8,nan,nan
2000/13/0,0:53:0,,19.7,25.8,28.8,nan,nan
2023/2/27,13:13:18,,19.6,25.7,28.7,nan,nan
2000/13/0,0:53:0,,19.6,25.6,28.6,nan,nan
2000/14/0,0:53:0,,19.6,25.0,28.0,nan,nan
2000/14/0,0:53:0,,20.0,25.0,28.0,nan,nan
2000/13/0,0:53:0,,19.2,25.0,28.0,nan,nan
2165/165/165,13:14:9,,18.8,25.0,28.0,nan,nan
2000/14/0,0:53:0,,19.4,25.0,28.0,nan,nan
2000/15/0,0:53:0,,20.5,25.5,28.5,nan,nan
2165/3/27,13:14:39,,20.7,26.0,29.0,nan,nan
2000/14/0,0:53:0,,20.6,26.0,29.0,nan,nan
2000/14/0,0:53:0,,20.0,25.9,28.9,nan,nan
2000/14/0,0:53:0,,20.3,26.0,29.0,nan,nan
2000/15/0,0:53:0,,20.6,26.8,29.8,nan,nan
2000/14/0,0:53:0,,20.5,26.5,30.0,nan,nan
2000/14/0,0:53:0,,20.0,26.0,29.0,nan,nan
2000/15/0,0:53:0,,20.0,26.4,29.4,nan,nan
2000/15/0,0:53:0,,21.0,26.1,29.1,nan,nan
2000/14/0,0:53:0,,20.5,26.0,29.0,nan,nan
2023/2/27,13:16:20,,20.3,26.0,29.0,nan,nan
2000/16/0,0:53:0,,21.3,26.3,29.3,nan,nan
2000/15/0,0:53:0,,21.3,26.8,29.8,nan,nan
2000/15/0,0:53:0,,21.0,27.0,30.0,nan,nan
2000/15/0,0:53:0,,21.3,26.5,29.5,nan,nan
2023/2/27,13:17:10,,20.6,26.1,29.1,nan,nan
2000/14/0,0:53:0,,20.1,25.7,28.7,nan,nan
2000/14/0,0:53:0,,19.3,25.0,28.0,nan,nan
2000/13/0,0:53:0,,19.0,25.0,28.0,nan,nan
2000/13/0,0:53:0,,18.5,24.4,27.4,nan,nan
2000/13/0,0:53:0,,19.2,25.0,28.0,nan,nan
2000/13/0,0:53:0,,19.0,25.0,28.0,nan,nan
2023/2/27,13:18:21,,19.1,25.2,28.2,nan,nan
2023/2/27,13:18:31,,20.3,25.5,28.5,nan,nan
2165/165/165,85:18:41,,19.0,25.4,28.4,nan,nan
2000/14/0,0:53:0,,19.9,25.4,28.4,nan,nan
2023/2/27,13:19:1,,19.7,25.0,28.0,nan,nan
2023/2/27,13:19:11,,19.0,25.0,28.0,nan,nan
2023/2/27,13:19:21,,19.1,25.0,28.0,nan,nan
2023/2/27,13:19:32,,17.9,24.6,27.6,nan,nan
2023/2/27,13:19:42,,18.5,24.4,27.4,nan,nan
2000/14/0,0:53:0,,19.1,25.0,28.0,nan,nan
2000/13/0,0:53:0,,19.1,25.0,28.0,nan,nan
2023/2/27,13:20:12,,19.5,25.4,28.4,nan,nan
2023/2/27,13:20:22,,19.3,24.9,27.9,nan,nan
2023/2/27,13:20:32,,19.5,25.5,28.5,nan,nan
2023/2/27,13:20:42,,19.5,25.4,28.4,nan,nan
2023/2/27,13:20:52,,19.3,24.9,27.9,nan,nan
2000/13/0,0:53:0,,18.9,24.5,27.5,nan,nan
2000/12/0,0:53:0,,17.6,24.3,27.3,nan,nan
2000/13/0,0:53:0,,18.5,24.0,27.0,nan,nan
2000/13/0,0:53:0,,19.2,24.2,27.2,nan,nan
2000/14/0,0:53:0,,19.6,24.6,27.6,nan,nan
2000/14/0,0:53:0,,19.7,25.3,28.3,nan,nan
2000/13/0,0:53:0,,19.9,25.0,28.0,nan,nan
2000/14/0,0:53:0,,19.5,25.5,28.5,nan,nan
2000/13/0,0:53:0,,19.1,25.1,28.1,nan,nan
2000/13/0,0:53:0,,19.0,25.0,28.0,nan,nan
2000/13/0,0:53:0,,18.9,25.0,28.0,nan,nan
2000/13/0,0:53:0,,19.4,25.0,28.0,nan,nan
2000/13/0,0:53:0,,19.0,25.0,28.0,nan,nan
2000/13/0,0:53:0,,19.1,25.0,28.0,nan,nan
2000/13/0,0:53:0,,18.7,25.0,28.0,nan,nan
2000/13/0,0:53:0,,19.4,24.6,27.6,nan,nan
2000/13/0,0:53:0,,19.0,24.5,27.5,nan,nan
2000/14/0,0:53:0,,19.9,24.9,27.9,nan,nan
2000/14/0,0:53:0,,20.0,25.0,28.0,nan,nan
2000/14/0,0:53:0,,20.0,25.0,28.0,nan,nan
2000/14/0,0:53:0,,19.7,25.0,28.0,nan,nan
2000/13/0,0:53:0,,19.8,25.0,28.0,nan,nan
2000/14/0,0:53:0,,19.5,25.0,28.0,nan,nan
2000/14/0,0:53:0,,19.9,25.0,28.0,nan,nan
2000/13/0,0:53:0,,20.0,25.2,28.2,nan,nan
2000/14/0,0:53:0,,19.4,25.2,28.2,nan,nan
2000/14/0,0:53:0,,19.6,25.9,28.9,nan,nan
2000/13/0,0:53:0,,19.6,26.0,29.0,nan,nan
2165/165/165,165:27:45,,19.4,25.7,28.7,nan,nan
2000/13/0,0:53:0,,19.2,25.0,28.0,nan,nan
2023/2/27,13:26:5,,19.9,25.0,28.0,nan,nan
2000/14/0,0:53:0,,19.7,25.0,28.0,nan,nan
2000/14/0,0:53:0,,19.9,25.0,28.0,nan,nan
2000/14/0,0:53:0,,19.8,25.0,28.0,nan,nan
2023/2/27,13:26:45,,20.0,25.5,28.5,nan,nan
2023/2/27,13:26:56,,20.3,25.7,28.7,nan,nan
2000/14/0,0:53:0,,20.2,25.6,28.6,nan,nan
2023/2/27,13:27:16,,19.6,25.1,28.1,nan,nan
2023/2/27,13:27:26,,19.4,25.0,28.0,nan,nan
2023/2/27,13:27:36,,20.3,25.5,28.5,nan,nan
2000/14/0,0:53:0,,19.8,25.2,28.2,nan,nan
2000/14/0,0:53:0,,19.9,25.4,28.4,nan,nan
2023/2/27,13:28:6,,19.4,26.0,29.0,nan,nan
2000/14/0,0:53:0,,19.5,26.1,29.1,nan,nan
2023/2/27,13:28:26,,20.4,26.5,29.5,nan,nan
2000/15/0,0:53:0,,20.9,26.7,29.7,nan,nan
2000/15/0,0:53:0,,20.5,26.2,29.2,nan,nan
2000/13/0,0:53:0,,19.8,25.8,28.8,nan,nan
2000/13/0,0:53:0,,19.0,25.6,28.6,nan,nan
2000/14/0,0:53:0,,19.3,25.0,28.0,nan,nan
2000/13/0,0:53:0,,19.1,24.3,27.3,nan,nan
2000/13/0,0:53:0,,18.2,24.0,27.0,nan,nan
2000/13/0,0:53:0,,18.8,24.0,27.0,nan,nan
2000/13/0,0:53:0,,19.0,24.0,27.0,nan,nan
2000/14/0,0:53:0,,19.1,24.1,27.1,nan,nan
2000/12/0,0:53:0,,19.0,24.7,27.7,nan,nan
2023/2/27,13:30:27,,19.0,24.6,27.6,nan,nan
2000/13/0,0:53:0,,19.2,24.8,27.8,nan,nan
2000/12/0,0:53:0,,18.7,24.6,27.6,nan,nan
2023/2/27,13:30:58,,19.1,24.2,27.2,nan,nan
2000/12/0,0:53:0,,18.7,24.0,27.0,nan,nan
2000/13/0,0:53:0,,18.5,24.0,27.0,nan,nan
2000/13/0,0:53:0,,18.5,24.5,27.5,nan,nan
2000/14/0,0:53:0,,19.8,25.0,28.0,nan,nan
2000/14/0,0:53:0,,20.0,25.0,28.0,nan,nan
2000/13/0,0:53:0,,19.6,25.0,28.0,nan,nan
2000/14/0,0:53:0,,19.2,25.0,28.0,nan,nan
2023/2/27,13:32:18,,19.5,25.0,28.0,nan,nan
2000/13/0,0:53:0,,19.0,25.0,28.0,nan,nan
2000/13/0,0:53:0,,19.2,24.3,27.3,nan,nan
2165/165/165,13:32:49,,18.4,24.0,27.0,nan,nan
2000/13/0,0:53:0,,18.6,24.5,27.5,nan,nan
2023/2/27,13:33:9,,19.2,25.0,28.0,nan,nan
2023/2/27,13:33:19,,19.1,25.0,28.0,nan,nan
2000/13/0,0:53:0,,18.9,25.0,28.0,nan,nan
2000/14/0,0:53:0,,19.6,25.0,28.0,nan,nan
2000/14/0,0:53:0,,19.7,25.0,28.0,nan,nan
2000/12/0,0:53:0,,19.2,25.0,28.0,nan,nan
2000/12/0,0:53:0,,18.3,24.7,27.7,nan,nan
2000/12/0,0:53:0,,18.5,24.0,27.0,nan,nan
2165/165/165,165:165:30,,18.2,24.0,27.0,nan,nan
2000/14/0,0:53:0,,19.3,24.3,27.3,nan,nan
2000/13/0,0:53:0,,19.2,25.0,28.0,nan,nan
2000/14/0,0:53:0,,19.6,25.4,28.4,nan,nan
2000/14/0,0:53:0,,20.0,25.8,28.8,nan,nan
2000/13/0,0:53:0,,19.5,26.0,29.0,nan,nan
2000/14/0,0:53:0,,19.5,26.0,29.0,nan,nan
2000/13/0,0:53:0,,19.8,25.7,28.7,nan,nan
2000/13/0,0:53:0,,19.4,25.0,28.0,nan,nan
2000/12/0,0:53:0,,19.1,24.5,27.5,nan,nan
2000/14/0,0:53:0,,19.0,24.9,27.9,nan,nan
2000/13/0,0:53:0,,19.7,25.0,28.0,nan,nan
2000/14/0,0:53:0,,19.3,25.0,28.0,nan,nan
2000/14/0,0:53:0,,19.8,25.0,28.0,nan,nan
2165/165/165,165:36:51,,20.0,25.0,28.0,nan,nan
2000/14/0,0:53:0,,20.0,25.0,28.0,nan,nan
2023/2/27,13:37:11,,19.9,25.0,28.0,nan,nan
2000/13/0,0:53:0,,19.6,24.9,27.9,nan,nan
2023/2/27,13:37:31,,19.5,24.5,27.5,nan,nan
2000/14/0,0:53:0,,19.4,25.0,28.0,nan,nan
2165/85/27,13:37:51,,19.4,25.1,28.1,nan,nan
2000/14/0,0:53:0,,18.9,24.3,27.3,nan,nan
2000/12/0,0:53:0,,18.7,24.3,27.3,nan,nan
2000/14/0,0:53:0,,19.5,24.6,27.6,nan,nan
2000/13/0,0:53:0,,19.8,25.1,28.1,nan,nan
2000/12/0,0:53:0,,18.9,25.0,28.0,nan,nan
2000/14/0,0:53:0,,19.7,25.0,28.0,nan,nan
2000/13/0,0:53:0,,19.0,25.0,28.0,nan,nan
2000/12/0,0:53:0,,18.5,25.0,28.0,nan,nan
2023/2/27,13:39:22,,18.9,24.9,27.9,nan,nan
2000/12/0,0:53:0,,19.0,25.0,28.0,nan,nan
2000/13/0,0:53:0,,18.9,25.0,28.0,nan,nan
2000/13/0,0:53:0,,19.0,25.0,28.0,nan,nan
2023/2/27,13:40:2,,20.1,25.1,28.1,nan,nan
2000/13/0,0:53:0,,19.2,25.0,28.0,nan,nan
2000/14/0,0:53:0,,19.8,25.0,28.0,nan,nan
2000/13/0,0:53:0,,19.3,25.0,28.0,nan,nan
2023/2/27,13:40:43,,19.2,25.0,28.0,nan,nan
2023/2/27,13:40:53,,18.8,24.7,27.7,nan,nan
2023/2/27,13:41:3,,18.8,24.4,27.4,nan,nan
2000/13/0,0:53:0,,18.8,24.3,27.3,nan,nan
2000/13/0,0:53:0,,19.3,25.0,28.0,nan,nan
2000/14/0,0:53:0,,19.8,24.9,27.9,nan,nan
2000/14/0,0:53:0,,19.6,24.6,27.6,nan,nan
2000/14/0,0:53:0,,20.0,25.0,28.0,nan,nan
2000/14/0,0:53:0,,20.0,25.0,28.0,nan,nan
2000/14/0,0:53:0,,20.0,25.0,28.0,nan,nan
2000/14/0,0:53:0,,20.0,25.0,28.0,nan,nan
2000/14/0,0:53:0,,20.0,25.0,28.0,nan,nan
2000/14/0,0:53:0,,20.3,25.6,28.6,nan,nan
2000/13/0,0:53:0,,19.2,25.3,28.3,nan,nan
2000/15/0,0:53:0,,20.5,26.0,29.0,nan,nan
2000/14/0,0:53:0,,20.3,26.0,29.0,nan,nan
2023/2/27,13:43:24,,19.9,25.7,28.7,nan,nan
2023/2/27,13:43:34,,19.0,25.0,28.0,nan,nan
2000/13/0,0:53:0,,19.0,24.8,27.8,nan,nan
2000/14/0,0:53:0,,19.7,25.0,28.0,nan,nan
2000/13/0,0:53:0,,19.9,25.0,28.0,nan,nan
2000/14/0,0:53:0,,19.6,25.0,28.0,nan,nan
2000/13/0,0:53:0,,19.6,25.0,28.0,nan,nan
2000/12/0,0:53:0,,18.9,24.9,27.9,nan,nan
2023/2/27,13:44:45,,19.3,24.9,27.9,nan,nan
2000/12/0,0:53:0,,19.6,24.8,27.8,nan,nan
2000/13/0,0:53:0,,18.5,24.0,27.0,nan,nan
2000/12/0,0:53:0,,19.2,24.8,27.8,nan,nan
2000/12/0,0:53:0,,18.2,24.2,27.2,nan,nan
2000/13/0,0:53:0,,18.3,24.5,27.5,nan,nan
2023/2/27,13:45:46,,19.4,24.8,27.8,nan,nan
2000/13/0,0:53:0,,18.7,24.0,27.0,nan,nan
2000/12/0,0:53:0,,18.7,24.0,27.0,nan,nan
2000/12/0,0:53:0,,18.4,24.0,27.0,nan,nan
2000/13/0,0:53:0,,18.7,24.0,27.0,nan,nan
2000/13/0,0:53:0,,19.2,24.2,27.2,nan,nan
2000/12/0,0:53:0,,18.7,24.5,27.5,nan,nan
2000/13/0,0:53:0,,19.0,25.0,28.0,nan,nan
2000/13/0,0:53:0,,19.0,24.6,27.6,nan,nan
2000/14/0,0:53:0,,19.9,24.9,27.9,nan,nan
2000/14/0,0:53:0,,19.8,25.0,28.0,nan,nan
2000/13/0,0:53:0,,19.0,25.0,28.0,nan,nan
2000/13/0,0:53:0,,18.8,24.8,27.8,nan,nan
2023/2/27,13:47:57,,19.1,24.2,27.2,nan,nan
2000/14/0,0:53:0,,19.7,24.9,27.9,nan,nan
2023/2/27,13:48:17,,20.0,25.0,28.0,nan,nan
2023/2/27,13:48:27,,19.9,25.0,28.0,nan,nan
2165/165/165,13:48:37,,19.2,25.0,28.0,nan,nan
2000/14/0,0:53:0,,19.7,25.0,28.0,nan,nan
2000/14/0,0:53:0,,19.9,25.0,28.0,nan,nan
2023/2/27,13:49:7,,19.7,25.0,28.0,nan,nan
2000/14/0,0:53:0,,19.5,25.0,28.0,nan,nan
2000/13/0,0:53:0,,19.7,25.0,28.0,nan,nan
2000/14/0,0:53:0,,19.7,25.0,28.0,nan,nan
2000/13/0,0:53:0,,19.6,25.0,28.0,nan,nan
2023/2/27,13:49:58,,18.4,24.6,27.6,nan,nan
2023/2/27,13:50:8,,18.9,24.6,27.6,nan,nan
2023/2/27,13:50:18,,19.4,24.6,27.6,nan,nan
2023/2/27,13:50:28,,18.9,24.2,27.2,nan,nan
2023/2/27,13:50:38,,18.7,24.0,27.0,nan,nan
2000/13/0,0:53:0,,18.2,24.0,27.0,nan,nan
2000/12/0,0:53:0,,18.8,24.0,27.0,nan,nan
2000/11/0,0:53:0,,17.6,23.9,26.9,nan,nan
2000/11/0,0:53:0,,17.3,23.4,26.4,nan,nan
2023/2/27,13:51:29,,17.9,23.6,26.6,nan,nan
2000/13/0,0:53:0,,18.9,24.0,27.0,nan,nan
2000/13/0,0:53:0,,19.2,24.5,27.5,nan,nan
2000/14/0,0:53:0,,19.7,25.0,28.0,nan,nan
2000/13/0,0:53:0,,19.8,25.3,28.3,nan,nan
2000/14/0,0:53:0,,19.7,25.0,28.0,nan,nan
2000/14/0,0:53:0,,20.0,25.1,28.1,nan,nan
2000/13/0,0:53:0,,19.9,25.0,28.0,nan,nan
2000/12/0,0:53:0,,18.5,24.1,27.1,nan,nan
2000/12/0,0:53:0,,18.0,24.0,27.0,nan,nan
2000/11/0,0:53:0,,17.6,23.1,26.1,nan,nan
2000/12/0,0:53:0,,17.7,23.5,26.5,nan,nan
2000/13/0,0:53:0,,18.3,23.9,26.9,nan,nan
2000/11/0,0:53:0,,18.0,23.3,26.3,nan,nan
2165/165/165,165:165:53,,17.4,23.8,26.8,nan,nan
2000/14/0,0:53:0,,18.8,24.2,27.2,nan,nan
2000/14/0,0:53:0,,20.0,25.0,28.0,nan,nan
2000/14/0,0:53:0,,20.0,25.0,28.0,nan,nan
2000/14/0,0:53:0,,20.0,25.0,28.0,nan,nan
2000/13/0,0:53:0,,19.4,25.0,28.0,nan,nan
2000/14/0,0:53:0,,20.1,25.2,28.2,nan,nan
2000/14/0,0:53:0,,19.9,25.1,28.1,nan,nan
2000/14/0,0:53:0,,19.7,25.3,28.3,nan,nan
2000/14/0,0:53:0,,20.2,26.0,29.0,nan,nan
2000/14/0,0:53:0,,20.1,25.9,28.9,nan,nan
2000/15/0,0:53:0,,20.8,26.0,29.0,nan,nan
2000/15/0,0:53:0,,20.7,26.0,29.0,nan,nan
2000/15/0,0:53:0,,20.9,26.0,29.0,nan,nan
2000/14/0,0:53:0,,20.4,26.0,29.0,nan,nan
2000/14/0,0:53:0,,19.8,26.0,29.0,nan,nan
2000/14/0,0:53:0,,20.1,25.2,28.2,nan,nan
2000/13/0,0:53:0,,19.7,25.0,28.0,nan,nan
2000/14/0,0:53:0,,19.4,24.8,27.8,nan,nan
2023/2/27,13:57:2,,19.6,24.6,27.6,nan,nan
2023/2/27,13:57:12,,18.4,24.0,27.0,nan,nan
2000/13/0,0:53:0,,18.4,24.4,27.4,nan,nan
2023/2/27,13:57:32,,19.8,25.0,28.0,nan,nan
2000/13/0,0:53:0,,19.3,25.0,28.0,nan,nan
2023/2/27,13:57:52,,19.4,25.0,28.0,nan,nan
2000/14/0,0:53:0,,19.8,25.0,28.0,nan,nan
2000/14/0,0:53:0,,19.7,25.0,28.0,nan,nan
2000/12/0,0:53:0,,18.7,24.7,27.7,nan,nan
2000/12/0,0:53:0,,18.4,24.9,27.9,nan,nan
2023/2/27,13:58:42,,19.1,25.2,28.2,nan,nan
2000/14/0,0:53:0,,20.4,25.9,28.9,nan,nan
2000/14/0,0:53:0,,20.2,26.3,29.3,nan,nan
2000/15/0,0:53:0,,21.4,26.5,29.5,nan,nan
2000/14/0,0:53:0,,20.8,26.6,29.6,nan,nan
2023/2/27,13:59:33,,20.0,26.0,29.0,nan,nan
2000/14/0,0:53:0,,19.9,25.6,28.6,nan,nan
2023/2/27,13:59:53,,19.9,25.1,28.1,nan,nan
2000/13/0,0:53:0,,19.5,25.0,28.0,nan,nan
2165/165/165,165:0:13,,19.0,25.0,28.0,nan,nan
2000/15/0,0:53:0,,20.2,25.3,28.3,nan,nan
2000/14/0,0:53:0,,20.0,26.0,29.0,nan,nan
2000/15/0,0:53:0,,20.3,26.6,29.7,nan,nan
2023/2/27,14:0:54,,21.1,26.8,29.8,nan,nan
2000/16/0,0:53:0,,21.7,27.0,30.0,nan,nan
2000/15/0,0:53:0,,21.2,27.0,30.0,nan,nan
2000/14/0,0:53:0,,20.9,26.5,29.5,nan,nan
2000/14/0,0:53:0,,20.1,26.0,29.0,nan,nan
2000/13/0,0:53:0,,19.9,25.8,28.8,nan,nan
2000/15/0,0:53:0,,20.1,25.9,28.9,nan,nan
2000/14/0,0:53:0,,19.9,25.9,28.9,nan,nan
2000/13/0,0:53:0,,19.3,25.2,28.2,nan,nan
2000/14/0,0:53:0,,19.0,25.0,28.0,nan,nan
2000/13/0,0:53:0,,19.0,25.0,28.0,nan,nan
2000/14/0,0:53:0,,19.4,24.8,27.8,nan,nan
2000/14/0,0:53:0,,20.2,25.6,28.6,nan,nan
2000/12/0,0:53:0,,19.7,25.9,28.9,nan,nan
2000/14/0,0:53:0,,19.0,25.8,28.8,nan,nan
2000/14/0,0:53:0,,20.3,26.0,29.0,nan,nan
2000/14/0,0:53:0,,20.1,26.0,29.0,nan,nan
2000/12/0,0:53:0,,19.2,25.5,28.5,nan,nan
2000/13/0,0:53:0,,18.8,25.4,28.4,nan,nan
2000/13/0,0:53:0,,19.1,25.0,28.0,nan,nan
2000/13/0,0:53:0,,19.5,25.0,28.0,nan,nan
2000/14/0,0:53:0,,19.3,24.8,27.8,nan,nan
2000/14/0,0:53:0,,19.9,25.0,28.0,nan,nan
2023/2/27,14:4:46,,19.5,25.2,28.2,nan,nan
2023/2/27,14:4:56,,19.7,25.0,28.0,nan,nan
2023/2/27,14:5:6,,19.2,25.3,28.3,nan,nan
2000/13/0,0:53:0,,19.0,25.0,28.0,nan,nan
2000/14/0,0:53:0,,19.9,25.0,28.0,nan,nan
2023/2/27,14:5:36,,19.6,25.0,28.0,nan,nan
2023/2/27,14:5:46,,19.7,25.0,28.0,nan,nan
2023/2/27,14:5:56,,19.3,25.1,28.1,nan,nan
2023/2/27,14:6:6,,20.1,25.6,28.6,nan,nan
2000/15/0,0:53:0,,20.3,26.3,29.3,nan,nan
2000/15/0,0:53:0,,21.3,27.0,30.0,nan,nan
2000/16/0,0:53:0,,21.3,27.0,30.0,nan,nan
2023/2/27,14:6:47,,21.5,27.0,30.0,nan,nan
2000/14/0,0:53:0,,20.6,26.7,29.7,nan,nan
2000/14/0,0:53:0,,20.4,26.2,29.2,nan,nan
2000/15/0,0:53:0,,21.0,26.7,29.7,nan,nan
2000/14/0,0:53:0,,20.1,26.0,29.0,nan,nan
2000/14/0,0:53:0,,20.0,25.3,28.3,nan,nan
2000/15/0,0:53:0,,20.2,25.5,28.5,nan,nan
2000/14/0,0:53:0,,20.7,26.0,29.0,nan,nan
2000/15/0,0:53:0,,20.8,26.0,29.0,nan,nan
2000/15/0,0:53:0,,21.0,26.0,29.1,nan,nan
2000/15/0,0:53:0,,20.9,26.0,29.0,nan,nan
2000/15/0,0:53:0,,21.0,26.0,29.0,nan,nan
2000/14/0,0:53:0,,20.3,26.0,29.0,nan,nan
2165/165/165,14:8:58,,19.8,26.0,29.0,nan,nan
2000/13/0,0:53:0,,18.8,25.2,28.2,nan,nan
2000/14/0,0:53:0,,19.2,24.2,27.2,nan,nan
2000/12/0,0:53:0,,19.2,24.3,27.3,nan,nan
2000/12/0,0:53:0,,18.0,24.0,27.0,nan,nan
2023/2/27,14:9:48,,18.0,24.1,27.1,nan,nan
2000/12/0,0:53:0,,19.0,24.6,27.6,nan,nan
2000/13/0,0:53:0,,19.0,24.4,27.4,nan,nan
2000/14/0,0:53:0,,19.7,25.0,28.0,nan,nan
2023/2/27,14:10:29,,19.5,25.1,28.1,nan,nan
2023/2/27,14:10:39,,19.3,25.2,28.2,nan,nan
2165/165/165,14:10:49,,20.1,26.0,29.0,nan,nan
2000/13/0,0:53:0,,20.1,25.5,28.5,nan,nan
2165/165/165,165:11:9,,19.9,25.0,28.0,nan,nan
2000/14/0,0:53:0,,19.4,25.2,28.2,nan,nan
2023/2/27,14:11:29,,20.1,26.0,29.0,nan,nan
2000/14/0,0:53:0,,19.9,26.0,29.0,nan,nan
2000/15/0,0:53:0,,20.7,26.0,29.0,nan,nan
2000/15/0,0:53:0,,20.4,25.4,28.4,nan,nan
2000/15/0,0:53:0,,21.0,26.0,29.0,nan,nan
2165/165/165,14:12:20,,20.6,25.8,28.8,nan,nan
2023/2/27,14:12:30,,19.9,25.0,28.0,nan,nan
2000/13/0,0:53:0,,19.0,25.0,28.0,nan,nan
2000/14/0,0:53:0,,19.9,25.0,28.0,nan,nan
2000/14/0,0:53:0,,19.8,25.1,28.1,nan,nan
2000/14/0,0:53:0,,20.1,25.2,28.2,nan,nan
2000/14/0,0:53:0,,19.8,25.9,28.9,nan,nan
2000/14/0,0:53:0,,19.9,26.0,29.0,nan,nan
2000/14/0,0:53:0,,20.1,26.0,29.0,nan,nan
2000/14/0,0:53:0,,19.7,26.0,29.0,nan,nan
2000/15/0,0:53:0,,20.6,26.0,29.0,nan,nan
2000/15/0,0:53:0,,21.0,26.0,29.0,nan,nan
2000/15/0,0:53:0,,21.0,26.0,29.0,nan,nan
2000/15/0,0:53:0,,21.1,26.2,29.2,nan,nan
2000/15/0,0:53:0,,21.2,26.5,29.5,nan,nan
2000/14/0,0:53:0,,20.6,26.3,29.3,nan,nan
2000/15/0,0:53:0,,20.5,26.0,29.0,nan,nan
2000/14/0,0:53:0,,20.9,26.0,29.0,nan,nan
2000/15/0,0:53:0,,21.0,26.3,29.3,nan,nan
2000/14/0,0:53:0,,20.5,26.4,29.4,nan,nan
2000/13/0,0:53:0,,19.4,26.0,29.0,nan,nan
2000/14/0,0:53:0,,20.0,26.0,29.0,nan,nan
2000/14/0,0:53:0,,20.6,26.2,29.2,nan,nan
2000/15/0,0:53:0,,20.5,26.0,29.0,nan,nan
2000/13/0,0:53:0,,19.9,25.2,28.3,nan,nan
2000/13/0,0:53:0,,19.3,25.0,28.0,nan,nan
2000/14/0,0:53:0,,19.5,25.1,28.1,nan,nan
2165/165/27,14:16:52,,20.0,26.0,29.0,nan,nan
2023/2/27,14:17:2,,19.9,25.9,28.9,nan,nan
2023/2/27,14:17:12,,20.0,26.1,29.1,nan,nan
2023/2/27,14:17:22,,20.8,26.0,29.0,nan,nan
2023/2/27,14:17:32,,20.2,26.5,29.5,nan,nan
2023/2/27,14:17:43,,20.4,26.3,29.3,nan,nan
2000/15/0,0:53:0,,21.2,26.8,29.8,nan,nan
2023/2/27,14:18:3,,21.0,27.0,30.0,nan,nan
2000/15/0,0:53:0,,20.6,27.0,30.0,nan,nan
2000/16/0,0:53:0,,21.5,27.5,30.5,nan,nan
2023/2/27,14:18:33,,21.9,27.9,30.9,nan,nan
2023/2/27,14:18:43,,21.9,28.0,31.0,nan,nan
2023/2/27,14:18:53,,22.0,27.7,30.7,nan,nan
2000/16/0,0:53:0,,22.0,27.3,30.3,nan,nan
2000/15/0,0:53:0,,20.6,27.0,30.0,nan,nan
2000/14/0,0:53:0,,20.8,27.7,30.7,nan,nan
2000/14/0,0:53:0,,20.0,27.0,30.0,nan,nan
2000/15/0,0:53:0,,20.9,27.0,30.0,nan,nan
2000/15/0,0:53:0,,21.3,27.0,30.0,nan,nan
2000/15/0,0:53:0,,20.8,26.4,29.4,nan,nan
2023/2/27,14:20:14,,65.2,83.0,102.6,nan,nan
2035/2/27,14:20:24,,137.9,176.3,207.2,nan,nan
2023/2/27,14:20:34,,220.9,286.0,340.1,nan,nan
2002/111/1,0:53:0,,362.0,463.7,556.4,nan,nan
2023/2/27,14:20:54,,482.8,630.7,759.0,nan,nan
2023/2/27,14:21:4,,595.0,781.9,937.0,nan,nan
2023/2/27,14:21:14,,702.9,925.8,1000.0,nan,nan
2023/2/27,14:21:25,,761.7,989.9,1000.0,nan,nan
2165/165/165,165:165:37,,865.2,1000.0,1000.0,nan,nan
2003/121/3,0:53:0,,936.2,1000.0,1000.0,nan,nan
2003/148/3,0:53:0,,986.6,1000.0,1000.0,nan,nan
2023/2/27,14:22:5,,1000.0,1000.0,1000.0,nan,nan
2003/148/3,0:53:0,,1000.0,1000.0,1000.0,nan,nan
2165/165/165,14:22:25,,1000.0,1000.0,1000.0,nan,nan
2023/2/27,14:22:35,,1000.0,1000.0,1000.0,nan,nan
2003/148/3,0:53:0,,1000.0,1000.0,1000.0,nan,nan
2023/2/27,14:22:55,,1000.0,1000.0,1000.0,nan,nan
2003/148/3,0:53:0,,1000.0,1000.0,1000.0,nan,nan
2023/2/27,14:23:16,,1000.0,1000.0,1000.0,nan,nan
2023/2/27,14:23:26,,1000.0,1000.0,1000.0,nan,nan
2023/2/27,14:23:36,,1000.0,1000.0,1000.0,nan,nan
2023/2/27,14:23:46,,1000.0,1000.0,1000.0,nan,nan
2085/2/27,14:23:56,,1000.0,1000.0,1000.0,nan,nan
2003/148/3,0:53:0,,1000.0,1000.0,1000.0,nan,nan
2003/148/3,0:53:0,,1000.0,1000.0,1000.0,nan,nan
2023/2/27,14:24:26,,1000.0,1000.0,1000.0,nan,nan
2023/2/27,14:24:36,,1000.0,1000.0,1000.0,nan,nan
2003/148/3,0:53:0,,1000.0,1000.0,1000.0,nan,nan
2023/2/27,14:24:56,,1000.0,1000.0,1000.0,nan,nan
2165/165/165,165:35:7,,1000.0,1000.0,1000.0,nan,nan
2023/2/27,14:25:17,,1000.0,1000.0,1000.0,nan,nan
2003/148/3,0:53:0,,1000.0,1000.0,1000.0,nan,nan
2003/148/3,0:53:0,,1000.0,1000.0,1000.0,nan,nan
2023/2/27,14:25:47,,1000.0,1000.0,1000.0,nan,nan
2003/148/3,0:53:0,,1000.0,1000.0,1000.0,nan,nan
2023/2/27,14:26:7,,989.6,1000.0,1000.0,nan,nan
2003/100/3,0:53:0,,944.9,1000.0,1000.0,nan,nan
2023/2/27,14:26:27,,912.8,1000.0,1000.0,nan,nan
2023/2/27,14:26:37,,892.0,1000.0,1000.0,nan,nan
2003/74/3,0:53:0,,883.1,1000.0,1000.0,nan,nan
2023/2/27,14:26:58,,860.0,1000.0,1000.0,nan,nan
2023/2/27,14:27:8,,846.3,1000.0,1000.0,nan,nan
2023/2/27,14:27:18,,828.1,1000.0,1000.0,nan,nan
2023/2/27,14:27:28,,805.0,1000.0,1000.0,nan,nan
2003/4/3,0:53:0,,779.9,1000.0,1000.0,nan,nan
2023/2/27,14:27:48,,759.4,1000.0,1000.0,nan,nan
2023/2/27,14:27:58,,742.4,991.8,1000.0,nan,nan
2023/2/27,14:28:8,,731.0,968.4,1000.0,nan,nan
2023/2/27,14:28:18,,715.1,947.4,1000.0,nan,nan
2023/2/27,14:28:28,,696.0,920.0,1000.0,nan,nan
2023/2/27,14:28:38,,689.8,905.5,1000.0,nan,nan
2023/2/27,14:28:49,,672.9,878.9,1000.0,nan,nan
2023/2/27,14:28:59,,628.2,820.9,977.6,nan,nan
2023/2/27,14:29:9,,605.0,797.7,951.3,nan,nan
2023/2/27,14:29:19,,588.8,775.1,904.7,nan,nan
2002/36/2,0:53:0,,569.9,749.5,880.5,nan,nan
2023/2/27,14:29:39,,559.0,732.4,852.1,nan,nan
2023/2/27,14:29:49,,553.6,721.9,843.3,nan,nan
2023/2/27,14:29:59,,540.5,705.7,816.7,nan,nan
2023/2/27,14:30:9,,518.6,678.5,786.6,nan,nan
2023/2/27,14:30:19,,504.7,660.8,772.8,nan,nan
2023/2/27,14:30:29,,487.4,638.9,749.5,nan,nan
2023/2/27,14:30:40,,477.7,615.0,711.8,nan,nan
2002/122/1,0:53:0,,457.8,596.4,689.3,nan,nan
2023/2/27,14:31:0,,451.1,586.8,679.5,nan,nan
2023/2/27,14:31:10,,437.8,573.1,669.4,nan,nan
2023/2/27,14:31:20,,431.9,562.2,651.6,nan,nan
2023/2/27,14:31:30,,417.5,547.6,639.7,nan,nan
2002/94/1,0:53:0,,404.0,532.3,621.2,nan,nan
2165/165/165,165:31:50,,399.7,519.9,608.9,nan,nan
2001/82/1,0:53:0,,390.3,504.6,585.9,nan,nan
2023/2/27,14:32:10,,376.4,486.3,568.2,nan,nan
2023/2/27,14:32:20,,366.7,472.1,551.1,nan,nan
2023/2/27,14:32:30,,355.2,456.4,530.3,nan,nan
2045/2/27,14:32:41,,338.3,436.7,508.1,nan,nan
2001/44/1,0:53:0,,327.4,419.6,476.9,nan,nan
2023/2/27,14:33:1,,323.2,409.5,471.6,nan,nan
2001/36/1,0:53:0,,314.4,400.0,467.4,nan,nan
2001/32/1,0:53:0,,303.3,389.0,453.0,nan,nan
2001/24/1,0:53:0,,296.0,377.4,435.2,nan,nan
2001/21/1,0:53:0,,286.3,367.4,422.0,nan,nan
2165/165/165,165:165:51,,279.2,358.7,417.7,nan,nan
2001/13/1,0:53:0,,270.1,349.1,401.4,nan,nan
2001/6/1,0:53:0,,264.1,339.6,389.0,nan,nan
2023/2/27,14:34:21,,258.3,332.1,380.9,nan,nan
2001/155/0,0:53:0,,253.2,325.0,377.6,nan,nan
2001/156/0,0:53:0,,244.9,316.2,367.2,nan,nan
2023/2/27,14:34:52,,239.5,305.4,351.8,nan,nan
2001/145/0,0:53:0,,229.0,293.5,335.2,nan,nan
2165/165/165,165:165:12,,225.3,287.6,332.6,nan,nan
2023/2/27,14:35:22,,217.2,279.7,320.9,nan,nan
2001/134/0,0:53:0,,213.3,271.4,313.1,nan,nan
2023/2/27,14:35:42,,205.5,261.1,296.6,nan,nan
2000/124/0,0:53:0,,198.5,253.4,290.7,nan,nan
2000/125/0,0:53:0,,192.5,246.6,283.4,nan,nan
2165/165/165,14:36:12,,187.5,239.0,272.8,nan,nan
2000/112/0,0:53:0,,179.8,233.3,269.4,nan,nan
2000/114/0,0:53:0,,175.9,228.7,264.3,nan,nan
2023/2/27,14:36:43,,170.3,223.9,255.0,nan,nan
2023/2/27,14:36:53,,170.2,219.9,258.1,nan,nan
2000/102/0,0:53:0,,165.0,214.0,251.9,nan,nan
2000/103/0,0:53:0,,159.4,204.5,236.0,nan,nan
2000/94/0,0:53:0,,152.2,195.7,224.2,nan,nan
2023/2/27,14:37:33,,148.8,190.6,217.0,nan,nan
2000/92/0,0:53:0,,146.7,187.1,213.6,nan,nan
2165/165/45,14:37:53,,144.1,180.5,204.4,nan,nan
2023/2/27,14:38:3,,137.2,173.7,196.8,nan,nan
2000/83/0,0:53:0,,134.2,168.9,191.5,nan,nan
2000/81/0,0:53:0,,129.7,165.6,187.7,nan,nan
2000/80/0,0:53:0,,124.0,161.9,183.5,nan,nan
2000/77/0,0:53:0,,121.9,156.6,177.2,nan,nan
2000/79/0,0:53:0,,119.5,152.9,172.9,nan,nan
2000/72/0,0:53:0,,118.0,150.2,170.1,nan,nan
2000/75/0,0:53:0,,112.3,145.7,165.1,nan,nan
2000/73/0,0:53:0,,109.3,141.7,160.3,nan,nan
2165/165/165,165:45:34,,106.4,138.4,156.5,nan,nan
2000/69/0,0:53:0,,105.2,135.0,152.8,nan,nan
2000/66/0,0:53:0,,103.3,131.7,148.9,nan,nan
2000/63/0,0:53:0,,99.8,127.0,143.7,nan,nan
2023/2/27,14:40:15,,95.4,121.7,137.7,nan,nan
2000/59/0,0:53:0,,90.7,115.3,130.3,nan,nan
2000/57/0,0:53:0,,88.2,111.5,127.1,nan,nan
2000/54/0,0:53:0,,84.8,108.1,122.7,nan,nan
2000/52/0,0:53:0,,81.9,105.3,119.1,nan,nan
2000/55/0,0:53:0,,79.5,102.5,115.5,nan,nan
2000/55/0,0:53:0,,78.7,100.2,113.4,nan,nan
2023/2/27,14:41:25,,77.7,97.6,110.2,nan,nan
2000/50/0,0:53:0,,74.4,95.3,107.3,nan,nan
2000/49/0,0:53:0,,73.0,92.4,104.4,nan,nan
2000/47/0,0:53:0,,71.7,90.4,103.1,nan,nan
2000/45/0,0:53:0,,70.0,89.0,100.8,nan,nan
2000/43/0,0:53:0,,67.9,86.4,98.3,nan,nan
2000/40/0,0:53:0,,65.0,84.3,96.3,nan,nan
2165/165/35,14:42:36,,63.7,82.4,92.9,nan,nan
2023/2/27,14:42:46,,63.1,80.9,91.7,nan,nan
2000/42/0,0:53:0,,60.6,77.2,89.4,nan,nan
2000/37/0,0:53:0,,56.4,73.7,83.6,nan,nan
2000/36/0,0:53:0,,54.5,71.0,80.0,nan,nan
2023/2/27,14:43:26,,54.0,69.0,78.0,nan,nan
2023/2/27,14:43:36,,54.8,68.1,78.0,nan,nan
2000/33/0,0:53:0,,51.7,67.2,76.2,nan,nan
2165/165/165,14:43:57,,50.5,66.0,74.4,nan,nan
2023/2/27,14:44:7,,50.2,64.9,73.1,nan,nan
2000/32/0,0:53:0,,50.5,63.8,71.8,nan,nan
2165/165/165,165:165:27,,48.1,62.3,70.3,nan,nan
2000/34/0,0:53:0,,46.4,59.9,67.8,nan,nan
2165/165/165,165:47:47,,46.0,58.8,66.7,nan,nan
2000/33/0,0:53:0,,45.1,56.9,64.4,nan,nan
2000/32/0,0:53:0,,44.4,55.6,62.6,nan,nan
2000/29/0,0:53:0,,42.4,53.4,60.4,nan,nan
2165/165/165,165:165:45,,40.5,52.4,58.8,nan,nan
2023/2/27,14:45:37,,39.8,51.4,57.4,nan,nan
2000/25/0,0:53:0,,38.2,50.0,57.4,nan,nan
2000/25/0,0:53:0,,37.4,49.6,55.7,nan,nan
2000/25/0,0:53:0,,37.6,48.7,54.8,nan,nan
2000/22/0,0:53:0,,36.3,47.5,53.5,nan,nan
2000/23/0,0:53:0,,34.7,46.0,53.0,nan,nan
2000/22/0,0:53:0,,34.6,44.9,50.7,nan,nan
2000/22/0,0:53:0,,34.2,43.0,48.0,nan,nan
2000/20/0,0:53:0,,33.1,41.1,46.1,nan,nan
2000/25/0,0:53:0,,30.9,40.3,45.3,nan,nan
2000/23/0,0:53:0,,29.7,38.7,43.7,nan,nan
2000/21/0,0:53:0,,28.1,36.1,40.1,nan,nan
2000/20/0,0:53:0,,27.1,34.3,38.3,nan,nan
2000/19/0,0:53:0,,25.4,33.2,37.7,nan,nan
2000/19/0,0:53:0,,25.0,32.0,36.1,nan,nan
2000/19/0,0:53:0,,24.8,32.0,36.6,nan,nan
2000/18/0,0:53:0,,25.0,31.8,36.0,nan,nan
2000/18/0,0:53:0,,23.4,31.0,35.0,nan,nan
2000/16/0,0:53:0,,22.6,30.2,34.2,nan,nan
2000/16/0,0:53:0,,21.5,29.3,32.7,nan,nan
2023/2/27,14:48:59,,21.9,28.8,31.8,nan,nan
2000/15/0,0:53:0,,20.9,27.8,30.8,nan,nan
2000/15/0,0:53:0,,21.4,27.0,30.0,nan,nan
2000/14/0,0:53:0,,20.6,26.5,29.5,nan,nan
2023/2/27,14:49:40,,20.0,27.0,30.0,nan,nan
2023/2/27,14:49:50,,20.4,26.9,30.2,nan,nan
2023/2/27,14:50:0,,20.3,26.5,29.6,nan,nan
2165/165/35,14:50:10,,19.8,26.0,29.0,nan,nan
2000/15/0,0:53:0,,20.4,26.4,29.4,nan,nan
2165/165/85,14:50:30,,21.5,27.0,30.1,nan,nan
2023/2/27,14:50:40,,21.6,27.0,30.3,nan,nan
2000/15/0,0:53:0,,21.1,27.0,30.0,nan,nan
2000/14/0,0:53:0,,21.1,27.0,30.4,nan,nan
2000/14/0,0:53:0,,20.6,27.0,31.7,nan,nan
2023/2/27,14:51:21,,20.7,27.0,30.0,nan,nan
2023/2/27,14:51:31,,20.7,27.0,30.6,nan,nan
2000/16/0,0:53:0,,21.4,27.5,30.5,nan,nan
2000/15/0,0:53:0,,21.6,27.9,31.4,nan,nan
2000/15/0,0:53:0,,20.9,28.2,31.3,nan,nan
2023/2/27,14:52:11,,21.1,29.0,32.0,nan,nan
2023/2/27,14:52:21,,21.6,28.8,31.9,nan,nan
2000/15/0,0:53:0,,21.0,29.0,32.0,nan,nan
2000/17/0,0:53:0,,21.9,29.0,32.0,nan,nan
2000/17/0,0:53:0,,23.0,29.0,32.1,nan,nan
2000/17/0,0:53:0,,22.7,29.0,32.8,nan,nan
2000/16/0,0:53:0,,22.5,28.7,31.9,nan,nan
2000/16/0,0:53:0,,21.9,28.5,31.5,nan,nan
2000/16/0,0:53:0,,22.8,28.9,32.4,nan,nan
2023/2/27,14:53:42,,22.0,28.5,32.7,nan,nan
2000/17/0,0:53:0,,22.0,28.3,31.7,nan,nan
2023/2/27,14:54:2,,22.9,29.0,33.0,nan,nan
2000/17/0,0:53:0,,22.6,29.0,33.4,nan,nan
2000/18/0,0:53:0,,23.7,30.0,34.4,nan,nan
2000/17/0,0:53:0,,22.9,29.1,32.6,nan,nan
2000/16/0,0:53:0,,22.3,29.0,32.0,nan,nan
2000/17/0,0:53:0,,22.1,28.6,32.0,nan,nan
2000/16/0,0:53:0,,22.2,28.2,31.3,nan,nan
2000/15/0,0:53:0,,20.8,27.1,30.1,nan,nan
2000/15/0,0:53:0,,20.5,26.5,29.5,nan,nan
2000/16/0,0:53:0,,21.0,27.5,30.5,nan,nan
2000/15/0,0:53:0,,21.7,27.7,31.1,nan,nan
2000/15/0,0:53:0,,21.5,27.4,30.4,nan,nan
2000/15/0,0:53:0,,21.4,27.3,30.3,nan,nan
2000/15/0,0:53:0,,21.9,27.0,30.0,nan,nan
2023/2/27,14:56:23,,21.7,27.0,30.0,nan,nan
2000/15/0,0:53:0,,21.7,27.0,30.0,nan,nan
2000/15/0,0:53:0,,21.0,27.0,30.3,nan,nan
2000/14/0,0:53:0,,20.6,26.6,29.8,nan,nan
2165/2/27,14:57:4,,20.5,26.2,29.2,nan,nan
2023/2/27,14:57:14,,20.9,27.0,30.0,nan,nan
2165/165/165,14:57:24,,21.0,27.0,30.0,nan,nan
2000/16/0,0:53:0,,22.0,27.0,30.1,nan,nan
2000/14/0,0:53:0,,20.7,26.3,29.3,nan,nan
2000/14/0,0:53:0,,19.9,26.0,29.0,nan,nan
2000/14/0,0:53:0,,20.1,26.2,29.4,nan,nan
2000/14/0,0:53:0,,20.2,26.0,29.0,nan,nan
2000/14/0,0:53:0,,20.0,25.2,28.2,nan,nan
2023/2/27,14:58:34,,19.6,25.1,28.1,nan,nan
2023/2/27,14:58:44,,20.0,25.6,28.6,nan,nan
2000/15/0,0:53:0,,20.9,26.8,29.8,nan,nan
2000/15/0,0:53:0,,21.0,26.6,29.6,nan,nan
2000/14/0,0:53:0,,19.9,26.0,29.0,nan,nan
2000/15/0,0:53:0,,20.8,26.3,29.3,nan,nan
2000/14/0,0:53:0,,20.5,26.3,29.5,nan,nan
2000/14/0,0:53:0,,20.0,26.6,29.6,nan,nan
2000/13/0,0:53:0,,19.7,26.0,29.0,nan,nan
2000/12/0,0:53:0,,19.1,25.4,28.4,nan,nan
2023/2/27,15:0:15,,20.0,25.7,28.7,nan,nan
2000/13/0,0:53:0,,19.6,25.4,28.4,nan,nan
2000/14/0,0:53:0,,19.5,25.8,28.8,nan,nan
2000/13/0,0:53:0,,19.8,26.1,29.1,nan,nan
2000/14/0,0:53:0,,19.7,26.5,29.5,nan,nan
2000/16/0,0:53:0,,20.3,27.1,30.1,nan,nan
2023/2/27,15:1:16,,20.4,27.0,30.4,nan,nan
2000/13/0,0:53:0,,19.9,27.0,30.0,nan,nan
2000/15/0,0:53:0,,20.0,27.0,30.0,nan,nan
2023/2/27,15:1:46,,19.5,26.5,29.5,nan,nan
2000/13/0,0:53:0,,18.9,26.1,29.1,nan,nan
2000/13/0,0:53:0,,19.9,26.0,29.2,nan,nan
2000/14/0,0:53:0,,19.0,26.0,29.2,nan,nan
2000/14/0,0:53:0,,20.1,26.0,29.0,nan,nan
2000/13/0,0:53:0,,19.6,25.6,28.6,nan,nan
2000/14/0,0:53:0,,19.5,25.5,28.5,nan,nan
2023/2/27,15:2:57,,20.0,25.2,28.2,nan,nan
2000/14/0,0:53:0,,20.3,25.8,28.8,nan,nan
2165/2/27,15:3:17,,19.5,25.2,28.2,nan,nan
2000/12/0,0:53:0,,18.8,25.0,28.0,nan,nan
2023/2/27,15:3:37,,18.9,25.0,28.0,nan,nan
2000/14/0,0:53:0,,19.3,25.0,28.0,nan,nan
2000/13/0,0:53:0,,19.0,24.0,27.0,nan,nan
2000/13/0,0:53:0,,18.9,24.0,27.0,nan,nan
2165/3/27,15:4:17,,19.0,24.0,27.0,nan,nan
2000/12/0,0:53:0,,18.6,24.0,27.5,nan,nan
2000/12/0,0:53:0,,18.2,24.0,27.0,nan,nan
2000/12/0,0:53:0,,18.3,23.7,26.7,nan,nan
2023/2/27,15:4:58,,19.0,24.0,27.0,nan,nan
2023/2/27,15:5:8,,18.5,23.9,26.9,nan,nan
2000/12/0,0:53:0,,17.8,23.9,26.9,nan,nan
2000/12/0,0:53:0,,18.1,23.8,26.8,nan,nan
2000/13/0,0:53:0,,18.2,24.0,27.0,nan,nan
2000/12/0,0:53:0,,18.7,24.0,27.0,nan,nan
2000/13/0,0:53:0,,18.8,24.0,27.0,nan,nan
2000/13/0,0:53:0,,18.9,24.0,27.0,nan,nan
2000/13/0,0:53:0,,19.0,24.1,27.1,nan,nan
2000/12/0,0:53:0,,18.6,24.6,27.6,nan,nan
2023/2/27,15:6:39,,18.5,24.0,27.0,nan,nan
2023/2/27,15:6:49,,17.8,23.9,26.9,nan,nan
2000/12/0,0:53:0,,17.5,24.0,27.0,nan,nan
2000/12/0,0:53:0,,18.5,23.9,26.9,nan,nan
2000/11/0,0:53:0,,17.4,23.2,26.2,nan,nan
2000/12/0,0:53:0,,18.1,23.2,26.2,nan,nan
2000/12/0,0:53:0,,18.6,24.0,27.0,nan,nan
2023/2/27,15:7:49,,18.0,23.8,26.8,nan,nan
2023/2/27,15:7:59,,17.6,23.6,26.6,nan,nan
2000/13/0,0:53:0,,18.1,23.9,26.9,nan,nan
2023/2/27,15:8:20,,17.9,23.8,26.8,nan,nan
2023/2/27,15:8:30,,17.6,23.2,26.2,nan,nan
2023/2/27,15:8:40,,17.9,23.0,26.0,nan,nan
2000/13/0,0:53:0,,17.7,23.4,26.4,nan,nan
2023/2/27,15:9:0,,18.6,23.8,26.8,nan,nan
2000/13/0,0:53:0,,19.0,24.0,27.0,nan,nan
2000/13/0,0:53:0,,18.8,24.0,27.0,nan,nan
2000/13/0,0:53:0,,18.4,24.0,27.0,nan,nan
2000/13/0,0:53:0,,19.0,24.1,27.1,nan,nan
2000/12/0,0:53:0,,18.1,23.9,26.9,nan,nan
2000/12/0,0:53:0,,18.2,24.0,27.0,nan,nan
2000/13/0,0:53:0,,18.8,24.0,27.0,nan,nan
2000/13/0,0:53:0,,19.0,24.0,27.0,nan,nan
2000/13/0,0:53:0,,19.0,24.0,27.0,nan,nan
2000/13/0,0:53:0,,19.2,24.2,27.2,nan,nan
2023/2/27,15:10:51,,19.2,24.3,28.2,nan,nan
2000/12/0,0:53:0,,18.5,24.5,27.5,nan,nan
2000/13/0,0:53:0,,18.8,25.0,28.0,nan,nan
2000/12/0,0:53:0,,19.5,24.9,27.9,nan,nan
2000/12/0,0:53:0,,18.1,24.0,27.0,nan,nan
2000/13/0,0:53:0,,18.3,24.3,27.3,nan,nan
2023/2/27,15:11:51,,18.5,24.5,28.0,nan,nan
2000/13/0,0:53:0,,18.7,25.0,28.0,nan,nan
2000/12/0,0:53:0,,18.3,24.1,27.1,nan,nan
2165/165/165,17:12:22,,18.3,23.5,26.5,nan,nan
2000/13/0,0:53:0,,18.1,23.1,26.1,nan,nan
2000/11/0,0:53:0,,17.2,23.0,26.0,nan,nan
2000/12/0,0:53:0,,18.0,23.2,26.2,nan,nan
2000/12/0,0:53:0,,18.0,23.0,26.0,nan,nan
2000/12/0,0:53:0,,18.0,23.0,26.0,nan,nan
2023/2/27,15:13:22,,17.6,23.0,26.0,nan,nan
2000/12/0,0:53:0,,18.0,23.0,26.0,nan,nan
2023/2/27,15:13:42,,18.3,23.5,26.5,nan,nan
2000/12/0,0:53:0,,18.0,23.0,26.0,nan,nan
2000/12/0,0:53:0,,17.7,23.0,26.1,nan,nan
2000/13/0,0:53:0,,18.0,23.3,26.3,nan,nan
2023/2/27,15:14:23,,18.6,23.6,26.8,nan,nan
2165/165/165,165:85:33,,17.8,23.5,26.9,nan,nan
2023/2/27,15:14:43,,18.0,23.1,26.1,nan,nan
2023/2/27,15:14:53,,18.1,23.3,26.3,nan,nan
2165/165/85,15:15:3,,18.0,23.1,26.1,nan,nan
2000/11/0,0:53:0,,17.6,23.5,26.5,nan,nan
2000/11/0,0:53:0,,17.0,23.0,26.0,nan,nan
2023/2/27,15:15:33,,17.4,23.0,26.0,nan,nan
2000/12/0,0:53:0,,17.6,23.0,26.0,nan,nan
2023/2/27,15:15:54,,17.5,23.0,26.0,nan,nan
2023/2/27,15:16:4,,18.1,23.1,26.1,nan,nan
2023/2/27,15:16:14,,17.5,22.8,25.6,nan,nan
2023/2/27,15:16:24,,17.8,23.0,26.0,nan,nan
2000/12/0,0:53:0,,17.1,23.0,26.0,nan,nan
2000/11/0,0:53:0,,17.0,22.0,24.0,nan,nan
2000/11/0,0:53:0,,17.0,22.0,24.0,nan,nan
2000/11/0,0:53:0,,17.0,22.0,24.0,nan,nan
2000/15/0,0:53:0,,15.8,22.1,24.2,nan,nan
2000/11/0,0:53:0,,16.4,22.0,24.0,nan,nan
2000/10/0,0:53:0,,15.7,22.0,24.5,nan,nan
2000/10/0,0:53:0,,16.4,22.3,25.3,nan,nan
2000/11/0,0:53:0,,16.9,22.0,24.3,nan,nan
2000/10/0,0:53:0,,16.9,22.0,24.5,nan,nan
2000/11/0,0:53:0,,16.7,22.5,25.0,nan,nan
2000/11/0,0:53:0,,16.7,23.0,26.0,nan,nan
2000/12/0,0:53:0,,18.0,23.0,26.0,nan,nan
2000/11/0,0:53:0,,17.6,23.0,26.0,nan,nan
2000/12/0,0:53:0,,17.8,23.0,26.0,nan,nan
2000/12/0,0:53:0,,17.9,23.0,26.0,nan,nan
2000/11/0,0:53:0,,17.0,22.3,25.1,nan,nan
2000/11/0,0:53:0,,17.1,22.1,24.2,nan,nan
2000/11/0,0:53:0,,17.0,22.0,24.3,nan,nan
2000/11/0,0:53:0,,17.0,21.9,23.9,nan,nan
2000/12/0,0:53:0,,17.4,22.4,24.8,nan,nan
2000/12/0,0:53:0,,17.8,22.8,25.6,nan,nan
2000/12/0,0:53:0,,17.9,22.9,25.9,nan,nan
2000/11/0,0:53:0,,17.1,22.2,24.4,nan,nan
2000/11/0,0:53:0,,17.0,22.0,24.0,nan,nan
2023/2/27,15:20:46,,16.7,22.0,24.0,nan,nan
2023/2/27,15:20:56,,16.1,21.2,23.2,nan,nan
2023/2/27,15:21:6,,16.1,21.5,23.5,nan,nan
2023/2/27,15:21:17,,16.6,21.7,23.7,nan,nan
2000/10/0,0:53:0,,16.0,22.0,24.0,nan,nan
2165/165/165,165:165:85,,16.8,22.0,24.0,nan,nan
2000/12/0,0:53:0,,17.4,22.4,24.8,nan,nan
2023/2/27,15:21:57,,18.0,23.3,26.3,nan,nan
2165/165/165,165:27:7,,18.3,23.5,26.5,nan,nan
2000/0/0,0:53:0,,0.0,0.2,0.2,nan,nan
2000/14/0,0:53:0,,7.8,10.7,11.7,nan,nan
2023/2/27,15:57:28,,20.1,26.7,29.9,nan,nan
2000/23/0,0:53:0,,27.1,34.8,38.8,nan,nan
2165/165/165,15:57:48,,30.2,38.2,42.9,nan,nan
2023/2/27,15:57:58,,32.0,40.1,45.1,nan,nan
2000/21/0,0:53:0,,32.7,41.8,46.8,nan,nan
2023/2/27,15:58:19,,32.9,42.0,47.0,nan,nan
2023/2/27,15:58:29,,33.7,42.3,47.3,nan,nan
2023/2/27,15:58:39,,33.7,43.2,48.2,nan,nan
2023/2/27,15:58:49,,34.9,44.7,50.2,nan,nan
2023/2/27,15:58:59,,38.3,48.3,54.3,nan,nan
2023/2/27,15:59:9,,40.8,51.0,57.0,nan,nan
2023/2/27,15:59:19,,42.5,52.7,59.4,nan,nan
2000/31/0,0:53:0,,43.6,53.7,60.7,nan,nan
2023/2/27,15:59:39,,43.0,54.1,61.1,nan,nan
2023/2/27,15:59:49,,42.8,54.2,61.2,nan,nan
2023/2/27,16:0:0,,43.2,54.0,61.0,nan,nan
2000/30/0,0:53:0,,42.3,53.9,60.9,nan,nan
2000/30/0,0:53:0,,42.7,53.9,60.9,nan,nan
2000/30/0,0:53:0,,42.2,53.1,60.1,nan,nan
2000/30/0,0:53:0,,41.3,52.2,58.4,nan,nan
2000/29/0,0:53:0,,41.7,51.9,57.9,nan,nan
2000/29/0,0:53:0,,41.1,52.0,58.0,nan,nan
2000/30/0,0:53:0,,41.4,52.2,58.4,nan,nan
2000/31/0,0:53:0,,42.8,53.0,60.0,nan,nan
2000/29/0,0:53:0,,42.2,53.4,60.4,nan,nan
2000/30/0,0:53:0,,41.7,53.0,60.0,nan,nan
2000/30/0,0:53:0,,42.6,53.2,60.2,nan,nan
2000/32/0,0:53:0,,43.4,53.9,60.9,nan,nan
2000/32/0,0:53:0,,44.0,54.3,61.3,nan,nan
2000/30/0,0:53:0,,42.9,53.3,60.3,nan,nan
2000/30/0,0:53:0,,42.0,53.0,60.0,nan,nan
