2001/20/1,0:53:0,,140.2,221.0,264.5,nan,nan
2023/2/26,19:13:38,,181.0,288.7,346.0,nan,nan
2023/2/26,19:13:47,,173.4,279.8,339.0,nan,nan
2001/159/0,0:53:0,,166.0,261.9,308.0,nan,nan
2001/20/1,0:53:0,,180.7,284.2,317.7,nan,nan
2023/2/26,19:14:14,,190.5,301.1,334.0,nan,nan
2001/26/1,0:53:0,,193.5,308.0,347.9,nan,nan
2001/24/1,0:53:0,,195.3,312.8,348.8,nan,nan
2001/23/1,0:53:0,,192.0,304.6,330.8,nan,nan
2165/165/165,25:14:48,,189.2,299.3,326.2,nan,nan
2023/2/26,19:14:57,,187.7,299.4,334.1,nan,nan
2023/2/26,19:15:6,,181.1,291.9,326.9,nan,nan
2023/2/26,19:15:15,,177.2,283.4,313.8,nan,nan
2001/164/0,0:53:0,,173.3,269.0,302.5,nan,nan
2001/165/0,0:53:0,,168.3,261.2,296.3,nan,nan
2001/4/1,0:53:0,,170.6,267.9,301.3,nan,nan
2023/2/26,19:15:51,,179.1,283.2,320.2,nan,nan
2023/2/26,19:15:59,,183.1,287.9,326.3,nan,nan
2001/14/1,0:53:0,,181.3,283.8,316.6,nan,nan
2023/2/26,19:16:17,,166.5,259.0,301.1,nan,nan
2001/150/0,0:53:0,,154.8,251.1,292.2,nan,nan
2001/151/0,0:53:0,,157.1,253.9,297.6,nan,nan
2023/2/26,19:16:45,,161.3,258.7,295.1,nan,nan
2001/155/0,0:53:0,,158.9,256.4,297.6,nan,nan
2023/2/26,19:17:3,,165.8,266.6,306.7,nan,nan
2001/162/0,0:53:0,,167.5,267.5,304.2,nan,nan
2023/2/26,19:17:21,,166.6,259.4,291.8,nan,nan
2001/1/1,0:53:0,,169.5,265.3,299.4,nan,nan
2023/2/26,19:17:39,,170.0,270.6,306.4,nan,nan
2001/163/0,0:53:0,,167.0,265.6,296.7,nan,nan
2001/161/0,0:53:0,,166.9,262.5,289.5,nan,nan
2001/160/0,0:53:0,,167.3,261.4,291.8,nan,nan
2023/2/26,19:18:15,,168.8,263.9,301.9,nan,nan
2023/2/26,19:18:24,,162.7,254.9,290.3,nan,nan
2023/2/26,19:18:32,,169.0,257.3,294.4,nan,nan
2001/3/1,0:53:0,,173.1,261.4,301.0,nan,nan
2023/2/26,19:18:50,,171.3,263.5,299.2,nan,nan
2023/2/26,19:18:59,,177.3,269.4,299.0,nan,nan
2023/2/26,19:19:8,,178.1,267.4,295.0,nan,nan
2023/2/26,19:19:17,,174.9,265.3,296.0,nan,nan
2023/2/26,19:19:26,,173.0,267.5,298.0,nan,nan
2001/0/1,0:53:0,,169.1,258.5,284.5,nan,nan
2023/2/26,19:20:6,,167.0,251.3,286.6,nan,nan
2001/141/0,0:53:0,,117.9,189.7,226.7,nan,nan
2001/128/0,0:53:0,,133.6,216.8,250.0,nan,nan
2023/2/26,19:21:11,,133.0,217.4,252.3,nan,nan
2023/2/26,19:21:21,,143.4,230.4,271.5,nan,nan
2023/2/26,19:21:30,,143.3,225.9,260.0,nan,nan
2023/2/26,19:21:39,,142.2,223.5,254.8,nan,nan
2023/2/26,19:21:47,,142.0,223.6,257.4,nan,nan
2023/2/26,19:21:57,,142.9,225.1,256.5,nan,nan
2023/2/26,19:22:6,,149.5,234.4,267.9,nan,nan
2023/2/26,19:22:15,,150.7,231.7,260.1,nan,nan
2023/2/26,19:22:24,,152.1,232.9,260.7,nan,nan
2023/2/26,19:22:33,,144.4,226.6,249.5,nan,nan
2001/144/0,0:53:0,,147.1,229.9,256.8,nan,nan
2001/143/0,0:53:0,,152.4,234.3,271.2,nan,nan
2001/145/0,0:53:0,,148.5,228.0,265.6,nan,nan
2023/2/26,19:23:9,,152.3,234.8,265.8,nan,nan
2023/2/26,19:23:18,,151.0,230.8,263.0,nan,nan
2001/140/0,0:53:0,,147.0,220.6,251.3,nan,nan
2023/2/26,19:23:36,,145.0,220.3,246.8,nan,nan
2023/2/26,19:23:45,,147.6,224.3,251.2,nan,nan
2023/2/26,19:23:54,,145.7,222.4,256.0,nan,nan
2023/2/26,19:24:3,,140.2,216.8,253.6,nan,nan
2023/2/26,19:24:11,,141.9,215.9,243.1,nan,nan
2165/165/165,165:25:20,,142.4,216.2,235.9,nan,nan
2001/137/0,0:53:0,,141.5,214.1,238.4,nan,nan
2165/165/27,19:24:39,,137.7,213.8,233.0,nan,nan
2001/132/0,0:53:0,,134.0,212.5,233.7,nan,nan
2023/2/26,19:24:56,,137.9,213.1,240.6,nan,nan
2023/2/26,19:25:6,,141.7,213.8,243.5,nan,nan
2023/2/26,19:25:15,,142.5,223.5,245.4,nan,nan
2023/2/26,19:25:24,,142.8,219.5,242.9,nan,nan
2023/2/26,19:25:33,,143.6,219.4,247.5,nan,nan
2001/130/0,0:53:0,,142.7,216.4,239.1,nan,nan
2165/165/165,165:25:51,,131.0,200.4,219.8,nan,nan
2023/2/26,19:26:0,,134.9,200.0,225.8,nan,nan
2001/130/0,0:53:0,,135.5,203.9,230.0,nan,nan
2023/2/26,19:26:18,,131.2,200.1,223.2,nan,nan
2001/122/0,0:53:0,,125.3,187.7,205.1,nan,nan
2001/131/0,0:53:0,,129.1,193.2,217.9,nan,nan
2023/2/26,19:26:45,,137.6,204.9,233.3,nan,nan
2023/2/26,19:26:54,,136.3,204.6,224.0,nan,nan
2023/2/26,19:27:3,,133.3,205.1,224.0,nan,nan
2001/128/0,0:53:0,,133.0,205.6,225.9,nan,nan
2001/129/0,0:53:0,,132.7,204.9,226.6,nan,nan
2001/127/0,0:53:0,,133.6,202.0,228.9,nan,nan
2165/165/165,165:165:45,,133.2,203.0,227.8,nan,nan
2001/133/0,0:53:0,,135.3,203.5,229.5,nan,nan
2001/128/0,0:53:0,,134.0,207.6,237.8,nan,nan
2001/127/0,0:53:0,,133.2,207.0,235.3,nan,nan
2023/2/26,19:28:15,,132.3,203.8,228.8,nan,nan
2023/2/26,19:28:24,,133.9,202.7,224.1,nan,nan
2023/2/26,19:28:33,,134.1,198.5,219.3,nan,nan
2001/127/0,0:53:0,,131.8,197.7,215.7,nan,nan
2001/128/0,0:53:0,,131.8,201.3,218.7,nan,nan
2001/126/0,0:53:0,,131.9,199.9,220.9,nan,nan
2001/124/0,0:53:0,,128.8,196.2,219.3,nan,nan
2001/122/0,0:53:0,,126.4,199.0,222.1,nan,nan
2001/123/0,0:53:0,,125.4,196.3,220.6,nan,nan
2001/122/0,0:53:0,,126.2,189.5,212.1,nan,nan
2001/125/0,0:53:0,,126.3,190.1,206.7,nan,nan
2001/121/0,0:53:0,,126.9,195.5,208.3,nan,nan
2023/2/26,19:30:2,,127.9,196.2,212.4,nan,nan
2001/125/0,0:53:0,,128.3,193.2,216.0,nan,nan
2001/123/0,0:53:0,,125.9,190.1,216.1,nan,nan
2001/122/0,0:53:0,,126.4,191.0,214.6,nan,nan
2001/116/0,0:53:0,,124.0,190.5,214.8,nan,nan
2001/118/0,0:53:0,,122.1,186.7,209.1,nan,nan
2165/165/165,165:30:56,,121.9,183.5,206.9,nan,nan
2001/117/0,0:53:0,,122.0,181.8,207.0,nan,nan
2001/117/0,0:53:0,,121.3,181.8,203.2,nan,nan
2023/2/26,19:31:22,,123.6,187.8,206.1,nan,nan
2023/2/26,19:31:31,,121.4,183.3,199.9,nan,nan
2001/116/0,0:53:0,,123.2,185.4,207.9,nan,nan
2001/118/0,0:53:0,,120.5,186.3,214.0,nan,nan
2023/2/26,19:31:59,,121.0,181.6,200.2,nan,nan
2001/115/0,0:53:0,,119.9,182.7,198.2,nan,nan
2023/2/26,19:32:17,,118.7,185.2,207.1,nan,nan
2001/112/0,0:53:0,,118.7,184.3,204.7,nan,nan
2023/2/26,19:32:35,,115.7,174.8,196.9,nan,nan
2023/2/26,19:32:44,,114.9,171.9,193.7,nan,nan
2023/2/26,19:32:53,,117.5,177.0,196.0,nan,nan
2023/2/26,19:33:2,,118.1,179.4,198.5,nan,nan
2023/2/26,19:33:11,,116.2,178.0,194.6,nan,nan
2023/2/26,19:33:19,,117.5,177.2,193.3,nan,nan
2023/2/26,19:33:29,,116.5,172.0,193.3,nan,nan
2023/2/26,19:33:38,,117.5,175.8,197.4,nan,nan
2023/2/26,19:33:47,,116.0,177.3,195.6,nan,nan
2023/2/26,19:33:56,,113.2,175.4,189.7,nan,nan
2023/2/26,19:34:5,,111.3,171.3,189.6,nan,nan
2023/2/26,19:34:14,,110.7,165.1,184.5,nan,nan
2023/2/26,19:34:23,,111.4,167.8,190.1,nan,nan
2023/2/26,19:34:32,,111.3,168.9,193.4,nan,nan
2023/2/26,19:34:41,,110.3,167.3,185.0,nan,nan
2023/2/26,19:34:50,,109.0,164.0,182.5,nan,nan
2023/2/26,19:34:59,,110.7,165.7,180.0,nan,nan
2023/2/26,19:35:9,,109.7,163.8,183.3,nan,nan
2023/2/26,19:35:18,,108.6,165.0,183.5,nan,nan
2023/2/26,19:35:27,,106.7,162.7,179.7,nan,nan
2023/2/26,19:35:36,,107.1,165.4,182.6,nan,nan
2000/107/0,0:53:0,,109.8,166.7,184.7,nan,nan
2000/106/0,0:53:0,,111.1,163.3,181.4,nan,nan
2165/165/165,165:36:2,,109.0,159.6,180.7,nan,nan
2023/2/26,19:36:11,,108.3,157.1,178.0,nan,nan
2023/2/26,19:36:20,,108.8,161.2,179.9,nan,nan
2023/2/26,19:36:29,,107.3,162.7,182.6,nan,nan
2023/2/26,19:36:38,,105.2,156.9,175.5,nan,nan
2023/2/26,19:36:47,,99.6,151.6,175.0,nan,nan
2023/2/26,19:36:56,,99.3,150.6,170.4,nan,nan
2000/96/0,0:53:0,,99.8,148.8,165.6,nan,nan
2023/2/26,19:37:14,,99.7,146.1,164.8,nan,nan
2023/2/26,19:37:23,,99.0,143.0,161.5,nan,nan
2023/2/26,19:37:32,,99.4,148.6,160.1,nan,nan
2000/97/0,0:53:0,,100.1,150.4,161.6,nan,nan
2023/2/26,19:37:51,,98.6,149.8,164.9,nan,nan
2023/2/26,19:38:0,,97.1,144.9,164.0,nan,nan
2000/93/0,0:53:0,,97.9,146.5,162.0,nan,nan
2023/2/26,19:38:17,,96.9,144.9,157.2,nan,nan
2023/2/26,19:38:26,,96.5,140.5,153.2,nan,nan
2023/2/26,19:38:36,,97.1,146.7,164.7,nan,nan
2023/2/26,19:38:44,,92.3,139.5,159.7,nan,nan
2000/95/0,0:53:0,,96.3,145.9,161.9,nan,nan
2000/90/0,0:53:0,,97.2,150.1,163.3,nan,nan
2023/2/26,19:39:12,,95.3,144.2,158.8,nan,nan
2000/93/0,0:53:0,,94.6,146.6,163.1,nan,nan
2023/2/26,19:39:30,,92.5,143.5,161.2,nan,nan
2023/2/26,19:39:39,,91.1,135.6,149.5,nan,nan
2000/94/0,0:53:0,,92.9,138.9,154.3,nan,nan
2023/2/26,19:39:57,,95.2,139.7,154.4,nan,nan
2023/2/26,19:40:6,,96.3,140.9,156.2,nan,nan
2023/2/26,19:40:15,,96.6,142.9,161.1,nan,nan
2000/95/0,0:53:0,,94.9,138.7,153.3,nan,nan
2000/91/0,0:53:0,,93.7,136.1,151.4,nan,nan
2000/91/0,0:53:0,,91.2,136.1,151.2,nan,nan
2000/91/0,0:53:0,,91.2,140.2,155.6,nan,nan
2000/91/0,0:53:0,,92.0,147.7,167.0,nan,nan
2000/92/0,0:53:0,,91.7,147.2,167.2,nan,nan
2000/90/0,0:53:0,,94.0,147.9,165.8,nan,nan
2000/90/0,0:53:0,,92.6,140.8,156.7,nan,nan
2000/90/0,0:53:0,,90.6,132.7,147.8,nan,nan
2000/91/0,0:53:0,,91.5,134.3,143.8,nan,nan
2000/94/0,0:53:0,,93.2,140.8,152.2,nan,nan
2000/92/0,0:53:0,,93.1,140.7,157.0,nan,nan
2000/91/0,0:53:0,,92.0,134.8,152.2,nan,nan
2000/84/0,0:53:0,,89.9,135.2,148.7,nan,nan
2000/84/0,0:53:0,,87.0,130.9,148.1,nan,nan
2000/85/0,0:53:0,,85.9,132.0,150.9,nan,nan
2000/81/0,0:53:0,,86.5,132.3,148.7,nan,nan
2000/84/0,0:53:0,,85.6,125.4,140.9,nan,nan
2000/85/0,0:53:0,,83.5,122.8,137.3,nan,nan
2000/85/0,0:53:0,,83.4,124.8,141.4,nan,nan
2000/82/0,0:53:0,,84.2,126.4,143.7,nan,nan
2000/80/0,0:53:0,,85.8,130.4,143.9,nan,nan
2000/85/0,0:53:0,,87.5,131.9,145.9,nan,nan
2000/80/0,0:53:0,,85.2,129.1,142.2,nan,nan
2000/82/0,0:53:0,,84.9,127.7,141.6,nan,nan
2000/85/0,0:53:0,,85.5,128.8,145.3,nan,nan
2000/83/0,0:53:0,,85.8,129.5,147.2,nan,nan
2000/80/0,0:53:0,,85.6,130.8,145.9,nan,nan
2000/80/0,0:53:0,,84.6,132.7,149.3,nan,nan
2000/83/0,0:53:0,,85.2,129.9,141.0,nan,nan
2000/84/0,0:53:0,,83.3,125.3,138.1,nan,nan
2000/80/0,0:53:0,,81.2,122.6,140.4,nan,nan
2000/77/0,0:53:0,,79.2,119.9,135.9,nan,nan
2000/76/0,0:53:0,,78.7,118.7,130.0,nan,nan
2000/77/0,0:53:0,,79.1,118.7,126.6,nan,nan
2000/78/0,0:53:0,,78.3,120.9,131.5,nan,nan
2000/76/0,0:53:0,,79.6,118.6,132.7,nan,nan
2000/76/0,0:53:0,,77.8,115.1,126.4,nan,nan
2000/80/0,0:53:0,,79.7,117.2,132.3,nan,nan
2000/75/0,0:53:0,,77.7,115.4,127.6,nan,nan
2000/78/0,0:53:0,,78.1,111.7,119.4,nan,nan
2000/71/0,0:53:0,,76.5,116.4,130.1,nan,nan
2000/74/0,0:53:0,,75.6,116.3,129.4,nan,nan
2000/77/0,0:53:0,,79.4,116.6,129.4,nan,nan
2000/74/0,0:53:0,,76.6,114.6,127.4,nan,nan
2000/74/0,0:53:0,,75.8,111.8,126.4,nan,nan
2000/77/0,0:53:0,,76.4,114.1,129.8,nan,nan
2000/81/0,0:53:0,,80.0,119.6,134.5,nan,nan
2000/79/0,0:53:0,,80.6,117.4,130.1,nan,nan
2000/75/0,0:53:0,,78.0,117.1,129.0,nan,nan
2000/73/0,0:53:0,,75.7,115.7,130.1,nan,nan
2000/73/0,0:53:0,,74.7,115.1,131.6,nan,nan
2000/76/0,0:53:0,,76.0,114.2,127.9,nan,nan
2000/77/0,0:53:0,,78.8,118.6,131.4,nan,nan
2000/74/0,0:53:0,,76.8,117.6,131.4,nan,nan
2000/70/0,0:53:0,,74.9,116.4,130.3,nan,nan
2000/72/0,0:53:0,,73.8,113.3,128.7,nan,nan
2000/75/0,0:53:0,,75.1,114.3,130.0,nan,nan
2000/71/0,0:53:0,,76.0,115.9,129.6,nan,nan
2000/75/0,0:53:0,,76.2,117.7,127.5,nan,nan
2000/71/0,0:53:0,,75.6,112.9,125.0,nan,nan
2000/70/0,0:53:0,,74.9,111.1,123.3,nan,nan
2000/73/0,0:53:0,,74.8,110.5,122.5,nan,nan
2000/74/0,0:53:0,,76.2,114.2,126.6,nan,nan
2000/73/0,0:53:0,,76.7,117.0,130.7,nan,nan
2000/73/0,0:53:0,,73.9,110.4,122.6,nan,nan
2000/72/0,0:53:0,,73.8,110.8,121.7,nan,nan
2000/71/0,0:53:0,,74.9,108.9,116.3,nan,nan
2000/74/0,0:53:0,,72.9,109.1,116.2,nan,nan
2000/69/0,0:53:0,,71.0,107.4,116.8,nan,nan
2000/72/0,0:53:0,,70.3,107.6,122.6,nan,nan
2000/71/0,0:53:0,,70.4,111.4,121.5,nan,nan
2000/70/0,0:53:0,,71.9,112.6,120.7,nan,nan
2000/75/0,0:53:0,,71.2,109.1,120.3,nan,nan
2000/75/0,0:53:0,,72.9,108.9,117.1,nan,nan
2000/70/0,0:53:0,,71.2,104.2,114.1,nan,nan
2000/74/0,0:53:0,,71.4,104.4,117.9,nan,nan
2000/73/0,0:53:0,,72.4,106.4,118.7,nan,nan
2000/72/0,0:53:0,,69.9,103.3,114.7,nan,nan
2000/71/0,0:53:0,,70.4,105.0,113.9,nan,nan
2000/70/0,0:53:0,,69.6,104.8,113.2,nan,nan
2000/74/0,0:53:0,,70.6,104.9,113.7,nan,nan
2000/72/0,0:53:0,,72.7,107.8,115.6,nan,nan
2000/69/0,0:53:0,,69.4,105.9,115.4,nan,nan
2000/67/0,0:53:0,,68.7,101.4,113.1,nan,nan
2000/69/0,0:53:0,,68.8,101.1,114.8,nan,nan
2000/69/0,0:53:0,,69.2,101.1,113.7,nan,nan
2000/66/0,0:53:0,,68.1,103.7,115.1,nan,nan
2000/70/0,0:53:0,,69.8,106.4,120.4,nan,nan
2000/71/0,0:53:0,,70.7,110.2,118.8,nan,nan
2000/65/0,0:53:0,,68.1,103.4,117.9,nan,nan
2000/75/0,0:53:0,,68.7,103.8,123.2,nan,nan
2000/74/0,0:53:0,,72.8,108.9,122.1,nan,nan
2000/70/0,0:53:0,,71.5,106.7,119.2,nan,nan
2000/65/0,0:53:0,,68.1,100.9,113.3,nan,nan
2000/69/0,0:53:0,,67.6,103.5,113.2,nan,nan
2000/67/0,0:53:0,,68.2,102.5,118.5,nan,nan
2000/71/0,0:53:0,,70.0,103.7,120.5,nan,nan
2000/70/0,0:53:0,,69.9,102.9,115.1,nan,nan
2000/66/0,0:53:0,,69.5,104.2,112.7,nan,nan
2000/66/0,0:53:0,,67.3,103.7,110.6,nan,nan
2000/64/0,0:53:0,,66.2,99.2,107.9,nan,nan
2000/69/0,0:53:0,,67.1,102.9,114.2,nan,nan
2000/62/0,0:53:0,,66.7,101.3,111.5,nan,nan
2000/65/0,0:53:0,,64.5,97.7,108.7,nan,nan
2000/61/0,0:53:0,,64.3,96.3,108.0,nan,nan
2000/63/0,0:53:0,,64.5,93.5,103.6,nan,nan
2000/61/0,0:53:0,,64.7,98.2,105.0,nan,nan
2000/60/0,0:53:0,,63.1,95.8,101.6,nan,nan
2000/64/0,0:53:0,,61.4,91.0,99.4,nan,nan
2000/64/0,0:53:0,,61.2,93.0,103.2,nan,nan
2000/60/0,0:53:0,,62.7,93.7,106.1,nan,nan
2000/58/0,0:53:0,,60.7,88.5,99.4,nan,nan
2000/56/0,0:53:0,,56.3,82.0,90.8,nan,nan
2000/56/0,0:53:0,,55.9,81.9,93.3,nan,nan
2000/55/0,0:53:0,,56.7,82.5,91.0,nan,nan
2000/53/0,0:53:0,,53.9,79.1,89.4,nan,nan
2000/57/0,0:53:0,,56.1,83.5,90.3,nan,nan
2000/54/0,0:53:0,,56.1,84.1,89.9,nan,nan
2000/55/0,0:53:0,,56.1,78.5,85.0,nan,nan
2000/59/0,0:53:0,,57.2,80.1,86.8,nan,nan
2000/59/0,0:53:0,,58.1,84.2,91.4,nan,nan
2000/50/0,0:53:0,,55.6,83.4,93.2,nan,nan
2000/52/0,0:53:0,,53.2,77.8,83.3,nan,nan
2000/56/0,0:53:0,,56.6,77.4,84.4,nan,nan
2000/54/0,0:53:0,,53.5,78.1,84.2,nan,nan
2000/50/0,0:53:0,,52.0,79.3,88.6,nan,nan
2000/50/0,0:53:0,,52.9,79.5,89.1,nan,nan
2000/50/0,0:53:0,,51.7,77.9,86.8,nan,nan
2000/55/0,0:53:0,,52.1,78.9,86.9,nan,nan
2000/55/0,0:53:0,,51.6,78.5,87.1,nan,nan
2000/55/0,0:53:0,,52.0,81.7,90.7,nan,nan
2000/50/0,0:53:0,,52.8,79.6,86.4,nan,nan
2000/51/0,0:53:0,,53.8,78.0,85.1,nan,nan
2000/53/0,0:53:0,,51.5,76.4,83.7,nan,nan
2000/52/0,0:53:0,,49.6,73.1,81.1,nan,nan
2000/50/0,0:53:0,,48.0,73.6,82.5,nan,nan
2000/50/0,0:53:0,,48.1,76.4,86.4,nan,nan
2000/52/0,0:53:0,,49.0,75.0,89.0,nan,nan
2000/52/0,0:53:0,,50.1,76.1,85.2,nan,nan
2000/52/0,0:53:0,,49.9,76.3,85.1,nan,nan
2000/48/0,0:53:0,,48.1,72.0,81.7,nan,nan
2000/52/0,0:53:0,,48.0,71.8,79.5,nan,nan
2000/54/0,0:53:0,,50.3,72.6,80.0,nan,nan
2000/51/0,0:53:0,,51.0,77.6,84.4,nan,nan
2000/49/0,0:53:0,,48.2,73.9,84.8,nan,nan
2000/54/0,0:53:0,,49.4,74.6,86.3,nan,nan
2000/53/0,0:53:0,,51.0,75.4,84.7,nan,nan
2000/54/0,0:53:0,,51.9,75.5,84.5,nan,nan
2000/48/0,0:53:0,,49.0,72.9,77.9,nan,nan
2000/49/0,0:53:0,,46.6,69.6,77.2,nan,nan
2000/50/0,0:53:0,,49.1,75.3,87.5,nan,nan
2000/49/0,0:53:0,,48.3,72.0,83.1,nan,nan
2000/48/0,0:53:0,,47.5,71.3,77.7,nan,nan
2000/49/0,0:53:0,,48.2,69.5,80.5,nan,nan
2000/51/0,0:53:0,,48.4,69.2,78.7,nan,nan
2000/49/0,0:53:0,,48.5,72.1,79.6,nan,nan
2000/50/0,0:53:0,,47.5,72.8,81.7,nan,nan
2000/50/0,0:53:0,,48.7,69.8,78.7,nan,nan
2000/45/0,0:53:0,,47.3,71.3,78.6,nan,nan
2000/46/0,0:53:0,,44.5,65.9,75.4,nan,nan
2000/49/0,0:53:0,,46.4,68.4,78.3,nan,nan
2000/49/0,0:53:0,,48.9,70.9,80.1,nan,nan
2000/46/0,0:53:0,,46.4,69.7,78.3,nan,nan
2000/46/0,0:53:0,,45.8,68.8,76.6,nan,nan
2000/48/0,0:53:0,,46.5,66.7,75.7,nan,nan
2000/47/0,0:53:0,,47.6,69.6,78.7,nan,nan
2000/49/0,0:53:0,,47.3,68.9,80.0,nan,nan
2000/43/0,0:53:0,,46.2,71.0,79.3,nan,nan
2000/46/0,0:53:0,,44.1,67.0,76.7,nan,nan
2000/49/0,0:53:0,,47.5,71.5,77.0,nan,nan
2000/50/0,0:53:0,,51.1,76.4,83.3,nan,nan
2000/55/0,0:53:0,,52.0,76.5,83.6,nan,nan
2000/55/0,0:53:0,,52.0,74.5,84.6,nan,nan
2000/50/0,0:53:0,,49.9,76.5,83.4,nan,nan
2000/51/0,0:53:0,,48.6,75.2,83.5,nan,nan
2000/52/0,0:53:0,,49.9,77.6,84.6,nan,nan
2000/48/0,0:53:0,,49.2,74.9,84.7,nan,nan
2000/48/0,0:53:0,,48.4,75.0,82.9,nan,nan
2000/48/0,0:53:0,,47.8,73.8,81.7,nan,nan
2000/50/0,0:53:0,,48.5,74.7,80.8,nan,nan
2000/48/0,0:53:0,,47.8,74.5,80.1,nan,nan
2000/50/0,0:53:0,,49.0,73.8,79.4,nan,nan
2000/46/0,0:53:0,,47.3,73.4,81.2,nan,nan
2000/49/0,0:53:0,,47.9,72.8,81.6,nan,nan
2000/48/0,0:53:0,,47.0,72.0,78.6,nan,nan
2000/51/0,0:53:0,,48.0,73.2,79.4,nan,nan
2000/53/0,0:53:0,,50.7,75.1,81.9,nan,nan
2000/47/0,0:53:0,,48.3,75.1,85.4,nan,nan
2000/51/0,0:53:0,,47.3,70.5,79.9,nan,nan
2000/52/0,0:53:0,,50.1,74.3,82.4,nan,nan
2000/50/0,0:53:0,,48.8,74.7,83.1,nan,nan
2000/49/0,0:53:0,,47.9,72.4,79.6,nan,nan
2000/47/0,0:53:0,,46.9,70.8,82.3,nan,nan
2000/46/0,0:53:0,,45.6,70.4,79.0,nan,nan
2000/50/0,0:53:0,,47.8,70.9,79.7,nan,nan
2000/47/0,0:53:0,,47.5,71.4,80.5,nan,nan
2000/45/0,0:53:0,,46.3,70.8,81.2,nan,nan
2000/47/0,0:53:0,,46.0,70.7,80.6,nan,nan
2000/45/0,0:53:0,,45.0,67.9,78.7,nan,nan
2000/50/0,0:53:0,,46.8,69.0,79.2,nan,nan
2000/48/0,0:53:0,,47.5,70.3,78.7,nan,nan
2000/49/0,0:53:0,,47.4,69.5,77.8,nan,nan
2000/50/0,0:53:0,,48.6,70.3,79.1,nan,nan
2000/49/0,0:53:0,,48.7,73.3,81.3,nan,nan
2000/48/0,0:53:0,,47.8,70.0,79.2,nan,nan
2000/47/0,0:53:0,,47.5,68.7,80.5,nan,nan
2000/45/0,0:53:0,,46.3,66.4,77.6,nan,nan
2000/45/0,0:53:0,,46.2,66.9,76.3,nan,nan
2000/48/0,0:53:0,,45.8,66.5,77.5,nan,nan
2000/50/0,0:53:0,,48.6,71.4,79.0,nan,nan
2000/50/0,0:53:0,,47.9,72.8,81.0,nan,nan
2000/48/0,0:53:0,,48.2,71.6,79.4,nan,nan
2000/48/0,0:53:0,,47.1,69.2,78.0,nan,nan
2000/45/0,0:53:0,,45.9,66.8,77.5,nan,nan
2000/47/0,0:53:0,,46.5,67.7,76.1,nan,nan
2000/47/0,0:53:0,,46.6,69.8,80.3,nan,nan
2000/47/0,0:53:0,,46.5,69.4,78.3,nan,nan
2000/47/0,0:53:0,,46.6,69.3,76.2,nan,nan
2000/44/0,0:53:0,,45.9,67.3,76.0,nan,nan
2000/70/0,0:53:0,,50.2,79.0,90.1,nan,nan
2002/54/1,0:53:0,,152.1,303.0,356.6,nan,nan
2003/101/1,0:53:0,,258.3,585.5,727.0,nan,nan
2004/103/1,0:53:0,,275.7,702.2,883.1,nan,nan
2004/96/1,0:53:0,,270.5,721.0,894.0,nan,nan
2004/103/1,0:53:0,,273.7,743.4,914.9,nan,nan
2005/110/1,0:53:0,,280.6,842.2,1068.1,nan,nan
2005/101/1,0:53:0,,280.2,882.9,1151.7,nan,nan
2005/101/1,0:53:0,,276.1,878.0,1146.7,nan,nan
2005/99/1,0:53:0,,275.0,931.7,1254.0,nan,nan
2006/88/1,0:53:0,,264.9,1060.6,1432.3,nan,nan
2007/65/1,0:53:0,,245.5,1206.1,1667.5,nan,nan
2007/55/1,0:53:0,,225.2,1290.8,1858.3,nan,nan
2007/63/1,0:53:0,,226.7,1288.6,1893.9,nan,nan
2007/53/1,0:53:0,,230.7,1296.7,1911.8,nan,nan
2007/41/1,0:53:0,,217.4,1339.1,1991.6,nan,nan
2007/53/1,0:53:0,,219.8,1329.3,1959.6,nan,nan
2007/58/1,0:53:0,,227.2,1315.1,1940.2,nan,nan
2008/42/1,0:53:0,,221.3,1351.4,2033.2,nan,nan
2008/40/1,0:53:0,,214.1,1389.8,2134.5,nan,nan
2008/55/1,0:53:0,,215.9,1393.0,2130.1,nan,nan
2007/49/1,0:53:0,,218.7,1379.7,2050.8,nan,nan
2007/51/1,0:53:0,,220.5,1362.4,2025.9,nan,nan
2008/43/1,0:53:0,,219.5,1367.1,2073.5,nan,nan
2009/29/1,0:53:0,,200.6,1499.7,2305.0,nan,nan
2009/29/1,0:53:0,,197.2,1565.5,2388.5,nan,nan
2008/47/1,0:53:0,,204.9,1512.5,2295.3,nan,nan
2007/63/1,0:53:0,,225.1,1365.0,2039.2,nan,nan
2007/67/1,0:53:0,,236.9,1231.9,1734.6,nan,nan
2007/76/1,0:53:0,,244.6,1217.6,1681.4,nan,nan
2007/71/1,0:53:0,,249.2,1226.7,1738.3,nan,nan
2007/72/1,0:53:0,,242.5,1233.4,1757.2,nan,nan
2007/75/1,0:53:0,,241.0,1239.4,1714.7,nan,nan
2006/72/1,0:53:0,,242.9,1204.9,1663.1,nan,nan
2006/69/1,0:53:0,,244.2,1178.3,1654.0,nan,nan
2006/70/1,0:53:0,,244.2,1123.2,1558.0,nan,nan
2006/76/1,0:53:0,,247.8,1098.4,1520.2,nan,nan
2006/82/1,0:53:0,,249.4,1125.2,1583.1,nan,nan
2006/85/1,0:53:0,,255.5,1145.5,1597.2,nan,nan
2006/85/1,0:53:0,,258.7,1145.1,1540.3,nan,nan
2006/79/1,0:53:0,,254.5,1123.8,1517.3,nan,nan
2006/81/1,0:53:0,,250.5,1089.5,1500.1,nan,nan
2006/83/1,0:53:0,,254.2,1055.7,1434.9,nan,nan
2006/86/1,0:53:0,,258.2,1028.4,1380.3,nan,nan
2005/86/1,0:53:0,,258.6,1021.0,1375.2,nan,nan
2005/85/1,0:53:0,,257.2,987.6,1344.2,nan,nan
2005/81/1,0:53:0,,258.7,965.8,1307.6,nan,nan
2005/89/1,0:53:0,,259.6,964.9,1282.3,nan,nan
2005/97/1,0:53:0,,263.4,946.1,1268.3,nan,nan
2005/100/1,0:53:0,,271.4,926.0,1221.7,nan,nan
2005/95/1,0:53:0,,271.8,916.5,1171.3,nan,nan
2005/98/1,0:53:0,,270.8,898.3,1175.7,nan,nan
2005/100/1,0:53:0,,274.4,875.0,1135.6,nan,nan
2005/98/1,0:53:0,,271.6,870.0,1087.5,nan,nan
2004/101/1,0:53:0,,270.6,847.5,1079.1,nan,nan
2004/100/1,0:53:0,,270.3,805.2,1040.8,nan,nan
2004/93/1,0:53:0,,270.6,785.9,1006.2,nan,nan
2004/95/1,0:53:0,,269.7,763.0,981.8,nan,nan
2004/98/1,0:53:0,,269.3,746.2,967.6,nan,nan
2004/97/1,0:53:0,,270.6,725.7,922.6,nan,nan
2004/91/1,0:53:0,,268.6,701.8,878.4,nan,nan
2004/97/1,0:53:0,,264.5,683.6,864.1,nan,nan
2003/93/1,0:53:0,,266.4,672.8,851.5,nan,nan
2003/85/1,0:53:0,,261.5,643.1,798.4,nan,nan
2003/86/1,0:53:0,,259.0,634.9,769.2,nan,nan
2003/87/1,0:53:0,,259.8,620.5,753.9,nan,nan
2003/80/1,0:53:0,,255.7,595.7,740.2,nan,nan
2003/71/1,0:53:0,,246.8,579.2,701.8,nan,nan
2003/71/1,0:53:0,,239.2,559.9,668.5,nan,nan
2003/63/1,0:53:0,,239.1,535.6,655.0,nan,nan
2002/64/1,0:53:0,,235.0,505.3,619.3,nan,nan
2002/59/1,0:53:0,,230.9,489.2,591.5,nan,nan
2002/52/1,0:53:0,,227.1,475.0,563.1,nan,nan
2002/49/1,0:53:0,,221.6,455.7,538.7,nan,nan
2002/44/1,0:53:0,,215.0,441.1,523.8,nan,nan
2002/32/1,0:53:0,,207.4,428.8,507.6,nan,nan
2002/21/1,0:53:0,,197.5,401.1,475.1,nan,nan
2002/25/1,0:53:0,,191.5,379.5,450.3,nan,nan
2002/20/1,0:53:0,,190.9,368.8,430.1,nan,nan
2001/10/1,0:53:0,,180.6,336.5,395.8,nan,nan
2001/0/1,0:53:0,,173.2,326.4,381.6,nan,nan
2001/160/0,0:53:0,,169.2,320.2,374.4,nan,nan
2001/155/0,0:53:0,,162.5,309.2,364.2,nan,nan
2001/143/0,0:53:0,,155.4,289.7,347.2,nan,nan
2001/142/0,0:53:0,,148.7,273.0,331.8,nan,nan
2001/134/0,0:53:0,,140.6,262.6,308.7,nan,nan
2001/125/0,0:53:0,,133.0,246.8,279.3,nan,nan
2001/120/0,0:53:0,,129.0,230.2,259.8,nan,nan
2001/121/0,0:53:0,,127.5,218.9,250.4,nan,nan
2001/113/0,0:53:0,,121.9,208.6,239.3,nan,nan
2001/101/0,0:53:0,,109.0,198.2,232.7,nan,nan
2001/101/0,0:53:0,,106.0,195.2,231.6,nan,nan
2001/100/0,0:53:0,,104.2,185.9,214.3,nan,nan
2000/93/0,0:53:0,,98.6,173.0,198.1,nan,nan
2000/82/0,0:53:0,,91.8,167.0,188.1,nan,nan
2000/83/0,0:53:0,,84.6,154.5,174.3,nan,nan
2000/79/0,0:53:0,,81.8,139.6,161.0,nan,nan
2000/72/0,0:53:0,,77.8,131.0,155.2,nan,nan
2000/69/0,0:53:0,,72.5,123.0,143.3,nan,nan
2000/62/0,0:53:0,,67.8,115.8,134.6,nan,nan
2000/61/0,0:53:0,,62.5,110.0,130.8,nan,nan
2000/60/0,0:53:0,,58.6,101.8,119.4,nan,nan
2000/54/0,0:53:0,,56.7,97.7,107.9,nan,nan
2000/55/0,0:53:0,,53.9,91.3,106.7,nan,nan
2000/50/0,0:53:0,,51.9,85.1,98.5,nan,nan
2000/54/0,0:53:0,,53.4,90.9,103.8,nan,nan
2000/50/0,0:53:0,,52.1,92.7,106.9,nan,nan
2000/52/0,0:53:0,,54.1,92.8,102.3,nan,nan
2000/50/0,0:53:0,,52.3,86.7,101.4,nan,nan
2000/51/0,0:53:0,,53.3,94.1,106.6,nan,nan
2000/53/0,0:53:0,,54.5,93.4,102.5,nan,nan
2000/50/0,0:53:0,,53.5,94.5,108.8,nan,nan
2000/50/0,0:53:0,,51.6,93.7,106.0,nan,nan
2000/53/0,0:53:0,,53.0,93.7,110.5,nan,nan
2000/50/0,0:53:0,,54.1,91.1,105.8,nan,nan
2000/54/0,0:53:0,,51.5,87.1,99.8,nan,nan
2000/50/0,0:53:0,,53.1,90.1,104.9,nan,nan
2000/51/0,0:53:0,,52.1,86.3,100.3,nan,nan
2000/50/0,0:53:0,,52.9,87.7,100.5,nan,nan
2000/52/0,0:53:0,,50.6,82.6,96.0,nan,nan
2000/50/0,0:53:0,,50.9,81.7,96.0,nan,nan
2000/54/0,0:53:0,,52.2,87.8,101.7,nan,nan
2000/53/0,0:53:0,,50.8,86.9,98.4,nan,nan
2000/53/0,0:53:0,,50.8,85.2,95.5,nan,nan
2000/53/0,0:53:0,,51.0,86.3,97.5,nan,nan
2000/48/0,0:53:0,,49.8,81.8,92.8,nan,nan
2000/53/0,0:53:0,,48.5,83.6,95.0,nan,nan
2000/55/0,0:53:0,,52.9,84.2,96.2,nan,nan
2000/62/0,0:53:0,,57.6,90.7,103.1,nan,nan
2000/63/0,0:53:0,,63.6,101.9,109.9,nan,nan
2000/69/0,0:53:0,,67.1,105.9,113.6,nan,nan
2000/68/0,0:53:0,,69.0,109.4,119.9,nan,nan
2000/68/0,0:53:0,,69.2,105.8,120.5,nan,nan
2000/65/0,0:53:0,,67.5,102.5,116.7,nan,nan
2000/64/0,0:53:0,,66.2,100.2,111.1,nan,nan
2000/66/0,0:53:0,,67.0,103.6,108.0,nan,nan
2000/67/0,0:53:0,,67.4,104.8,113.3,nan,nan
2000/64/0,0:53:0,,66.9,102.7,111.0,nan,nan
2000/63/0,0:53:0,,65.9,99.1,105.9,nan,nan
2000/63/0,0:53:0,,65.4,101.1,109.4,nan,nan
2000/63/0,0:53:0,,65.0,100.2,113.2,nan,nan
2000/67/0,0:53:0,,66.7,99.7,114.2,nan,nan
2000/68/0,0:53:0,,68.5,101.9,112.4,nan,nan
2000/64/0,0:53:0,,67.0,100.2,112.5,nan,nan
2000/68/0,0:53:0,,67.7,103.7,114.6,nan,nan
2000/66/0,0:53:0,,68.5,102.8,111.9,nan,nan
2000/69/0,0:53:0,,68.1,104.7,115.2,nan,nan
2000/65/0,0:53:0,,67.0,104.2,113.7,nan,nan
2000/64/0,0:53:0,,66.2,99.5,110.9,nan,nan
2000/64/0,0:53:0,,66.3,98.1,110.5,nan,nan
2000/63/0,0:53:0,,65.4,99.8,107.1,nan,nan
2000/65/0,0:53:0,,66.8,103.4,112.8,nan,nan
2000/62/0,0:53:0,,65.0,101.0,112.7,nan,nan
2000/63/0,0:53:0,,64.4,102.3,113.4,nan,nan
2000/64/0,0:53:0,,65.5,104.8,114.1,nan,nan
2000/62/0,0:53:0,,64.7,100.3,112.0,nan,nan
2000/65/0,0:53:0,,63.6,96.7,107.8,nan,nan
2000/61/0,0:53:0,,63.2,98.8,102.1,nan,nan
2000/63/0,0:53:0,,65.1,101.5,111.9,nan,nan
2000/63/0,0:53:0,,65.4,97.8,108.3,nan,nan
2000/63/0,0:53:0,,62.9,94.3,101.7,nan,nan
2000/61/0,0:53:0,,62.5,93.0,100.4,nan,nan
2000/62/0,0:53:0,,64.5,97.5,106.1,nan,nan
2000/63/0,0:53:0,,63.7,98.7,107.7,nan,nan
2000/61/0,0:53:0,,65.2,99.4,105.9,nan,nan
2000/64/0,0:53:0,,62.5,95.6,100.0,nan,nan
2000/64/0,0:53:0,,61.5,94.1,102.9,nan,nan
2000/64/0,0:53:0,,63.7,95.2,103.7,nan,nan
2000/65/0,0:53:0,,66.2,98.0,104.8,nan,nan
2000/63/0,0:53:0,,67.7,96.8,104.5,nan,nan
2000/63/0,0:53:0,,62.1,94.7,101.7,nan,nan
2000/64/0,0:53:0,,62.4,95.1,100.5,nan,nan
2000/65/0,0:53:0,,62.8,95.0,103.0,nan,nan
2000/65/0,0:53:0,,62.5,95.1,104.5,nan,nan
2000/64/0,0:53:0,,64.4,99.1,107.5,nan,nan
2000/60/0,0:53:0,,64.5,99.8,110.7,nan,nan
2000/60/0,0:53:0,,63.0,96.3,105.9,nan,nan
2000/64/0,0:53:0,,62.7,94.7,104.6,nan,nan
2000/61/0,0:53:0,,61.7,92.4,106.9,nan,nan
2000/57/0,0:53:0,,57.0,85.8,96.3,nan,nan
2000/64/0,0:53:0,,59.8,90.5,104.7,nan,nan
2000/61/0,0:53:0,,61.6,94.4,108.2,nan,nan
2000/62/0,0:53:0,,59.5,94.1,105.4,nan,nan
2000/61/0,0:53:0,,62.6,95.6,104.4,nan,nan
2000/62/0,0:53:0,,61.5,96.7,109.7,nan,nan
2000/56/0,0:53:0,,58.4,93.2,102.8,nan,nan
2000/63/0,0:53:0,,60.7,91.7,102.0,nan,nan
2000/59/0,0:53:0,,59.8,93.5,103.8,nan,nan
2000/58/0,0:53:0,,58.4,91.1,98.1,nan,nan
2000/58/0,0:53:0,,57.8,91.2,97.3,nan,nan
2000/61/0,0:53:0,,59.4,91.4,100.2,nan,nan
2000/59/0,0:53:0,,59.6,89.8,101.4,nan,nan
2000/62/0,0:53:0,,59.7,91.0,101.2,nan,nan
2000/62/0,0:53:0,,59.7,91.0,96.2,nan,nan
2000/60/0,0:53:0,,60.1,89.8,95.2,nan,nan
2000/57/0,0:53:0,,58.4,91.3,99.6,nan,nan
2000/59/0,0:53:0,,58.0,87.7,95.4,nan,nan
2000/59/0,0:53:0,,58.5,89.0,97.7,nan,nan
2000/60/0,0:53:0,,58.4,91.6,103.3,nan,nan
2000/56/0,0:53:0,,58.1,88.3,99.7,nan,nan
2000/57/0,0:53:0,,57.0,86.4,98.8,nan,nan
2000/60/0,0:53:0,,58.2,89.8,102.4,nan,nan
2000/63/0,0:53:0,,58.9,89.6,101.4,nan,nan
2000/60/0,0:53:0,,61.3,93.6,103.4,nan,nan
2000/62/0,0:53:0,,59.2,94.5,102.2,nan,nan
2000/57/0,0:53:0,,58.7,86.7,95.3,nan,nan
2000/59/0,0:53:0,,57.8,85.5,91.5,nan,nan
2000/58/0,0:53:0,,58.8,90.2,98.1,nan,nan
2000/53/0,0:53:0,,55.7,86.9,97.3,nan,nan
2000/56/0,0:53:0,,55.0,85.7,96.3,nan,nan
2000/57/0,0:53:0,,58.1,90.6,100.3,nan,nan
2000/58/0,0:53:0,,57.6,91.3,100.8,nan,nan
2000/55/0,0:53:0,,57.3,89.1,99.5,nan,nan
2000/60/0,0:53:0,,57.0,89.6,96.3,nan,nan
2000/61/0,0:53:0,,59.0,92.5,102.2,nan,nan
2000/59/0,0:53:0,,58.6,88.6,94.6,nan,nan
2000/61/0,0:53:0,,60.1,88.5,94.8,nan,nan
2000/59/0,0:53:0,,59.7,89.2,94.5,nan,nan
2000/61/0,0:53:0,,60.0,92.8,98.7,nan,nan
2000/57/0,0:53:0,,58.9,91.3,97.4,nan,nan
2000/58/0,0:53:0,,57.5,86.0,92.0,nan,nan
2000/57/0,0:53:0,,57.7,85.0,92.2,nan,nan
2000/58/0,0:53:0,,58.2,86.9,95.7,nan,nan
2000/58/0,0:53:0,,57.5,91.6,99.5,nan,nan
2000/59/0,0:53:0,,57.9,91.0,101.4,nan,nan
2000/58/0,0:53:0,,57.4,88.4,102.2,nan,nan
2000/58/0,0:53:0,,57.8,88.2,98.1,nan,nan
2000/65/0,0:53:0,,60.6,89.0,101.3,nan,nan
2000/61/0,0:53:0,,62.2,89.8,97.7,nan,nan
2000/59/0,0:53:0,,58.8,88.8,94.2,nan,nan
2000/61/0,0:53:0,,58.8,89.6,95.5,nan,nan
2000/60/0,0:53:0,,59.0,90.6,97.0,nan,nan
2000/56/0,0:53:0,,57.6,91.6,100.6,nan,nan
2000/64/0,0:53:0,,60.7,91.2,99.7,nan,nan
2000/64/0,0:53:0,,63.7,95.6,103.6,nan,nan
2000/64/0,0:53:0,,61.4,95.2,104.9,nan,nan
2000/62/0,0:53:0,,64.2,99.2,109.4,nan,nan
2000/60/0,0:53:0,,63.3,96.3,105.6,nan,nan
2000/65/0,0:53:0,,61.3,91.9,99.3,nan,nan
2000/68/0,0:53:0,,65.9,102.9,112.3,nan,nan
2000/66/0,0:53:0,,67.8,102.5,114.5,nan,nan
2000/60/0,0:53:0,,64.9,98.3,104.4,nan,nan
2000/66/0,0:53:0,,65.1,100.9,115.6,nan,nan
2000/70/0,0:53:0,,68.8,111.4,133.0,nan,nan
2000/74/0,0:53:0,,71.7,116.3,134.6,nan,nan
2000/71/0,0:53:0,,75.5,114.9,123.5,nan,nan
2000/70/0,0:53:0,,74.5,114.3,119.7,nan,nan
2000/77/0,0:53:0,,76.1,119.2,125.4,nan,nan
2000/73/0,0:53:0,,76.8,120.7,137.1,nan,nan
2000/77/0,0:53:0,,76.8,119.3,141.9,nan,nan
2000/74/0,0:53:0,,77.6,118.0,137.2,nan,nan
2000/71/0,0:53:0,,74.6,116.7,132.3,nan,nan
2000/74/0,0:53:0,,75.3,115.4,130.4,nan,nan
2000/80/0,0:53:0,,81.8,124.7,137.2,nan,nan
2000/78/0,0:53:0,,82.5,130.2,137.9,nan,nan
2000/81/0,0:53:0,,80.6,127.2,139.1,nan,nan
2000/83/0,0:53:0,,81.6,120.7,135.6,nan,nan
2000/80/0,0:53:0,,82.2,121.7,136.6,nan,nan
2000/82/0,0:53:0,,80.1,121.3,140.1,nan,nan
2000/84/0,0:53:0,,81.8,124.1,139.1,nan,nan
2000/83/0,0:53:0,,84.6,131.7,143.5,nan,nan
2000/85/0,0:53:0,,84.4,132.6,145.7,nan,nan
2000/84/0,0:53:0,,84.0,130.8,142.3,nan,nan
2000/84/0,0:53:0,,86.5,131.6,148.0,nan,nan
2000/85/0,0:53:0,,89.0,137.4,155.6,nan,nan
2000/88/0,0:53:0,,88.9,139.8,155.5,nan,nan
2000/93/0,0:53:0,,92.9,142.6,157.9,nan,nan
2000/92/0,0:53:0,,95.8,144.0,161.1,nan,nan
2000/91/0,0:53:0,,96.2,145.9,159.2,nan,nan
2000/94/0,0:53:0,,96.6,148.8,163.9,nan,nan
2000/95/0,0:53:0,,98.5,154.2,171.0,nan,nan
2000/95/0,0:53:0,,95.4,153.3,169.7,nan,nan
2000/91/0,0:53:0,,95.1,148.3,165.0,nan,nan
2000/97/0,0:53:0,,98.0,148.0,163.0,nan,nan
2000/100/0,0:53:0,,101.0,150.7,167.9,nan,nan
2000/93/0,0:53:0,,99.8,151.7,167.9,nan,nan
2000/95/0,0:53:0,,97.7,145.3,157.3,nan,nan
2000/96/0,0:53:0,,98.9,143.4,152.7,nan,nan
2000/93/0,0:53:0,,99.3,149.0,159.9,nan,nan
2000/91/0,0:53:0,,96.0,147.8,164.8,nan,nan
2000/93/0,0:53:0,,96.4,149.7,164.7,nan,nan
2000/92/0,0:53:0,,96.7,148.1,163.2,nan,nan
2000/96/0,0:53:0,,97.6,147.7,163.6,nan,nan
2000/104/0,0:53:0,,102.2,156.0,179.0,nan,nan
2000/106/0,0:53:0,,108.7,164.6,186.4,nan,nan
2000/107/0,0:53:0,,112.2,169.1,185.5,nan,nan
2000/101/0,0:53:0,,108.9,163.5,179.8,nan,nan
2000/107/0,0:53:0,,106.9,163.1,177.7,nan,nan
2001/107/0,0:53:0,,110.4,168.4,184.3,nan,nan
2001/110/0,0:53:0,,110.9,176.3,200.8,nan,nan
2001/112/0,0:53:0,,114.6,176.1,194.4,nan,nan
2001/115/0,0:53:0,,116.0,176.9,193.5,nan,nan
2001/111/0,0:53:0,,116.2,177.3,196.1,nan,nan
2001/111/0,0:53:0,,118.3,179.7,200.5,nan,nan
2000/111/0,0:53:0,,114.6,172.7,194.5,nan,nan
2001/114/0,0:53:0,,114.4,171.3,194.7,nan,nan
2001/111/0,0:53:0,,119.6,179.4,203.5,nan,nan
2001/119/0,0:53:0,,120.1,182.5,211.2,nan,nan
2001/121/0,0:53:0,,122.8,187.8,213.3,nan,nan
2001/121/0,0:53:0,,124.1,188.9,211.4,nan,nan
2001/119/0,0:53:0,,123.7,189.0,206.8,nan,nan
2001/119/0,0:53:0,,123.6,189.0,212.8,nan,nan
2001/122/0,0:53:0,,123.9,185.8,214.4,nan,nan
2001/125/0,0:53:0,,125.7,187.5,207.4,nan,nan
2001/120/0,0:53:0,,126.6,190.7,207.2,nan,nan
2001/119/0,0:53:0,,125.4,191.5,211.1,nan,nan
2001/114/0,0:53:0,,120.8,187.4,208.1,nan,nan
2001/112/0,0:53:0,,118.4,182.4,208.7,nan,nan
2001/116/0,0:53:0,,119.7,182.4,203.6,nan,nan
2001/115/0,0:53:0,,120.4,184.1,200.7,nan,nan
2001/116/0,0:53:0,,119.2,181.9,202.2,nan,nan
2001/113/0,0:53:0,,119.5,177.1,201.7,nan,nan
2001/114/0,0:53:0,,118.9,177.3,196.4,nan,nan
2001/119/0,0:53:0,,120.5,182.8,212.8,nan,nan
2001/125/0,0:53:0,,124.5,191.0,217.4,nan,nan
2001/120/0,0:53:0,,127.6,193.9,220.0,nan,nan
2001/123/0,0:53:0,,126.6,192.2,211.4,nan,nan
2001/124/0,0:53:0,,125.0,188.2,212.1,nan,nan
2001/124/0,0:53:0,,129.8,198.1,219.2,nan,nan
2001/120/0,0:53:0,,129.5,200.6,223.5,nan,nan
2001/120/0,0:53:0,,125.6,196.4,224.8,nan,nan
2001/126/0,0:53:0,,129.0,196.6,218.5,nan,nan
2001/133/0,0:53:0,,134.3,199.9,213.4,nan,nan
2001/136/0,0:53:0,,138.6,202.1,221.8,nan,nan
2001/141/0,0:53:0,,144.2,212.5,238.5,nan,nan
2001/139/0,0:53:0,,145.0,220.0,244.3,nan,nan
2001/138/0,0:53:0,,143.2,215.7,239.9,nan,nan
2001/132/0,0:53:0,,141.2,212.1,239.4,nan,nan
2001/134/0,0:53:0,,140.4,216.1,246.7,nan,nan
2001/134/0,0:53:0,,138.5,213.8,241.4,nan,nan
2001/134/0,0:53:0,,137.2,207.0,230.4,nan,nan
2001/131/0,0:53:0,,138.3,204.3,228.7,nan,nan
2001/135/0,0:53:0,,137.5,206.5,233.4,nan,nan
2001/133/0,0:53:0,,138.3,212.9,237.8,nan,nan
2001/139/0,0:53:0,,143.2,218.9,239.3,nan,nan
2001/140/0,0:53:0,,143.7,217.8,238.8,nan,nan
2001/139/0,0:53:0,,144.5,220.2,244.8,nan,nan
2001/142/0,0:53:0,,146.0,227.7,252.8,nan,nan
2001/144/0,0:53:0,,146.8,225.4,256.7,nan,nan
