2023/2/27,11:34:38,,42.1,64.2,75.2,nan,nan
2023/2/27,11:35:5,,39.1,59.5,74.0,nan,nan
2023/2/27,11:35:14,,41.0,62.2,75.3,nan,nan
2023/2/27,11:35:50,,36.0,51.4,64.9,nan,nan
2023/2/27,11:35:59,,41.2,60.0,70.5,nan,nan
2023/2/27,11:36:8,,42.4,61.5,72.4,nan,nan
2000/42/0,0:53:0,,40.0,61.7,73.5,nan,nan
2023/2/27,11:36:30,,37.9,59.1,70.6,nan,nan
2023/2/27,11:36:39,,39.0,60.3,71.5,nan,nan
2000/41/0,0:53:0,,38.4,60.4,71.9,nan,nan
2023/2/27,11:36:57,,39.5,60.5,71.8,nan,nan
2023/2/27,11:37:6,,39.5,60.9,71.9,nan,nan
2023/2/27,11:37:15,,39.0,57.7,69.5,nan,nan
2023/2/27,11:37:24,,38.3,54.6,68.1,nan,nan
2023/2/27,11:37:33,,39.3,56.6,69.7,nan,nan
2023/2/27,11:37:43,,37.7,58.3,69.6,nan,nan
2023/2/27,11:37:51,,38.2,59.8,71.6,nan,nan
2023/2/27,11:38:1,,38.7,61.6,74.3,nan,nan
2023/2/27,11:38:10,,39.4,60.4,72.7,nan,nan
2023/2/27,11:38:19,,38.6,58.5,71.0,nan,nan
2023/2/27,11:38:28,,38.3,59.8,72.8,nan,nan
2023/2/27,11:38:37,,40.8,59.9,73.4,nan,nan
2023/2/27,11:38:46,,38.3,56.8,70.7,nan,nan
2023/2/27,11:38:55,,38.6,58.2,71.4,nan,nan
2023/2/27,11:39:4,,40.3,64.6,75.0,nan,nan
2023/2/27,11:39:14,,40.2,62.3,75.2,nan,nan
2023/2/27,11:39:23,,39.2,60.0,73.5,nan,nan
2023/2/27,11:39:32,,39.9,56.7,73.5,nan,nan
2023/2/27,11:39:41,,38.6,55.5,71.0,nan,nan
2023/2/27,11:39:50,,39.2,57.9,72.6,nan,nan
2023/2/27,11:39:59,,37.9,57.8,71.7,nan,nan
2023/2/27,11:40:8,,40.6,61.9,72.7,nan,nan
2023/2/27,11:40:17,,40.3,59.5,72.0,nan,nan
2023/2/27,11:40:26,,38.2,56.5,68.4,nan,nan
2023/2/27,11:40:36,,37.9,59.0,71.0,nan,nan
2023/2/27,11:40:45,,37.9,56.1,69.7,nan,nan
2023/2/27,11:40:54,,39.6,57.8,71.4,nan,nan
2023/2/27,11:41:3,,40.2,58.8,71.2,nan,nan
2023/2/27,11:41:12,,39.3,58.6,69.8,nan,nan
2023/2/27,11:41:22,,38.0,58.0,69.7,nan,nan
2023/2/27,11:41:31,,40.2,56.4,69.4,nan,nan
2023/2/27,11:41:40,,41.3,61.4,73.9,nan,nan
2023/2/27,11:41:49,,39.6,58.1,71.1,nan,nan
2023/2/27,11:41:58,,38.7,58.9,70.1,nan,nan
2023/2/27,11:42:7,,39.1,62.3,73.4,nan,nan
2023/2/27,11:42:16,,38.0,61.5,73.2,nan,nan
2023/2/27,11:42:26,,39.7,62.5,74.5,nan,nan
2023/2/27,11:42:35,,41.0,61.2,73.3,nan,nan
2023/2/27,11:42:44,,39.4,57.5,69.1,nan,nan
2023/2/27,11:42:53,,39.3,56.0,68.7,nan,nan
2023/2/27,11:43:2,,39.3,60.2,71.8,nan,nan
2023/2/27,11:43:11,,39.7,56.5,69.7,nan,nan
2165/165/165,165:65:20,,37.4,58.4,72.2,nan,nan
2023/2/27,11:43:29,,38.6,59.9,73.6,nan,nan
2023/2/27,11:43:39,,37.0,59.8,71.9,nan,nan
2023/2/27,11:43:48,,38.5,58.3,70.8,nan,nan
2023/2/27,11:43:57,,38.5,58.4,71.4,nan,nan
2023/2/27,11:44:6,,38.6,58.6,71.0,nan,nan
2023/2/27,11:44:15,,39.1,58.2,69.8,nan,nan
2023/2/27,11:44:24,,39.9,60.2,72.7,nan,nan
2023/2/27,11:44:33,,39.9,60.4,70.7,nan,nan
2023/2/27,11:44:42,,38.2,57.5,68.1,nan,nan
2023/2/27,11:44:52,,39.7,58.0,71.7,nan,nan
2023/2/27,11:45:0,,38.3,56.3,70.5,nan,nan
2023/2/27,11:45:10,,37.4,58.4,71.5,nan,nan
2023/2/27,11:45:19,,38.2,59.1,72.4,nan,nan
2023/2/27,11:45:28,,38.7,60.9,71.3,nan,nan
2023/2/27,11:45:37,,36.9,56.9,70.2,nan,nan
2023/2/27,11:45:47,,39.2,59.6,72.0,nan,nan
2023/2/27,11:45:56,,39.9,59.9,72.2,nan,nan
2023/2/27,11:46:5,,38.9,57.3,69.9,nan,nan
2023/2/27,11:46:14,,38.1,59.9,71.6,nan,nan
2023/2/27,11:46:23,,37.1,57.0,72.4,nan,nan
2023/2/27,11:46:33,,38.3,60.8,73.5,nan,nan
2023/2/27,11:46:42,,37.3,60.7,72.4,nan,nan
2023/2/27,11:46:51,,37.3,56.9,70.2,nan,nan
2000/41/0,0:53:0,,38.5,58.1,72.0,nan,nan
2000/39/0,0:53:0,,38.3,57.6,70.5,nan,nan
2023/2/27,11:47:18,,38.4,58.2,70.8,nan,nan
2023/2/27,11:47:27,,38.7,60.4,72.7,nan,nan
2000/37/0,0:53:0,,37.2,58.2,71.5,nan,nan
2000/38/0,0:53:0,,36.8,54.6,70.2,nan,nan
2000/41/0,0:53:0,,37.3,55.8,69.5,nan,nan
2000/41/0,0:53:0,,39.0,59.6,72.3,nan,nan
2023/2/27,11:48:13,,37.7,58.2,69.8,nan,nan
2023/2/27,11:48:22,,38.1,61.2,71.8,nan,nan
2000/43/0,0:53:0,,38.2,60.5,70.7,nan,nan
2023/2/27,11:48:40,,39.5,61.5,71.8,nan,nan
2023/2/27,11:48:49,,38.4,58.0,69.7,nan,nan
2023/2/27,11:48:58,,36.8,58.5,71.1,nan,nan
2023/2/27,11:49:7,,35.1,54.5,68.7,nan,nan
2023/2/27,11:49:16,,38.5,57.1,69.7,nan,nan
2023/2/27,11:49:25,,36.8,54.8,68.4,nan,nan
2023/2/27,11:49:34,,37.9,53.1,66.6,nan,nan
2023/2/27,11:49:44,,39.3,58.6,71.8,nan,nan
2023/2/27,11:49:53,,39.8,60.2,72.6,nan,nan
2023/2/27,11:50:2,,37.9,58.2,71.7,nan,nan
2000/39/0,0:53:0,,37.7,58.8,73.3,nan,nan
2023/2/27,11:50:20,,35.7,58.0,70.6,nan,nan
2023/2/27,11:50:29,,36.1,58.6,71.5,nan,nan
2000/45/0,0:53:0,,40.1,60.9,72.2,nan,nan
2023/2/27,11:50:47,,40.3,59.4,70.7,nan,nan
2023/2/27,11:50:57,,37.4,57.5,70.7,nan,nan
2023/2/27,11:51:6,,39.1,58.1,70.7,nan,nan
2000/40/0,0:53:0,,38.5,59.3,71.9,nan,nan
2023/2/27,11:51:24,,38.2,56.6,69.5,nan,nan
2023/2/27,11:51:33,,37.8,52.8,65.7,nan,nan
2023/2/27,11:51:42,,38.8,55.1,69.2,nan,nan
2000/42/0,0:53:0,,39.2,58.7,69.4,nan,nan
2023/2/27,11:52:0,,38.7,59.8,70.6,nan,nan
2023/2/27,11:52:9,,36.9,56.7,67.8,nan,nan
2023/2/27,11:52:18,,36.3,54.0,67.8,nan,nan
2023/2/27,11:52:27,,36.8,57.1,70.4,nan,nan
2023/2/27,11:52:36,,38.3,61.9,72.6,nan,nan
2023/2/27,11:52:45,,38.3,57.8,69.5,nan,nan
2023/2/27,11:52:54,,38.0,57.2,69.8,nan,nan
2023/2/27,11:53:4,,39.2,60.6,73.7,nan,nan
2023/2/27,11:53:13,,39.2,58.5,70.9,nan,nan
2023/2/27,11:53:22,,39.8,56.2,68.5,nan,nan
2023/2/27,11:53:30,,40.2,56.7,68.8,nan,nan
2165/165/165,165:165:43,,40.2,60.7,71.2,nan,nan
2023/2/27,11:53:49,,36.1,57.4,70.5,nan,nan
2023/2/27,11:53:58,,35.8,54.8,70.0,nan,nan
2000/44/0,0:53:0,,39.4,56.6,70.3,nan,nan
2023/2/27,11:54:16,,39.2,58.0,69.9,nan,nan
2023/2/27,11:54:25,,37.1,58.1,73.1,nan,nan
2023/2/27,11:54:35,,37.6,59.8,71.1,nan,nan
2023/2/27,11:54:44,,38.8,59.1,72.1,nan,nan
2023/2/27,11:54:53,,38.8,56.9,71.2,nan,nan
2023/2/27,11:55:2,,38.7,59.7,71.0,nan,nan
2023/2/27,11:55:11,,38.3,57.4,68.8,nan,nan
2023/2/27,11:55:20,,39.8,58.6,69.9,nan,nan
2023/2/27,11:55:29,,40.4,59.5,72.9,nan,nan
2023/2/27,11:55:38,,38.9,60.0,73.9,nan,nan
2023/2/27,11:55:47,,38.3,61.1,72.7,nan,nan
2023/2/27,11:55:56,,37.3,56.6,70.4,nan,nan
2023/2/27,11:56:5,,36.6,56.7,68.4,nan,nan
2023/2/27,11:56:15,,38.3,59.6,73.5,nan,nan
2023/2/27,11:56:24,,37.0,56.6,70.4,nan,nan
2023/2/27,11:56:33,,36.3,53.0,66.3,nan,nan
2023/2/27,11:56:42,,37.5,55.1,67.8,nan,nan
2023/2/27,11:56:51,,37.3,56.2,68.7,nan,nan
2023/2/27,11:57:0,,37.8,56.5,69.2,nan,nan
2023/2/27,11:57:9,,38.1,56.2,69.0,nan,nan
2023/2/27,11:57:18,,39.1,60.8,71.8,nan,nan
2023/2/27,11:57:27,,40.5,60.2,70.1,nan,nan
2023/2/27,11:57:36,,39.0,59.2,70.0,nan,nan
2023/2/27,11:57:46,,37.5,58.1,69.4,nan,nan
2023/2/27,11:57:55,,37.6,55.8,70.3,nan,nan
2023/2/27,11:58:4,,39.5,57.1,72.5,nan,nan
2023/2/27,11:58:13,,38.5,57.6,70.8,nan,nan
2023/2/27,11:58:22,,36.4,57.7,71.0,nan,nan
2023/2/27,11:58:31,,34.8,57.1,70.1,nan,nan
2023/2/27,11:58:40,,37.7,56.3,69.5,nan,nan
2023/2/27,11:58:49,,39.1,57.0,69.6,nan,nan
2023/2/27,11:58:58,,38.1,58.5,70.1,nan,nan
2023/2/27,11:59:7,,36.5,55.7,68.4,nan,nan
2023/2/27,11:59:16,,39.8,58.6,70.1,nan,nan
2023/2/27,11:59:25,,37.1,57.8,69.6,nan,nan
2023/2/27,11:59:35,,37.9,55.6,69.1,nan,nan
2023/2/27,11:59:44,,38.8,55.3,70.6,nan,nan
2023/2/27,11:59:53,,37.2,56.7,70.8,nan,nan
2023/2/27,12:0:2,,37.4,57.9,72.0,nan,nan
2023/2/27,12:0:11,,39.2,58.6,70.4,nan,nan
2023/2/27,12:0:20,,39.7,59.9,70.8,nan,nan
2023/2/27,12:0:29,,40.1,61.7,71.5,nan,nan
2023/2/27,12:0:39,,38.2,59.2,71.1,nan,nan
2023/2/27,12:0:47,,38.4,57.6,69.4,nan,nan
2023/2/27,12:0:56,,38.9,58.2,69.8,nan,nan
2023/2/27,12:1:6,,38.8,58.0,71.9,nan,nan
2023/2/27,12:1:15,,37.5,54.1,68.6,nan,nan
2023/2/27,12:1:24,,37.1,57.4,71.5,nan,nan
2023/2/27,12:1:33,,36.9,57.4,70.1,nan,nan
2023/2/27,12:1:42,,37.2,56.9,70.0,nan,nan
2023/2/27,12:1:51,,39.2,60.7,72.6,nan,nan
2023/2/27,12:2:0,,39.0,60.2,71.4,nan,nan
2023/2/27,12:2:9,,38.6,58.9,70.6,nan,nan
2023/2/27,12:2:19,,38.6,61.4,72.2,nan,nan
2023/2/27,12:2:28,,37.4,59.5,71.2,nan,nan
2023/2/27,12:2:37,,39.4,61.9,75.4,nan,nan
2023/2/27,12:2:46,,39.3,59.9,74.4,nan,nan
2023/2/27,12:2:55,,38.2,58.4,71.4,nan,nan
2023/2/27,12:3:4,,38.2,61.2,72.3,nan,nan
2023/2/27,12:3:13,,38.1,59.8,72.1,nan,nan
2023/2/27,12:3:22,,37.9,57.4,70.9,nan,nan
2023/2/27,12:3:31,,37.9,55.3,70.1,nan,nan
2023/2/27,12:3:40,,39.0,59.6,70.7,nan,nan
2023/2/27,12:3:49,,36.4,55.1,67.5,nan,nan
2023/2/27,12:3:59,,38.6,58.8,70.9,nan,nan
2023/2/27,12:4:8,,39.3,62.2,73.5,nan,nan
2023/2/27,12:4:17,,39.0,57.4,70.4,nan,nan
2023/2/27,12:4:26,,37.4,55.7,69.0,nan,nan
2023/2/27,12:4:36,,41.7,63.7,73.6,nan,nan
2023/2/27,12:4:45,,38.4,61.3,70.7,nan,nan
2023/2/27,12:4:54,,36.9,59.1,70.0,nan,nan
2000/42/0,0:53:0,,37.3,55.2,67.9,nan,nan
2023/2/27,12:5:12,,38.7,54.6,67.7,nan,nan
2023/2/27,12:5:21,,36.7,55.5,68.2,nan,nan
2023/2/27,12:5:30,,36.6,57.5,70.1,nan,nan
2023/2/27,12:5:39,,38.6,56.9,68.8,nan,nan
2000/40/0,0:53:0,,38.0,57.3,70.4,nan,nan
2000/41/0,0:53:0,,38.9,59.7,73.3,nan,nan
2000/42/0,0:53:0,,38.7,61.9,71.9,nan,nan
2023/2/27,12:6:16,,40.5,61.2,72.8,nan,nan
2023/2/27,12:6:25,,40.2,59.5,72.2,nan,nan
2023/2/27,12:6:34,,40.1,59.2,71.7,nan,nan
2023/2/27,12:6:43,,39.2,58.8,71.5,nan,nan
2023/2/27,12:6:52,,38.7,56.5,69.8,nan,nan
2023/2/27,12:7:1,,37.5,55.0,66.8,nan,nan
2023/2/27,12:7:11,,38.7,57.3,71.4,nan,nan
2000/43/0,0:53:0,,39.7,60.1,73.3,nan,nan
2023/2/27,12:7:29,,38.7,58.2,73.3,nan,nan
2023/2/27,12:7:38,,38.5,59.7,73.8,nan,nan
2023/2/27,12:7:47,,38.9,56.7,69.8,nan,nan
2023/2/27,12:7:56,,37.1,53.1,68.8,nan,nan
2023/2/27,12:8:5,,36.9,56.8,69.9,nan,nan
2023/2/27,12:8:14,,38.9,58.1,72.9,nan,nan
2023/2/27,12:8:24,,38.5,58.5,70.4,nan,nan
2023/2/27,12:8:33,,37.8,57.7,69.5,nan,nan
2023/2/27,12:8:42,,37.8,57.3,69.6,nan,nan
2023/2/27,12:8:51,,38.1,56.2,69.1,nan,nan
2023/2/27,12:9:0,,36.5,55.2,68.9,nan,nan
2023/2/27,12:9:9,,34.8,53.7,67.5,nan,nan
2023/2/27,12:9:18,,36.6,55.5,68.6,nan,nan
2023/2/27,12:9:27,,37.5,54.5,67.9,nan,nan
2023/2/27,12:9:36,,37.4,55.9,69.0,nan,nan
2023/2/27,12:9:46,,36.5,56.7,69.8,nan,nan
2023/2/27,12:9:55,,35.8,55.5,66.9,nan,nan
2023/2/27,12:10:4,,37.1,57.4,69.5,nan,nan
2023/2/27,12:10:13,,38.0,57.9,71.7,nan,nan
2023/2/27,12:10:22,,38.0,57.3,70.2,nan,nan
2023/2/27,12:10:31,,36.2,52.8,70.3,nan,nan
2023/2/27,12:10:40,,37.3,53.0,69.6,nan,nan
2023/2/27,12:10:49,,37.3,53.3,68.3,nan,nan
2023/2/27,12:10:58,,34.4,52.7,66.1,nan,nan
2023/2/27,12:11:7,,35.8,52.4,66.5,nan,nan
2023/2/27,12:11:16,,36.3,53.5,67.0,nan,nan
2023/2/27,12:11:25,,34.8,51.7,65.0,nan,nan
2023/2/27,12:11:34,,36.5,52.2,65.3,nan,nan
2023/2/27,12:11:43,,33.7,51.2,66.1,nan,nan
2023/2/27,12:11:53,,34.9,54.6,68.1,nan,nan
2165/165/165,165:165:45,,36.0,52.6,66.6,nan,nan
2023/2/27,12:12:11,,35.2,53.5,68.2,nan,nan
2023/2/27,12:12:20,,34.6,52.5,66.7,nan,nan
2023/2/27,12:12:29,,35.4,55.7,70.4,nan,nan
2023/2/27,12:12:38,,35.1,55.2,69.1,nan,nan
2023/2/27,12:12:47,,35.5,52.0,67.0,nan,nan
2023/2/27,12:12:56,,34.9,51.2,64.2,nan,nan
2023/2/27,12:13:5,,34.3,51.0,65.7,nan,nan
2023/2/27,12:13:14,,34.6,52.6,67.4,nan,nan
2023/2/27,12:13:23,,35.3,52.6,66.3,nan,nan
2023/2/27,12:13:32,,33.5,51.0,64.8,nan,nan
2023/2/27,12:13:41,,33.6,51.3,64.2,nan,nan
2023/2/27,12:13:51,,34.1,52.0,65.7,nan,nan
2023/2/27,12:14:0,,34.4,52.3,66.1,nan,nan
2023/2/27,12:14:9,,33.3,50.0,62.9,nan,nan
2023/2/27,12:14:18,,33.8,50.7,62.9,nan,nan
2023/2/27,12:14:27,,34.9,53.6,67.1,nan,nan
2023/2/27,12:14:36,,33.3,50.9,63.6,nan,nan
2023/2/27,12:14:45,,33.0,49.1,63.5,nan,nan
2000/30/0,0:53:0,,32.7,49.7,63.6,nan,nan
2023/2/27,12:15:3,,33.0,50.1,62.1,nan,nan
2023/2/27,12:15:13,,33.7,50.6,63.7,nan,nan
2023/2/27,12:15:22,,32.6,51.0,64.5,nan,nan
2023/2/27,12:15:31,,33.2,51.9,64.8,nan,nan
2023/2/27,12:15:40,,33.3,52.3,67.3,nan,nan
2000/35/0,0:53:0,,34.8,52.0,64.6,nan,nan
2023/2/27,12:15:58,,34.2,50.4,62.3,nan,nan
2000/33/0,0:53:0,,34.6,51.8,65.7,nan,nan
2000/30/0,0:53:0,,33.5,50.5,64.2,nan,nan
2000/31/0,0:53:0,,32.6,52.0,65.0,nan,nan
2000/35/0,0:53:0,,31.5,51.2,65.2,nan,nan
2000/35/0,0:53:0,,33.3,51.5,65.4,nan,nan
2023/2/27,12:16:53,,33.0,51.0,66.7,nan,nan
2023/2/27,12:17:2,,33.2,50.9,64.9,nan,nan
2023/2/27,12:17:11,,32.6,50.3,62.7,nan,nan
2023/2/27,12:17:20,,33.4,51.2,64.9,nan,nan
2023/2/27,12:17:30,,32.7,51.1,65.8,nan,nan
2023/2/27,12:17:39,,33.9,51.9,67.7,nan,nan
2023/2/27,12:17:48,,33.9,49.7,63.3,nan,nan
2023/2/27,12:17:57,,33.1,48.9,62.2,nan,nan
2023/2/27,12:18:6,,34.0,51.2,65.1,nan,nan
2023/2/27,12:18:15,,32.1,50.2,65.2,nan,nan
2023/2/27,12:18:24,,32.7,50.2,62.5,nan,nan
2023/2/27,12:18:34,,32.5,48.0,60.5,nan,nan
2023/2/27,12:18:43,,32.6,49.0,61.0,nan,nan
2023/2/27,12:18:52,,32.7,49.3,60.1,nan,nan
2023/2/27,12:19:1,,32.7,49.2,60.6,nan,nan
2023/2/27,12:19:10,,33.4,49.0,61.9,nan,nan
2023/2/27,12:19:19,,33.2,48.2,61.8,nan,nan
2023/2/27,12:19:28,,32.6,50.1,63.1,nan,nan
2023/2/27,12:19:37,,32.4,50.1,61.8,nan,nan
2023/2/27,12:19:46,,31.1,47.5,60.1,nan,nan
2023/2/27,12:19:56,,31.8,48.5,62.5,nan,nan
2023/2/27,12:20:5,,32.3,50.3,63.2,nan,nan
2023/2/27,12:20:14,,32.7,49.3,62.0,nan,nan
2023/2/27,12:20:23,,32.5,48.1,61.4,nan,nan
2023/2/27,12:20:32,,32.5,49.7,61.3,nan,nan
2023/2/27,12:20:41,,32.9,50.0,61.9,nan,nan
2000/34/0,0:53:0,,32.2,50.2,63.9,nan,nan
2023/2/27,12:20:59,,32.4,50.4,61.8,nan,nan
2023/2/27,12:21:8,,31.9,48.9,59.7,nan,nan
2023/2/27,12:21:17,,31.8,47.5,61.0,nan,nan
2023/2/27,12:21:27,,33.2,50.4,63.7,nan,nan
2023/2/27,12:21:36,,32.4,49.9,63.2,nan,nan
2023/2/27,12:21:45,,31.3,47.6,59.6,nan,nan
2023/2/27,12:21:54,,31.8,49.2,61.2,nan,nan
2023/2/27,12:22:3,,32.3,48.6,61.0,nan,nan
2000/32/0,0:53:0,,31.6,45.9,57.2,nan,nan
2023/2/27,12:22:21,,31.4,45.8,58.0,nan,nan
2023/2/27,12:22:30,,31.6,45.9,58.5,nan,nan
2023/2/27,12:22:39,,30.4,47.0,59.2,nan,nan
2023/2/27,12:22:48,,30.8,48.4,62.0,nan,nan
2023/2/27,12:22:57,,30.0,46.8,60.6,nan,nan
2023/2/27,12:23:6,,31.3,47.5,60.1,nan,nan
2023/2/27,12:23:15,,30.8,45.9,56.7,nan,nan
2023/2/27,12:23:24,,30.0,45.0,56.2,nan,nan
2000/30/0,0:53:0,,30.5,45.5,55.8,nan,nan
2023/2/27,12:23:42,,30.4,45.6,56.5,nan,nan
2023/2/27,12:23:51,,30.2,46.8,58.4,nan,nan
2023/2/27,12:24:0,,31.0,46.9,57.4,nan,nan
2023/2/27,12:24:9,,31.8,47.2,57.6,nan,nan
2023/2/27,12:24:18,,31.3,47.6,61.0,nan,nan
2023/2/27,12:24:27,,31.0,46.2,59.9,nan,nan
2000/30/0,0:53:0,,30.6,45.5,57.6,nan,nan
2023/2/27,12:24:45,,31.1,47.8,61.2,nan,nan
2023/2/27,12:24:54,,31.0,46.6,59.3,nan,nan
2023/2/27,12:25:4,,31.1,46.7,59.9,nan,nan
2023/2/27,12:25:12,,31.0,45.7,56.7,nan,nan
2023/2/27,12:25:22,,30.9,46.9,57.3,nan,nan
2023/2/27,12:25:31,,31.3,46.9,58.8,nan,nan
2000/30/0,0:53:0,,30.5,44.9,55.2,nan,nan
2023/2/27,12:25:49,,32.3,48.6,60.6,nan,nan
2023/2/27,12:25:58,,32.0,49.4,63.4,nan,nan
2023/2/27,12:26:7,,29.3,44.6,56.9,nan,nan
2000/28/0,0:53:0,,29.7,43.8,54.5,nan,nan
2023/2/27,12:26:25,,30.5,44.5,56.1,nan,nan
2023/2/27,12:26:34,,31.2,48.5,61.5,nan,nan
2023/2/27,12:26:43,,31.9,47.6,60.3,nan,nan
2023/2/27,12:26:52,,31.0,47.7,60.5,nan,nan
2023/2/27,12:27:1,,30.6,47.2,58.7,nan,nan
2023/2/27,12:27:11,,30.8,47.4,59.8,nan,nan
2023/2/27,12:27:20,,31.3,47.1,60.8,nan,nan
2023/2/27,12:27:29,,31.9,48.2,61.6,nan,nan
2023/2/27,12:27:38,,31.3,46.2,58.4,nan,nan
2000/29/0,0:53:0,,30.2,45.1,55.8,nan,nan
2000/31/0,0:53:0,,31.0,47.7,56.8,nan,nan
2023/2/27,12:28:5,,31.2,46.0,55.8,nan,nan
2023/2/27,12:28:14,,31.0,46.6,58.7,nan,nan
2023/2/27,12:28:23,,30.7,46.9,58.0,nan,nan
2023/2/27,12:28:32,,31.0,46.5,56.0,nan,nan
2023/2/27,12:28:42,,30.8,46.5,57.4,nan,nan
2023/2/27,12:28:51,,30.9,45.7,55.1,nan,nan
2023/2/27,12:28:59,,30.7,44.9,54.9,nan,nan
2165/165/165,165:165:8,,31.0,44.2,53.2,nan,nan
2165/165/165,165:165:85,,30.5,44.7,53.8,nan,nan
2023/2/27,12:29:27,,29.9,45.6,57.9,nan,nan
2023/2/27,12:29:35,,30.5,46.0,58.2,nan,nan
2165/165/165,165:165:45,,30.3,46.0,56.9,nan,nan
2023/2/27,12:29:54,,29.1,45.1,58.1,nan,nan
2023/2/27,12:30:3,,28.9,44.4,55.5,nan,nan
2023/2/27,12:30:12,,29.0,43.3,52.7,nan,nan
2000/29/0,0:53:0,,29.6,43.5,51.9,nan,nan
2023/2/27,12:30:30,,29.1,42.0,50.1,nan,nan
2023/2/27,12:30:38,,29.3,42.4,50.6,nan,nan
2023/2/27,12:30:47,,28.2,42.8,50.7,nan,nan
2023/2/27,12:30:56,,28.6,43.6,54.7,nan,nan
2023/2/27,12:31:5,,29.7,44.7,56.8,nan,nan
2023/2/27,12:31:14,,30.3,45.4,55.9,nan,nan
2023/2/27,12:31:23,,30.6,45.8,56.8,nan,nan
2023/2/27,12:31:33,,28.7,43.7,56.8,nan,nan
2023/2/27,12:31:41,,27.4,41.3,53.9,nan,nan
2023/2/27,12:31:51,,28.7,42.1,53.0,nan,nan
2023/2/27,12:32:0,,29.6,44.0,54.4,nan,nan
2023/2/27,12:32:9,,29.7,45.1,56.3,nan,nan
2023/2/27,12:32:18,,30.0,46.7,56.7,nan,nan
2023/2/27,12:32:27,,29.3,44.7,55.2,nan,nan
2023/2/27,12:32:36,,29.7,45.3,54.1,nan,nan
2023/2/27,12:32:45,,28.8,44.0,56.2,nan,nan
2023/2/27,12:32:54,,28.2,44.6,56.9,nan,nan
2023/2/27,12:33:4,,29.9,45.9,56.1,nan,nan
2023/2/27,12:33:13,,28.5,43.8,54.8,nan,nan
2000/24/0,0:53:0,,27.4,42.0,52.2,nan,nan
2023/2/27,12:33:31,,27.9,42.6,55.0,nan,nan
2023/2/27,12:33:40,,28.0,43.2,53.6,nan,nan
2023/2/27,12:33:49,,28.3,42.9,51.4,nan,nan
2023/2/27,12:33:58,,28.7,44.4,55.3,nan,nan
2023/2/27,12:34:7,,28.0,44.6,56.6,nan,nan
2000/27/0,0:53:0,,28.3,42.6,53.6,nan,nan
2023/2/27,12:34:25,,29.0,44.2,53.9,nan,nan
2023/2/27,12:34:34,,29.7,45.1,56.8,nan,nan
2000/26/0,0:53:0,,29.5,44.3,56.6,nan,nan
2023/2/27,12:34:52,,29.3,44.1,54.9,nan,nan
2023/2/27,12:35:1,,30.2,45.0,57.9,nan,nan
2023/2/27,12:35:10,,30.0,44.9,57.8,nan,nan
2023/2/27,12:35:19,,29.3,43.4,52.6,nan,nan
2023/2/27,12:35:28,,28.6,42.4,51.9,nan,nan
2000/27/0,0:53:0,,29.6,43.4,54.1,nan,nan
2165/45/27,12:35:46,,30.0,43.9,54.7,nan,nan
2023/2/27,12:35:55,,28.6,43.3,53.3,nan,nan
2023/2/27,12:36:4,,28.4,44.8,55.5,nan,nan
2023/2/27,12:36:13,,29.0,44.1,54.9,nan,nan
2023/2/27,12:36:22,,29.5,44.2,55.0,nan,nan
2023/2/27,12:36:31,,28.4,44.4,54.8,nan,nan
2023/2/27,12:36:40,,28.0,43.0,53.5,nan,nan
2023/2/27,12:36:49,,28.6,41.9,51.2,nan,nan
2000/25/0,0:53:0,,28.9,41.0,49.5,nan,nan
2023/2/27,12:37:7,,28.2,41.0,49.1,nan,nan
2023/2/27,12:37:16,,29.0,43.7,51.2,nan,nan
2023/2/27,12:37:25,,28.4,42.8,51.8,nan,nan
2023/2/27,12:37:34,,28.0,43.2,54.2,nan,nan
2023/2/27,12:37:43,,28.9,43.6,55.1,nan,nan
2165/165/165,45:37:52,,28.6,41.7,52.9,nan,nan
2023/2/27,12:38:1,,28.7,43.4,53.5,nan,nan
2023/2/27,12:38:10,,28.9,43.6,53.0,nan,nan
2023/2/27,12:38:19,,28.9,43.0,51.9,nan,nan
2023/2/27,12:38:28,,29.7,44.6,54.5,nan,nan
2023/2/27,12:38:37,,29.1,44.7,56.8,nan,nan
2023/2/27,12:38:46,,30.3,45.1,56.7,nan,nan
2023/2/27,12:38:55,,29.1,45.3,56.4,nan,nan
2023/2/27,12:39:4,,27.9,44.4,55.8,nan,nan
2023/2/27,12:39:13,,28.6,43.6,54.7,nan,nan
2023/2/27,12:39:22,,28.7,42.7,52.0,nan,nan
2023/2/27,12:39:31,,28.3,41.0,49.4,nan,nan
2000/24/0,0:53:0,,27.9,41.0,50.3,nan,nan
2023/2/27,12:39:49,,29.4,44.6,54.8,nan,nan
2023/2/27,12:39:58,,29.1,43.2,54.6,nan,nan
2023/2/27,12:40:7,,27.2,39.4,51.1,nan,nan
2023/2/27,12:40:16,,27.2,42.0,55.2,nan,nan
2023/2/27,12:40:25,,27.3,42.2,53.0,nan,nan
2023/2/27,12:40:34,,28.0,41.8,50.0,nan,nan
2023/2/27,12:40:43,,27.5,40.8,49.6,nan,nan
2023/2/27,12:40:52,,27.5,40.5,50.8,nan,nan
2000/23/0,0:53:0,,27.6,41.2,50.3,nan,nan
2023/2/27,12:41:10,,28.1,41.2,51.4,nan,nan
2023/2/27,12:41:20,,28.6,42.4,53.9,nan,nan
2023/2/27,12:41:29,,28.5,42.9,53.3,nan,nan
2023/2/27,12:41:38,,28.3,41.8,51.3,nan,nan
2023/2/27,12:41:47,,27.7,43.3,54.6,nan,nan
2023/2/27,12:41:56,,28.4,44.0,53.3,nan,nan
2023/2/27,12:42:5,,28.0,43.9,53.0,nan,nan
2023/2/27,12:42:14,,28.2,43.5,51.9,nan,nan
2023/2/27,12:42:23,,26.5,41.7,50.0,nan,nan
2023/2/27,12:42:32,,27.9,41.7,49.7,nan,nan
2023/2/27,12:42:41,,28.0,41.2,49.4,nan,nan
2023/2/27,12:42:50,,28.1,41.8,51.8,nan,nan
2023/2/27,12:42:59,,28.9,44.1,54.7,nan,nan
2000/23/0,0:53:0,,28.1,42.9,54.0,nan,nan
2023/2/27,12:43:17,,27.9,40.2,51.2,nan,nan
2023/2/27,12:43:26,,27.3,39.3,48.8,nan,nan
2023/2/27,12:43:35,,28.0,39.6,49.3,nan,nan
2000/21/0,0:53:0,,27.7,39.8,48.9,nan,nan
2023/2/27,12:43:53,,27.9,42.3,54.1,nan,nan
2000/23/0,0:53:0,,27.7,42.2,52.1,nan,nan
2023/2/27,12:44:11,,28.0,41.0,49.9,nan,nan
2023/2/27,12:44:20,,28.1,42.5,52.3,nan,nan
2023/2/27,12:44:29,,27.8,43.4,54.0,nan,nan
2023/2/27,12:44:38,,28.0,43.6,52.7,nan,nan
2023/2/27,12:44:47,,28.9,44.1,53.8,nan,nan
2000/23/0,0:53:0,,28.3,43.3,54.4,nan,nan
2023/2/27,12:45:6,,27.5,41.4,51.1,nan,nan
2023/2/27,12:45:15,,27.9,43.5,53.6,nan,nan
2023/2/27,12:45:24,,28.6,43.0,52.1,nan,nan
2000/21/0,0:53:0,,27.0,42.3,52.5,nan,nan
2023/2/27,12:45:42,,27.0,42.2,50.2,nan,nan
2023/2/27,12:45:51,,26.3,40.8,48.0,nan,nan
2023/2/27,12:46:0,,27.5,42.8,53.2,nan,nan
2023/2/27,12:46:9,,28.2,42.2,53.3,nan,nan
2023/2/27,12:46:18,,27.9,40.2,52.2,nan,nan
2000/22/0,0:53:0,,27.5,39.8,47.0,nan,nan
2000/21/0,0:53:0,,27.7,41.4,48.8,nan,nan
2000/21/0,0:53:0,,27.1,39.7,50.2,nan,nan
2023/2/27,12:46:54,,27.3,40.2,49.8,nan,nan
2023/2/27,12:47:3,,27.6,41.3,49.1,nan,nan
2023/2/27,12:47:12,,27.4,40.7,47.9,nan,nan
2000/20/0,0:53:0,,27.2,39.5,47.7,nan,nan
2000/20/0,0:53:0,,26.3,38.3,46.4,nan,nan
2023/2/27,12:47:39,,26.5,38.1,46.0,nan,nan
2165/165/165,165:165:85,,27.3,41.3,50.5,nan,nan
2023/2/27,12:47:57,,27.3,40.5,47.8,nan,nan
2023/2/27,12:48:6,,27.5,41.3,49.4,nan,nan
2023/2/27,12:48:15,,28.0,43.2,54.1,nan,nan
2165/165/165,12:48:25,,27.3,42.3,52.1,nan,nan
2023/2/27,12:48:33,,27.4,41.8,51.2,nan,nan
2023/2/27,12:48:43,,26.4,38.7,48.1,nan,nan
2023/2/27,12:48:52,,27.4,40.9,49.6,nan,nan
2023/2/27,12:49:1,,27.1,39.1,46.4,nan,nan
2023/2/27,12:49:10,,27.1,38.8,45.7,nan,nan
2023/2/27,12:49:19,,27.7,42.2,53.0,nan,nan
2023/2/27,12:49:28,,27.1,41.5,50.7,nan,nan
2023/2/27,12:49:37,,25.8,40.0,47.8,nan,nan
2000/25/0,0:53:0,,26.0,39.6,48.5,nan,nan
2023/2/27,12:49:54,,27.0,41.0,50.8,nan,nan
2023/2/27,12:50:4,,27.5,41.9,52.4,nan,nan
2023/2/27,12:50:13,,26.9,42.6,53.7,nan,nan
2023/2/27,12:50:22,,27.6,42.5,53.4,nan,nan
2023/2/27,12:50:31,,28.0,42.4,51.3,nan,nan
2023/2/27,12:50:40,,27.5,41.5,51.8,nan,nan
2165/165/165,165:165:49,,27.0,43.0,54.3,nan,nan
2023/2/27,12:50:58,,27.7,42.4,55.3,nan,nan
2023/2/27,12:51:7,,27.3,41.3,51.0,nan,nan
2023/2/27,12:51:17,,28.0,42.2,51.1,nan,nan
2023/2/27,12:51:26,,27.7,41.9,51.3,nan,nan
2023/2/27,12:51:35,,26.9,39.4,47.4,nan,nan
2023/2/27,12:51:44,,28.0,39.4,48.5,nan,nan
2023/2/27,12:51:53,,27.4,42.3,52.0,nan,nan
2023/2/27,12:52:2,,27.7,41.2,50.4,nan,nan
2023/2/27,12:52:11,,26.8,40.6,49.9,nan,nan
2023/2/27,12:52:20,,26.8,40.1,48.5,nan,nan
2023/2/27,12:52:30,,27.1,40.8,50.8,nan,nan
2023/2/27,12:52:39,,27.4,41.7,49.9,nan,nan
2023/2/27,12:52:48,,27.2,40.9,52.7,nan,nan
2023/2/27,12:52:57,,27.1,42.5,52.5,nan,nan
2023/2/27,12:53:6,,26.8,40.3,50.8,nan,nan
2023/2/27,12:53:15,,26.0,39.3,48.2,nan,nan
2023/2/27,12:53:24,,26.7,39.5,46.8,nan,nan
2023/2/27,12:53:33,,26.5,39.6,48.1,nan,nan
2023/2/27,12:53:42,,27.1,39.2,47.5,nan,nan
2023/2/27,12:53:52,,27.9,41.3,51.9,nan,nan
2023/2/27,12:54:1,,27.0,41.2,50.6,nan,nan
2023/2/27,12:54:10,,26.7,40.6,49.8,nan,nan
2023/2/27,12:54:19,,27.3,40.0,47.2,nan,nan
2023/2/27,12:54:28,,27.1,42.2,52.0,nan,nan
2023/2/27,12:54:37,,26.8,41.2,50.1,nan,nan
2023/2/27,12:54:46,,27.0,41.7,52.5,nan,nan
2023/2/27,12:54:55,,26.1,38.4,48.4,nan,nan
2023/2/27,12:55:4,,26.2,39.4,47.5,nan,nan
2023/2/27,12:55:13,,26.9,39.5,49.9,nan,nan
2023/2/27,12:55:23,,26.5,39.6,49.7,nan,nan
2023/2/27,12:55:32,,27.5,41.4,51.1,nan,nan
2165/165/165,165:165:47,,27.0,41.3,50.5,nan,nan
2023/2/27,12:55:50,,26.9,40.8,49.4,nan,nan
2023/2/27,12:55:59,,26.7,39.2,47.1,nan,nan
2023/2/27,12:56:8,,26.6,38.0,45.4,nan,nan
2023/2/27,12:56:17,,26.7,40.3,49.4,nan,nan
2023/2/27,12:56:26,,28.0,41.3,50.2,nan,nan
2023/2/27,12:56:35,,26.7,39.7,48.3,nan,nan
2023/2/27,12:56:44,,25.6,39.7,46.8,nan,nan
2000/21/0,0:53:0,,27.2,40.2,48.1,nan,nan
2023/2/27,12:57:2,,27.0,39.0,47.3,nan,nan
2023/2/27,12:57:11,,26.6,37.9,46.2,nan,nan
2023/2/27,12:57:20,,27.0,36.8,45.1,nan,nan
2023/2/27,12:57:29,,26.5,38.8,47.6,nan,nan
2023/2/27,12:57:38,,24.7,36.2,43.1,nan,nan
2023/2/27,12:57:47,,23.9,36.0,42.7,nan,nan
2023/2/27,12:57:56,,25.7,40.1,51.5,nan,nan
2023/2/27,12:58:5,,26.1,39.0,48.2,nan,nan
2023/2/27,12:58:14,,26.0,39.9,48.8,nan,nan
2023/2/27,12:58:24,,26.9,41.5,49.2,nan,nan
2023/2/27,12:58:33,,26.7,40.8,48.0,nan,nan
2023/2/27,12:58:42,,26.6,38.1,46.4,nan,nan
2023/2/27,12:58:51,,26.0,39.2,50.3,nan,nan
2023/2/27,12:59:0,,26.0,39.6,48.7,nan,nan
2023/2/27,12:59:9,,26.3,40.3,49.1,nan,nan
2023/2/27,12:59:18,,24.8,39.7,47.9,nan,nan
2023/2/27,12:59:27,,26.0,40.1,47.5,nan,nan
2023/2/27,12:59:36,,26.4,38.9,45.9,nan,nan
2023/2/27,12:59:45,,26.2,38.5,47.5,nan,nan
2023/2/27,12:59:54,,26.6,39.9,47.6,nan,nan
2023/2/27,13:0:3,,27.5,39.0,46.3,nan,nan
2023/2/27,13:0:13,,26.8,40.2,47.7,nan,nan
2000/20/0,0:53:0,,26.0,39.5,46.8,nan,nan
2023/2/27,13:0:30,,27.2,39.5,45.9,nan,nan
2023/2/27,13:0:39,,27.3,39.1,47.4,nan,nan
2023/2/27,13:0:48,,26.5,40.4,49.4,nan,nan
2023/2/27,13:0:58,,25.4,38.4,47.0,nan,nan
2023/2/27,13:1:7,,25.9,39.0,49.7,nan,nan
2023/2/27,13:1:16,,25.1,38.1,47.7,nan,nan
2023/2/27,13:1:24,,26.1,39.9,48.1,nan,nan
2023/2/27,13:1:33,,26.6,38.6,46.7,nan,nan
2023/2/27,13:1:43,,26.7,40.5,49.8,nan,nan
2023/2/27,13:1:52,,26.2,41.1,51.9,nan,nan
2023/2/27,13:2:1,,25.2,37.7,47.8,nan,nan
2023/2/27,13:2:10,,24.5,37.5,49.4,nan,nan
2023/2/27,13:2:19,,24.3,37.8,47.7,nan,nan
2023/2/27,13:2:27,,24.5,38.4,46.8,nan,nan
2023/2/27,13:2:36,,25.7,38.9,48.3,nan,nan
2023/2/27,13:2:45,,25.2,37.2,45.5,nan,nan
2023/2/27,13:2:55,,25.6,39.4,46.6,nan,nan
2023/2/27,13:3:3,,25.1,39.6,47.8,nan,nan
2000/21/0,0:53:0,,26.2,38.9,46.3,nan,nan
2023/2/27,13:3:21,,26.4,38.7,47.7,nan,nan
2000/25/0,0:53:0,,26.1,38.5,47.1,nan,nan
2023/2/27,13:3:40,,25.5,38.9,48.2,nan,nan
2023/2/27,13:3:49,,25.8,39.0,48.1,nan,nan
2000/25/0,0:53:0,,25.3,37.5,45.7,nan,nan
2023/2/27,13:4:6,,25.3,36.8,43.9,nan,nan
2023/2/27,13:4:16,,25.3,38.1,47.3,nan,nan
2023/2/27,13:4:25,,25.9,39.3,49.6,nan,nan
2023/2/27,13:4:34,,25.8,39.2,48.0,nan,nan
2023/2/27,13:4:43,,25.2,38.8,49.8,nan,nan
2023/2/27,13:4:52,,26.4,38.9,48.5,nan,nan
2023/2/27,13:5:1,,26.4,39.8,49.6,nan,nan
2023/2/27,13:5:10,,25.6,38.2,49.1,nan,nan
2023/2/27,13:5:19,,25.7,37.6,49.4,nan,nan
2023/2/27,13:5:28,,25.5,37.6,50.1,nan,nan
2023/2/27,13:5:37,,25.8,36.3,46.4,nan,nan
2045/2/27,13:5:46,,26.4,38.0,47.7,nan,nan
2165/165/165,165:165:65,,26.0,38.2,46.0,nan,nan
2023/2/27,13:6:4,,26.0,38.0,45.0,nan,nan
2023/2/27,13:6:13,,26.7,38.5,45.0,nan,nan
2023/2/27,13:6:21,,27.5,38.3,43.7,nan,nan
2000/20/0,0:53:0,,27.5,38.0,44.3,nan,nan
2023/2/27,13:6:39,,25.9,38.4,45.5,nan,nan
2000/25/0,0:53:0,,26.7,38.8,45.7,nan,nan
2023/2/27,13:6:57,,25.7,36.0,41.8,nan,nan
2023/2/27,13:7:6,,25.5,37.4,46.4,nan,nan
2023/2/27,13:7:15,,26.9,38.0,46.9,nan,nan
2023/2/27,13:7:24,,26.1,39.3,47.4,nan,nan
2000/20/0,0:53:0,,25.9,39.0,47.9,nan,nan
2165/165/165,85:7:43,,26.1,38.8,46.2,nan,nan
2023/2/27,13:7:52,,25.1,35.7,43.4,nan,nan
2023/2/27,13:8:1,,24.5,35.4,43.2,nan,nan
2023/2/27,13:8:10,,25.7,38.9,46.3,nan,nan
2023/2/27,13:8:19,,25.9,41.0,49.0,nan,nan
2023/2/27,13:8:28,,27.0,38.9,45.9,nan,nan
2023/2/27,13:8:37,,26.6,38.2,45.8,nan,nan
2023/2/27,13:8:46,,26.5,39.0,46.4,nan,nan
2023/2/27,13:8:55,,25.3,37.0,43.3,nan,nan
2023/2/27,13:9:4,,24.7,35.6,41.0,nan,nan
2023/2/27,13:9:13,,26.0,36.2,42.8,nan,nan
2023/2/27,13:9:22,,26.0,36.3,43.8,nan,nan
2023/2/27,13:9:31,,26.3,40.2,49.4,nan,nan
2023/2/27,13:9:40,,26.0,40.6,51.6,nan,nan
2023/2/27,13:9:49,,26.5,39.5,49.2,nan,nan
2023/2/27,13:9:58,,26.4,38.8,46.1,nan,nan
2023/2/27,13:10:7,,26.0,37.2,44.8,nan,nan
2023/2/27,13:10:16,,26.1,36.3,43.3,nan,nan
2023/2/27,13:10:25,,26.5,36.9,43.4,nan,nan
2023/2/27,13:10:34,,26.0,37.9,44.9,nan,nan
2023/2/27,13:10:43,,26.2,39.5,47.7,nan,nan
2023/2/27,13:10:52,,26.3,38.7,46.9,nan,nan
2023/2/27,13:11:1,,25.8,40.2,47.7,nan,nan
2023/2/27,13:11:10,,25.6,38.1,45.7,nan,nan
2023/2/27,13:11:19,,25.1,39.1,46.6,nan,nan
2023/2/27,13:11:28,,26.1,39.3,47.0,nan,nan
2023/2/27,13:11:37,,26.8,38.9,47.0,nan,nan
2023/2/27,13:11:46,,25.6,38.6,45.6,nan,nan
2023/2/27,13:11:56,,25.7,40.6,47.9,nan,nan
2023/2/27,13:12:5,,25.6,38.3,46.5,nan,nan
2023/2/27,13:12:13,,25.3,35.4,45.9,nan,nan
2023/2/27,13:12:23,,25.4,37.3,47.9,nan,nan
2023/2/27,13:12:32,,25.5,38.9,48.8,nan,nan
2023/2/27,13:12:41,,27.2,38.8,48.9,nan,nan
2023/2/27,13:12:49,,26.7,36.9,47.3,nan,nan
2023/2/27,13:12:59,,26.1,38.3,48.3,nan,nan
2023/2/27,13:13:8,,26.4,40.1,48.1,nan,nan
2023/2/27,13:13:17,,26.4,38.7,46.0,nan,nan
2023/2/27,13:13:26,,26.1,39.0,48.6,nan,nan
2000/25/0,0:53:0,,25.9,38.5,51.6,nan,nan
2023/2/27,13:13:44,,26.0,39.2,51.8,nan,nan
2023/2/27,13:13:53,,24.2,35.9,43.6,nan,nan
2023/2/27,13:14:2,,25.6,35.4,40.6,nan,nan
2023/2/27,13:14:11,,26.7,36.1,42.2,nan,nan
2023/2/27,13:14:20,,27.6,40.8,48.6,nan,nan
2023/2/27,13:14:29,,26.3,39.2,46.4,nan,nan
2023/2/27,13:14:38,,26.8,40.3,47.4,nan,nan
2023/2/27,13:14:47,,26.1,40.5,49.9,nan,nan
2023/2/27,13:14:56,,25.7,37.5,46.3,nan,nan
2000/21/0,0:53:0,,25.3,35.6,40.4,nan,nan
2023/2/27,13:15:14,,25.5,36.8,41.7,nan,nan
2023/2/27,13:15:23,,26.7,39.0,48.1,nan,nan
2165/165/165,165:15:32,,25.9,40.0,50.6,nan,nan
2023/2/27,13:15:41,,25.9,40.6,49.8,nan,nan
2023/2/27,13:15:51,,24.9,37.9,47.8,nan,nan
2023/2/27,13:15:59,,25.7,38.9,47.8,nan,nan
2023/2/27,13:16:8,,26.2,38.3,47.9,nan,nan
2023/2/27,13:16:17,,25.5,37.3,46.4,nan,nan
2023/2/27,13:16:27,,24.6,38.7,46.7,nan,nan
2000/25/0,0:53:0,,25.9,37.6,44.8,nan,nan
2023/2/27,13:16:44,,26.8,37.8,45.0,nan,nan
2023/2/27,13:16:53,,26.2,37.8,44.7,nan,nan
2023/2/27,13:17:2,,26.0,38.0,45.0,nan,nan
2023/2/27,13:17:11,,25.9,37.4,45.1,nan,nan
2023/2/27,13:17:20,,25.0,36.8,43.2,nan,nan
2023/2/27,13:17:29,,25.0,38.7,48.5,nan,nan
2000/25/0,0:53:0,,26.0,38.5,48.0,nan,nan
2023/2/27,13:17:47,,26.9,38.2,47.1,nan,nan
2023/2/27,13:17:56,,26.1,36.8,46.5,nan,nan
2023/2/27,13:18:5,,26.0,36.8,46.0,nan,nan
2165/7/27,13:18:14,,26.0,36.9,46.3,nan,nan
2023/2/27,13:18:22,,26.1,37.4,45.5,nan,nan
2023/2/27,13:18:31,,26.8,37.7,47.4,nan,nan
2023/2/27,13:18:41,,25.7,39.1,48.8,nan,nan
2023/2/27,13:18:50,,25.1,38.3,45.1,nan,nan
2023/2/27,13:18:59,,24.1,37.6,45.3,nan,nan
2023/2/27,13:19:8,,23.7,36.8,44.5,nan,nan
2023/2/27,13:19:17,,24.1,35.4,40.9,nan,nan
2023/2/27,13:19:26,,26.0,37.4,43.6,nan,nan
2023/2/27,13:19:35,,25.2,37.3,44.9,nan,nan
2023/2/27,13:19:44,,24.9,39.5,46.5,nan,nan
2023/2/27,13:19:53,,25.0,38.2,44.8,nan,nan
2023/2/27,13:20:2,,25.2,36.5,45.8,nan,nan
2000/24/0,0:53:0,,25.5,37.8,48.2,nan,nan
2000/23/0,0:53:0,,25.1,39.1,49.2,nan,nan
2000/20/0,0:53:0,,26.0,40.6,49.1,nan,nan
2023/2/27,13:20:38,,26.9,38.4,45.8,nan,nan
2023/2/27,13:20:47,,26.7,37.1,44.3,nan,nan
2023/2/27,13:20:56,,25.8,37.6,44.2,nan,nan
2000/20/0,0:53:0,,25.7,36.3,44.7,nan,nan
2165/165/165,85:21:13,,27.0,37.0,45.7,nan,nan
2023/2/27,13:21:22,,27.2,38.2,45.3,nan,nan
2023/2/27,13:21:32,,26.7,39.8,47.5,nan,nan
2023/2/27,13:21:40,,24.8,38.1,46.8,nan,nan
2023/2/27,13:21:49,,25.7,37.9,45.7,nan,nan
2023/2/27,13:21:59,,24.9,36.5,45.3,nan,nan
2023/2/27,13:22:7,,24.7,36.0,44.0,nan,nan
2023/2/27,13:22:16,,25.0,36.0,42.5,nan,nan
2023/2/27,13:22:26,,25.9,37.4,44.0,nan,nan
2023/2/27,13:22:35,,26.2,38.4,45.3,nan,nan
2023/2/27,13:22:44,,24.8,39.4,48.9,nan,nan
2023/2/27,13:22:53,,25.7,40.4,51.4,nan,nan
2023/2/27,13:23:2,,24.6,36.3,44.9,nan,nan
2023/2/27,13:23:11,,26.5,38.4,47.9,nan,nan
2023/2/27,13:23:20,,25.7,39.6,48.7,nan,nan
2023/2/27,13:23:29,,25.5,39.3,46.5,nan,nan
2023/2/27,13:23:38,,23.4,36.4,44.2,nan,nan
2023/2/27,13:23:47,,24.7,34.7,41.0,nan,nan
2023/2/27,13:23:56,,25.8,35.3,40.9,nan,nan
2023/2/27,13:24:5,,25.1,36.1,44.9,nan,nan
2023/2/27,13:24:14,,26.5,38.7,46.6,nan,nan
2000/25/0,0:53:0,,26.8,40.6,49.1,nan,nan
2165/165/165,13:24:33,,25.9,38.4,48.9,nan,nan
2023/2/27,13:24:41,,26.0,37.9,49.0,nan,nan
2023/2/27,13:24:51,,26.7,38.2,47.5,nan,nan
2023/2/27,13:25:0,,26.6,38.9,46.7,nan,nan
2023/2/27,13:25:9,,26.2,37.7,45.9,nan,nan
2023/2/27,13:25:18,,24.2,37.1,45.4,nan,nan
2023/2/27,13:25:27,,23.7,37.2,45.1,nan,nan
2023/2/27,13:25:36,,25.4,38.7,45.8,nan,nan
2023/2/27,13:25:45,,26.0,38.7,44.9,nan,nan
2023/2/27,13:25:54,,24.4,38.2,47.0,nan,nan
2000/25/0,0:53:0,,24.4,37.8,44.5,nan,nan
2023/2/27,13:26:12,,25.6,38.8,46.3,nan,nan
2023/2/27,13:26:21,,24.9,35.8,43.0,nan,nan
2023/2/27,13:26:30,,24.1,37.3,45.9,nan,nan
2023/2/27,13:26:39,,25.6,37.5,45.9,nan,nan
2023/2/27,13:26:49,,25.2,36.1,42.2,nan,nan
2023/2/27,13:26:58,,23.9,37.7,44.8,nan,nan
2165/165/165,13:27:7,,26.2,39.3,49.1,nan,nan
2023/2/27,13:27:16,,25.9,39.6,48.5,nan,nan
2023/2/27,13:27:25,,25.6,38.5,46.8,nan,nan
2000/24/0,0:53:0,,25.9,37.8,46.3,nan,nan
2023/2/27,13:27:42,,25.7,37.5,44.8,nan,nan
2023/2/27,13:27:52,,25.5,36.9,42.1,nan,nan
2023/2/27,13:28:1,,25.5,37.0,45.0,nan,nan
2023/2/27,13:28:10,,25.6,37.6,45.6,nan,nan
2023/2/27,13:28:19,,26.0,39.2,46.6,nan,nan
2023/2/27,13:28:28,,26.3,39.4,47.9,nan,nan
2023/2/27,13:28:37,,25.7,36.6,45.3,nan,nan
2023/2/27,13:28:45,,24.6,35.0,42.2,nan,nan
2023/2/27,13:28:54,,25.6,36.2,42.6,nan,nan
2023/2/27,13:29:3,,25.5,36.4,43.0,nan,nan
2023/2/27,13:29:12,,26.0,36.2,46.8,nan,nan
2023/2/27,13:29:21,,25.6,36.9,48.1,nan,nan
2023/2/27,13:29:30,,25.2,36.4,45.0,nan,nan
2023/2/27,13:29:39,,25.7,38.6,48.1,nan,nan
2023/2/27,13:29:48,,26.0,38.8,47.7,nan,nan
2023/2/27,13:29:57,,25.3,39.3,47.2,nan,nan
2000/23/0,0:53:0,,24.2,37.9,46.7,nan,nan
2023/2/27,13:30:15,,24.3,36.9,46.3,nan,nan
2165/2/27,13:30:24,,25.2,37.7,46.4,nan,nan
2023/2/27,13:30:34,,25.6,38.8,46.9,nan,nan
2023/2/27,13:30:43,,26.1,38.7,46.8,nan,nan
2023/2/27,13:30:52,,25.8,38.6,46.0,nan,nan
2023/2/27,13:31:0,,26.3,37.7,45.9,nan,nan
2023/2/27,13:31:10,,27.0,38.2,47.4,nan,nan
2023/2/27,13:31:19,,26.2,39.6,46.5,nan,nan
2023/2/27,13:31:28,,25.4,36.0,42.6,nan,nan
2023/2/27,13:31:37,,24.4,36.9,45.3,nan,nan
2023/2/27,13:31:46,,26.0,37.7,46.8,nan,nan
2023/2/27,13:31:55,,24.3,39.9,49.9,nan,nan
2023/2/27,13:32:4,,25.8,40.4,51.9,nan,nan
2000/23/0,0:53:0,,25.7,38.7,47.2,nan,nan
2000/24/0,0:53:0,,25.9,38.2,47.4,nan,nan
2023/2/27,13:32:31,,25.5,38.9,48.1,nan,nan
2023/2/27,13:32:40,,26.0,38.5,48.3,nan,nan
2023/2/27,13:32:50,,26.2,38.3,47.7,nan,nan
2023/2/27,13:32:58,,26.0,37.3,44.9,nan,nan
2023/2/27,13:33:8,,27.3,38.9,45.5,nan,nan
2023/2/27,13:33:17,,26.1,39.7,47.7,nan,nan
2023/2/27,13:33:26,,26.7,38.8,46.4,nan,nan
2000/22/0,0:53:0,,26.9,39.2,50.9,nan,nan
2023/2/27,13:33:44,,26.3,39.3,49.5,nan,nan
2023/2/27,13:33:53,,25.6,37.5,45.7,nan,nan
2023/2/27,13:34:2,,25.2,36.5,44.1,nan,nan
2000/25/0,0:53:0,,25.8,36.9,45.7,nan,nan
2023/2/27,13:34:20,,26.9,39.3,47.0,nan,nan
2023/2/27,13:34:29,,25.2,36.9,43.3,nan,nan
2165/165/165,165:165:45,,26.0,38.2,45.1,nan,nan
2023/2/27,13:34:47,,25.0,37.0,45.3,nan,nan
2023/2/27,13:34:56,,25.4,36.1,44.7,nan,nan
2023/2/27,13:35:5,,25.2,38.2,46.5,nan,nan
2023/2/27,13:35:14,,26.3,40.2,49.1,nan,nan
2023/2/27,13:35:23,,25.4,38.7,49.2,nan,nan
2023/2/27,13:35:33,,24.8,36.5,45.9,nan,nan
2000/25/0,0:53:0,,25.6,38.3,46.4,nan,nan
2000/21/0,0:53:0,,26.9,39.5,47.6,nan,nan
2023/2/27,13:36:0,,27.4,38.2,45.8,nan,nan
2000/24/0,0:53:0,,25.7,37.1,42.9,nan,nan
2023/2/27,13:36:18,,26.0,38.4,45.5,nan,nan
2023/2/27,13:36:27,,26.5,38.7,46.1,nan,nan
2023/2/27,13:36:36,,26.2,37.7,44.0,nan,nan
2023/2/27,13:36:44,,26.6,37.2,43.8,nan,nan
2023/2/27,13:36:54,,25.4,35.7,42.1,nan,nan
2023/2/27,13:37:3,,23.9,36.4,45.5,nan,nan
2023/2/27,13:37:12,,24.4,37.5,47.7,nan,nan
2023/2/27,13:37:21,,25.5,38.5,47.2,nan,nan
2023/2/27,13:37:30,,26.3,37.3,44.6,nan,nan
2023/2/27,13:37:39,,27.0,36.1,41.9,nan,nan
2023/2/27,13:37:48,,27.0,37.0,42.7,nan,nan
2023/2/27,13:37:56,,26.8,38.4,44.4,nan,nan
2000/25/0,0:53:0,,26.1,38.0,45.7,nan,nan
2023/2/27,13:38:14,,26.5,38.6,48.1,nan,nan
2000/23/0,0:53:0,,25.4,39.9,49.9,nan,nan
2023/2/27,13:38:33,,24.1,39.3,48.7,nan,nan
2023/2/27,13:38:42,,25.0,40.6,49.3,nan,nan
2023/2/27,13:38:51,,23.8,37.8,44.8,nan,nan
2000/25/0,0:53:0,,24.7,35.7,42.4,nan,nan
2165/165/165,17:39:9,,25.8,37.5,44.2,nan,nan
2000/25/0,0:53:0,,25.0,38.0,45.8,nan,nan
2023/2/27,13:39:27,,26.0,38.3,45.2,nan,nan
2023/2/27,13:39:35,,25.7,36.8,42.1,nan,nan
2023/2/27,13:39:44,,24.3,35.0,39.0,nan,nan
2023/2/27,13:39:53,,25.4,35.4,40.7,nan,nan
2023/2/27,13:40:2,,25.0,36.0,44.1,nan,nan
2000/22/0,0:53:0,,24.8,37.7,48.4,nan,nan
2023/2/27,13:40:20,,24.0,35.8,45.2,nan,nan
2023/2/27,13:40:29,,24.9,35.6,42.7,nan,nan
2023/2/27,13:40:38,,25.4,36.0,43.0,nan,nan
2023/2/27,13:40:47,,24.7,35.8,43.0,nan,nan
2023/2/27,13:40:56,,25.0,35.9,43.6,nan,nan
2023/2/27,13:41:5,,26.3,35.7,43.8,nan,nan
2023/2/27,13:41:14,,27.0,37.6,44.7,nan,nan
2023/2/27,13:41:23,,26.2,36.9,45.1,nan,nan
2023/2/27,13:41:32,,26.0,38.1,45.0,nan,nan
2023/2/27,13:41:41,,25.6,37.9,44.5,nan,nan
2023/2/27,13:41:50,,26.2,38.6,47.1,nan,nan
2023/2/27,13:41:59,,25.3,37.3,46.5,nan,nan
2023/2/27,13:42:9,,24.5,37.2,45.6,nan,nan
2023/2/27,13:42:18,,25.3,37.1,44.1,nan,nan
2023/2/27,13:42:27,,24.5,38.7,45.4,nan,nan
2023/2/27,13:42:36,,25.4,37.5,45.4,nan,nan
2023/2/27,13:42:45,,25.4,38.2,47.9,nan,nan
2023/2/27,13:42:54,,26.5,40.0,47.5,nan,nan
2023/2/27,13:43:3,,25.7,39.9,48.5,nan,nan
2023/2/27,13:43:12,,26.6,40.1,47.6,nan,nan
2023/2/27,13:43:21,,24.6,36.0,43.6,nan,nan
2023/2/27,13:43:30,,24.4,36.1,46.4,nan,nan
2023/2/27,13:43:39,,24.0,35.1,44.3,nan,nan
2023/2/27,13:43:48,,23.4,33.9,39.3,nan,nan
2023/2/27,13:43:57,,23.8,33.8,37.9,nan,nan
2023/2/27,13:44:6,,25.6,34.6,39.7,nan,nan
2023/2/27,13:44:15,,27.4,39.7,46.8,nan,nan
2023/2/27,13:44:24,,24.8,37.1,45.9,nan,nan
2023/2/27,13:44:33,,25.3,35.7,44.9,nan,nan
2023/2/27,13:44:42,,25.7,36.2,44.7,nan,nan
2023/2/27,13:44:51,,26.7,38.4,45.0,nan,nan
2023/2/27,13:45:0,,26.1,38.9,48.0,nan,nan
2023/2/27,13:45:9,,24.7,36.8,47.6,nan,nan
2023/2/27,13:45:18,,26.0,37.5,46.5,nan,nan
2023/2/27,13:45:27,,26.4,39.3,49.7,nan,nan
2023/2/27,13:45:36,,25.5,37.8,46.4,nan,nan
2023/2/27,13:45:46,,25.7,37.4,45.0,nan,nan
2023/2/27,13:45:54,,24.2,36.3,45.1,nan,nan
2023/2/27,13:46:3,,25.6,37.0,47.1,nan,nan
2000/24/0,0:53:0,,25.7,36.8,46.0,nan,nan
2023/2/27,13:46:21,,25.9,37.6,45.0,nan,nan
2023/2/27,13:46:30,,26.3,37.7,46.5,nan,nan
2023/2/27,13:46:39,,26.5,36.0,44.2,nan,nan
2023/2/27,13:46:48,,26.7,36.6,42.9,nan,nan
2023/2/27,13:46:57,,26.0,39.1,48.2,nan,nan
2165/165/165,13:47:6,,26.1,40.1,48.7,nan,nan
2023/2/27,13:47:15,,27.0,39.0,46.0,nan,nan
2023/2/27,13:47:24,,26.4,37.9,44.4,nan,nan
2023/2/27,13:47:33,,26.3,38.0,45.0,nan,nan
2023/2/27,13:47:41,,26.2,37.6,44.7,nan,nan
2023/2/27,13:47:50,,25.9,38.6,45.4,nan,nan
2023/2/27,13:48:0,,23.9,37.0,45.0,nan,nan
2023/2/27,13:48:9,,23.9,35.8,43.8,nan,nan
2023/2/27,13:48:18,,25.9,37.8,45.9,nan,nan
2023/2/27,13:48:27,,24.1,35.9,42.5,nan,nan
2000/24/0,0:53:0,,24.6,35.2,42.7,nan,nan
2000/23/0,0:53:0,,25.8,37.9,48.3,nan,nan
2000/23/0,0:53:0,,25.4,38.3,46.8,nan,nan
2023/2/27,13:49:3,,25.6,35.9,42.1,nan,nan
2023/2/27,13:49:12,,26.1,36.4,44.4,nan,nan
2023/2/27,13:49:20,,25.7,39.1,48.7,nan,nan
2023/2/27,13:49:29,,25.0,38.7,48.5,nan,nan
2000/22/0,0:53:0,,25.3,37.1,46.1,nan,nan
2023/2/27,13:49:47,,25.2,36.1,42.4,nan,nan
2023/2/27,13:49:56,,26.1,37.9,43.9,nan,nan
2023/2/27,13:50:5,,26.0,38.1,44.3,nan,nan
2023/2/27,13:50:14,,25.6,38.7,48.0,nan,nan
2023/2/27,13:50:23,,25.5,38.3,46.6,nan,nan
2023/2/27,13:50:32,,25.5,38.5,46.4,nan,nan
2023/2/27,13:50:42,,25.4,39.6,47.9,nan,nan
2023/2/27,13:50:51,,25.6,39.8,48.7,nan,nan
2000/25/0,0:53:0,,25.4,38.4,46.7,nan,nan
2023/2/27,13:51:9,,26.0,39.2,45.9,nan,nan
2023/2/27,13:51:18,,26.0,38.5,45.2,nan,nan
2023/2/27,13:51:26,,26.0,36.0,45.2,nan,nan
2023/2/27,13:51:35,,26.9,36.7,46.9,nan,nan
2023/2/27,13:51:44,,25.6,37.1,45.2,nan,nan
2000/24/0,0:53:0,,25.5,38.6,47.6,nan,nan
2000/22/0,0:53:0,,24.9,38.3,45.6,nan,nan
2023/2/27,13:52:12,,25.5,38.3,45.2,nan,nan
2023/2/27,13:52:21,,25.8,38.6,50.9,nan,nan
2023/2/27,13:52:30,,25.8,37.9,47.9,nan,nan
2023/2/27,13:52:39,,26.6,39.9,49.0,nan,nan
2023/2/27,13:52:48,,25.4,38.4,48.9,nan,nan
2023/2/27,13:52:58,,25.4,37.9,44.7,nan,nan
2000/23/0,0:53:0,,25.6,38.3,45.1,nan,nan
2023/2/27,13:53:16,,23.8,37.4,43.9,nan,nan
2000/20/0,0:53:0,,22.7,37.7,44.7,nan,nan
2000/24/0,0:53:0,,25.3,39.7,47.6,nan,nan
2023/2/27,13:53:43,,26.4,39.0,47.7,nan,nan
2023/2/27,13:53:52,,26.1,38.7,48.5,nan,nan
2023/2/27,13:54:1,,24.0,36.7,44.1,nan,nan
2000/23/0,0:53:0,,24.4,36.6,43.7,nan,nan
2023/2/27,13:54:19,,26.1,38.0,44.5,nan,nan
2023/2/27,13:54:28,,27.0,38.5,45.3,nan,nan
2023/2/27,13:54:37,,25.3,38.1,45.3,nan,nan
2023/2/27,13:54:46,,24.3,36.9,42.4,nan,nan
2023/2/27,13:54:55,,23.7,36.5,43.1,nan,nan
2023/2/27,13:55:5,,25.7,39.6,48.0,nan,nan
2023/2/27,13:55:14,,26.5,39.2,47.1,nan,nan
2023/2/27,13:55:23,,26.1,38.4,47.5,nan,nan
2023/2/27,13:55:32,,26.4,37.2,44.1,nan,nan
2023/2/27,13:55:41,,26.2,36.7,49.0,nan,nan
2023/2/27,13:55:50,,26.2,38.7,50.0,nan,nan
2023/2/27,13:55:59,,25.9,38.6,47.4,nan,nan
2023/2/27,13:56:8,,26.7,39.4,48.0,nan,nan
2023/2/27,13:56:17,,25.1,36.4,43.1,nan,nan
2023/2/27,13:56:26,,24.5,35.2,40.9,nan,nan
2023/2/27,13:56:35,,23.9,38.2,45.8,nan,nan
2023/2/27,13:56:44,,24.3,37.6,44.9,nan,nan
2023/2/27,13:56:53,,25.7,38.4,45.9,nan,nan
2023/2/27,13:57:3,,25.9,39.1,48.1,nan,nan
2023/2/27,13:57:12,,25.4,37.9,44.9,nan,nan
2023/2/27,13:57:21,,24.2,37.1,44.0,nan,nan
2023/2/27,13:57:30,,24.0,37.3,43.6,nan,nan
2023/2/27,13:57:39,,24.1,37.5,43.0,nan,nan
2023/2/27,13:57:48,,25.3,37.9,43.9,nan,nan
2023/2/27,13:57:57,,24.6,38.7,46.2,nan,nan
2023/2/27,13:58:6,,25.4,39.9,49.1,nan,nan
2023/2/27,13:58:15,,26.3,39.1,47.6,nan,nan
2023/2/27,13:58:24,,26.0,38.8,47.7,nan,nan
2023/2/27,13:58:34,,25.6,39.7,50.4,nan,nan
2023/2/27,13:58:43,,25.1,36.2,41.9,nan,nan
2023/2/27,13:58:52,,24.8,37.1,44.5,nan,nan
2023/2/27,13:59:1,,25.7,38.4,46.2,nan,nan
2023/2/27,13:59:10,,24.1,36.3,43.3,nan,nan
2023/2/27,13:59:19,,23.4,35.2,41.6,nan,nan
2000/24/0,0:53:0,,25.4,35.0,42.6,nan,nan
2000/23/0,0:53:0,,26.2,36.4,44.7,nan,nan
2000/23/0,0:53:0,,23.8,37.9,46.5,nan,nan
2023/2/27,13:59:55,,26.3,38.2,46.2,nan,nan
2165/165/27,14:0:4,,26.8,39.5,47.7,nan,nan
2000/21/0,0:53:0,,27.0,39.4,46.8,nan,nan
2000/24/0,0:53:0,,26.3,39.0,46.6,nan,nan
2023/2/27,14:0:32,,25.6,40.2,51.6,nan,nan
2023/2/27,14:0:41,,25.2,37.8,47.3,nan,nan
2023/2/27,14:0:50,,24.6,35.8,44.2,nan,nan
2023/2/27,14:0:58,,25.5,36.6,44.7,nan,nan
2023/2/27,14:1:7,,26.1,37.2,45.1,nan,nan
2023/2/27,14:1:17,,26.0,38.2,46.0,nan,nan
2023/2/27,14:1:25,,25.8,39.6,47.4,nan,nan
2023/2/27,14:1:34,,26.0,40.7,48.2,nan,nan
2000/21/0,0:53:0,,25.4,38.7,46.9,nan,nan
2023/2/27,14:1:53,,23.8,36.0,43.4,nan,nan
2000/23/0,0:53:0,,24.3,35.2,41.4,nan,nan
2000/24/0,0:53:0,,25.8,36.6,43.0,nan,nan
2023/2/27,14:2:20,,25.9,37.8,45.6,nan,nan
2023/2/27,14:2:29,,25.8,36.1,42.6,nan,nan
2023/2/27,14:2:38,,25.1,37.3,45.3,nan,nan
2023/2/27,14:2:47,,26.1,38.3,47.0,nan,nan
2023/2/27,14:2:56,,25.7,38.8,46.5,nan,nan
2023/2/27,14:3:5,,25.6,40.8,49.5,nan,nan
2023/2/27,14:3:15,,25.0,38.2,47.4,nan,nan
2023/2/27,14:3:24,,25.2,36.0,45.7,nan,nan
2023/2/27,14:3:33,,25.0,36.6,44.9,nan,nan
2023/2/27,14:3:42,,25.5,37.4,45.5,nan,nan
2023/2/27,14:3:51,,26.0,38.4,45.5,nan,nan
2000/24/0,0:53:0,,26.0,37.9,44.5,nan,nan
2165/165/165,25:4:9,,25.8,37.8,45.5,nan,nan
2023/2/27,14:4:18,,25.4,37.5,48.6,nan,nan
2165/165/165,165:165:35,,25.7,39.2,46.9,nan,nan
2023/2/27,14:4:36,,25.3,38.2,46.0,nan,nan
2023/2/27,14:4:45,,25.3,37.2,46.1,nan,nan
2023/2/27,14:4:54,,25.7,37.2,46.5,nan,nan
2023/2/27,14:5:3,,26.0,39.5,49.2,nan,nan
2023/2/27,14:5:12,,26.5,40.7,50.1,nan,nan
2023/2/27,14:5:21,,27.5,40.4,49.0,nan,nan
2023/2/27,14:5:30,,25.6,38.6,47.0,nan,nan
2000/24/0,0:53:0,,26.0,38.6,47.7,nan,nan
2023/2/27,14:5:48,,26.4,38.8,48.8,nan,nan
2023/2/27,14:5:57,,25.5,37.9,48.2,nan,nan
2023/2/27,14:6:6,,24.6,37.4,45.5,nan,nan
2023/2/27,14:6:15,,25.1,37.6,47.5,nan,nan
2023/2/27,14:6:24,,25.5,37.7,46.7,nan,nan
2023/2/27,14:6:33,,25.2,36.1,43.7,nan,nan
2023/2/27,14:6:42,,23.9,33.5,41.0,nan,nan
2023/2/27,14:6:51,,25.7,34.1,41.4,nan,nan
2023/2/27,14:7:0,,26.0,35.7,45.3,nan,nan
2023/2/27,14:7:9,,26.1,36.2,46.9,nan,nan
2023/2/27,14:7:18,,26.1,35.8,45.6,nan,nan
2023/2/27,14:7:27,,25.6,37.2,47.9,nan,nan
2023/2/27,14:7:36,,24.7,38.7,46.2,nan,nan
2023/2/27,14:7:45,,25.0,38.7,46.9,nan,nan
2023/2/27,14:7:54,,25.4,37.3,46.6,nan,nan
2023/2/27,14:8:3,,24.2,36.4,44.8,nan,nan
2023/2/27,14:8:12,,25.6,38.5,48.5,nan,nan
2023/2/27,14:8:21,,25.7,40.5,50.0,nan,nan
2023/2/27,14:8:30,,26.1,38.9,47.3,nan,nan
2023/2/27,14:8:39,,26.3,40.3,48.2,nan,nan
2023/2/27,14:8:49,,24.3,38.7,47.1,nan,nan
2023/2/27,14:8:58,,25.3,38.5,47.5,nan,nan
2023/2/27,14:9:7,,25.3,38.7,47.4,nan,nan
2023/2/27,14:9:16,,27.0,38.0,48.0,nan,nan
2023/2/27,14:9:25,,26.7,36.7,46.4,nan,nan
2023/2/27,14:9:34,,25.7,37.1,44.4,nan,nan
2023/2/27,14:9:43,,25.8,37.6,47.4,nan,nan
2023/2/27,14:9:52,,24.3,38.2,48.9,nan,nan
2023/2/27,14:10:1,,25.1,36.8,44.9,nan,nan
2023/2/27,14:10:10,,26.0,38.1,47.9,nan,nan
2023/2/27,14:10:19,,26.6,39.0,47.8,nan,nan
2023/2/27,14:10:28,,26.1,38.5,47.8,nan,nan
2023/2/27,14:10:37,,26.6,38.9,48.7,nan,nan
2023/2/27,14:10:46,,26.7,39.6,48.2,nan,nan
2023/2/27,14:10:55,,26.9,39.1,45.7,nan,nan
2023/2/27,14:11:4,,26.7,38.7,44.6,nan,nan
2023/2/27,14:11:13,,25.4,37.8,45.7,nan,nan
2023/2/27,14:11:22,,25.3,38.5,48.9,nan,nan
2023/2/27,14:11:31,,24.9,37.7,47.1,nan,nan
2023/2/27,14:11:40,,24.6,37.1,45.6,nan,nan
2023/2/27,14:11:49,,24.6,38.0,45.8,nan,nan
2023/2/27,14:11:58,,26.5,41.3,50.0,nan,nan
2023/2/27,14:12:7,,26.9,39.8,51.7,nan,nan
2023/2/27,14:12:16,,26.4,39.8,48.9,nan,nan
2000/24/0,0:53:0,,25.6,38.9,46.2,nan,nan
2023/2/27,14:12:35,,25.8,38.0,45.2,nan,nan
2000/21/0,0:53:0,,26.5,40.6,52.0,nan,nan
2023/2/27,14:12:53,,27.3,40.1,48.9,nan,nan
2000/25/0,0:53:0,,26.1,38.9,47.4,nan,nan
2023/2/27,14:13:11,,26.0,39.7,49.7,nan,nan
2023/2/27,14:13:20,,26.0,39.3,49.3,nan,nan
2023/2/27,14:13:29,,26.3,37.8,50.1,nan,nan
2023/2/27,14:13:38,,26.5,37.7,49.4,nan,nan
2023/2/27,14:13:47,,26.1,37.9,46.0,nan,nan
2000/25/0,0:53:0,,25.3,37.3,45.3,nan,nan
2023/2/27,14:14:5,,26.0,38.9,48.2,nan,nan
2023/2/27,14:14:13,,26.8,39.0,48.8,nan,nan
2023/2/27,14:14:22,,27.1,39.1,47.8,nan,nan
2023/2/27,14:14:31,,26.5,37.9,45.8,nan,nan
2023/2/27,14:14:40,,25.5,36.2,44.5,nan,nan
2023/2/27,14:14:49,,25.8,38.2,46.1,nan,nan
2023/2/27,14:14:58,,26.2,40.1,48.7,nan,nan
2023/2/27,14:15:7,,25.5,38.8,48.1,nan,nan
2023/2/27,14:15:16,,25.0,37.1,45.7,nan,nan
2000/23/0,0:53:0,,25.2,38.1,48.3,nan,nan
2023/2/27,14:15:35,,26.0,38.5,47.4,nan,nan
2000/20/0,0:53:0,,25.8,40.0,49.6,nan,nan
2023/2/27,14:15:53,,27.1,40.1,48.4,nan,nan
2023/2/27,14:16:2,,27.3,40.0,48.0,nan,nan
2023/2/27,14:16:11,,26.3,38.4,46.4,nan,nan
2023/2/27,14:16:20,,26.7,39.7,48.0,nan,nan
2023/2/27,14:16:29,,26.4,39.4,48.1,nan,nan
2000/25/0,0:53:0,,25.7,37.4,48.9,nan,nan
2000/20/0,0:53:0,,25.7,37.3,47.9,nan,nan
2023/2/27,14:16:56,,27.1,40.3,48.0,nan,nan
2000/21/0,0:53:0,,26.9,39.4,47.9,nan,nan
2023/2/27,14:17:14,,26.1,36.6,43.5,nan,nan
2023/2/27,14:17:22,,25.7,35.4,40.3,nan,nan
2023/2/27,14:17:31,,25.4,35.8,41.7,nan,nan
2023/2/27,14:17:41,,26.0,38.3,45.7,nan,nan
2023/2/27,14:17:50,,27.5,40.6,48.4,nan,nan
2023/2/27,14:17:59,,26.3,41.4,48.8,nan,nan
2023/2/27,14:18:8,,27.4,41.2,48.7,nan,nan
2023/2/27,14:18:17,,25.9,38.3,47.5,nan,nan
2023/2/27,14:18:26,,25.6,38.1,48.3,nan,nan
2023/2/27,14:18:35,,27.8,42.0,50.0,nan,nan
2023/2/27,14:18:44,,28.0,41.4,48.4,nan,nan
2000/22/0,0:53:0,,27.6,39.5,46.6,nan,nan
2023/2/27,14:19:2,,27.3,39.2,48.8,nan,nan
2165/165/45,14:19:11,,27.2,41.0,52.1,nan,nan
2000/21/0,0:53:0,,27.8,41.4,50.8,nan,nan
2000/20/0,0:53:0,,27.0,41.1,51.3,nan,nan
2023/2/27,14:19:39,,26.6,41.9,50.6,nan,nan
2023/2/27,14:19:48,,26.9,40.8,48.1,nan,nan
2023/2/27,14:19:57,,25.8,39.8,47.1,nan,nan
2023/2/27,14:20:6,,27.0,42.7,50.9,nan,nan
2023/2/27,14:20:15,,27.6,41.7,50.9,nan,nan
2023/2/27,14:20:24,,27.2,40.3,49.3,nan,nan
2023/2/27,14:20:33,,27.4,40.0,49.6,nan,nan
2023/2/27,14:20:42,,25.9,38.3,46.4,nan,nan
2023/2/27,14:20:51,,26.8,40.4,48.6,nan,nan
2165/15/27,14:21:0,,26.7,39.2,46.9,nan,nan
2165/165/165,14:21:9,,26.8,40.2,50.8,nan,nan
2023/2/27,14:21:19,,27.3,41.5,52.1,nan,nan
2000/22/0,0:53:0,,27.9,41.5,49.2,nan,nan
2023/2/27,14:21:36,,27.6,39.3,46.7,nan,nan
2023/2/27,14:21:45,,27.8,40.3,49.7,nan,nan
2023/2/27,14:21:54,,37.1,57.0,69.3,nan,nan
2023/2/27,14:22:4,,67.9,110.9,128.2,nan,nan
2023/2/27,14:22:13,,95.6,159.9,192.4,nan,nan
2023/2/27,14:22:22,,116.3,203.5,238.3,nan,nan
2023/2/27,14:22:31,,147.1,264.3,297.2,nan,nan
2023/2/27,14:22:40,,177.2,324.1,375.0,nan,nan
2023/2/27,14:22:49,,187.2,340.1,399.1,nan,nan
2023/2/27,14:22:57,,214.1,415.3,497.9,nan,nan
2023/2/27,14:23:6,,258.6,533.1,644.2,nan,nan
2023/2/27,14:23:14,,266.2,549.5,659.9,nan,nan
2023/2/27,14:23:21,,281.3,610.1,748.0,nan,nan
2023/2/27,14:23:30,,297.6,676.4,844.8,nan,nan
2023/2/27,14:23:38,,301.0,706.6,870.3,nan,nan
2023/2/27,14:23:46,,306.4,755.8,941.3,nan,nan
2023/2/27,14:23:53,,308.9,805.8,1013.8,nan,nan
2023/2/27,14:24:1,,313.6,878.6,1131.0,nan,nan
2023/2/27,14:24:9,,314.0,907.5,1158.1,nan,nan
2023/2/27,14:24:16,,314.9,932.5,1210.4,nan,nan
2023/2/27,14:24:24,,314.2,970.2,1277.1,nan,nan
2023/2/27,14:24:32,,311.8,973.7,1275.6,nan,nan
2023/2/27,14:24:40,,313.2,950.6,1240.1,nan,nan
2023/2/27,14:24:48,,314.9,968.1,1276.0,nan,nan
2023/2/27,14:24:56,,315.7,1000.3,1332.1,nan,nan
2023/2/27,14:25:4,,318.9,1012.2,1359.3,nan,nan
2023/2/27,14:25:11,,319.0,1041.7,1424.8,nan,nan
2023/2/27,14:25:19,,317.5,1074.2,1454.3,nan,nan
2165/165/165,165:165:27,,321.7,1083.7,1418.6,nan,nan
2023/2/27,14:25:35,,315.7,1079.4,1438.8,nan,nan
2023/2/27,14:25:43,,309.4,1067.1,1476.4,nan,nan
2023/2/27,14:25:51,,316.7,1042.8,1455.3,nan,nan
2023/2/27,14:25:59,,318.5,1015.5,1387.8,nan,nan
2023/2/27,14:26:6,,314.6,1011.6,1331.3,nan,nan
2023/2/27,14:26:14,,316.3,1014.2,1329.2,nan,nan
2023/2/27,14:26:22,,318.0,990.8,1298.5,nan,nan
2023/2/27,14:26:30,,323.7,982.1,1288.8,nan,nan
2023/2/27,14:26:38,,321.3,964.9,1272.8,nan,nan
2023/2/27,14:26:46,,321.1,963.4,1253.6,nan,nan
2023/2/27,14:26:54,,322.1,944.4,1228.4,nan,nan
2023/2/27,14:27:2,,327.6,928.5,1205.9,nan,nan
2023/2/27,14:27:9,,325.2,902.3,1177.2,nan,nan
2023/2/27,14:27:17,,321.1,896.7,1173.5,nan,nan
2023/2/27,14:27:25,,317.6,887.7,1159.0,nan,nan
2023/2/27,14:27:33,,318.0,860.9,1141.1,nan,nan
2023/2/27,14:27:41,,323.0,852.1,1133.7,nan,nan
2023/2/27,14:27:49,,318.1,858.4,1123.5,nan,nan
2023/2/27,14:27:57,,309.7,846.6,1070.4,nan,nan
2023/2/27,14:28:5,,309.5,825.4,1013.5,nan,nan
2023/2/27,14:28:13,,309.4,808.4,996.4,nan,nan
2023/2/27,14:28:21,,311.5,795.6,1015.7,nan,nan
2023/2/27,14:28:29,,312.1,792.7,1017.3,nan,nan
2023/2/27,14:28:37,,306.4,780.2,976.7,nan,nan
2023/2/27,14:28:45,,305.2,761.1,958.6,nan,nan
2023/2/27,14:28:52,,303.0,758.3,961.3,nan,nan
2023/2/27,14:29:0,,303.0,750.2,956.9,nan,nan
2023/2/27,14:29:8,,303.9,735.6,945.8,nan,nan
2023/2/27,14:29:16,,304.4,735.0,947.2,nan,nan
2023/2/27,14:29:25,,304.4,731.6,936.4,nan,nan
2004/120/1,0:53:0,,300.6,728.3,925.3,nan,nan
2023/2/27,14:29:41,,297.1,724.9,903.1,nan,nan
2023/2/27,14:29:49,,296.2,714.2,875.5,nan,nan
2023/2/27,14:29:57,,298.0,701.8,846.5,nan,nan
2023/2/27,14:30:5,,299.2,699.0,829.2,nan,nan
2023/2/27,14:30:13,,292.0,683.8,823.4,nan,nan
2023/2/27,14:30:21,,283.2,661.4,825.7,nan,nan
2023/2/27,14:30:29,,280.8,650.2,820.5,nan,nan
2023/2/27,14:30:38,,278.6,634.1,791.6,nan,nan
2023/2/27,14:30:46,,275.8,616.1,757.8,nan,nan
2023/2/27,14:30:54,,275.8,607.8,736.3,nan,nan
2023/2/27,14:31:2,,276.2,610.2,747.1,nan,nan
2023/2/27,14:31:10,,271.9,599.3,747.9,nan,nan
2023/2/27,14:31:18,,265.6,576.5,707.7,nan,nan
2023/2/27,14:31:27,,271.2,572.2,706.2,nan,nan
2023/2/27,14:31:35,,262.8,565.6,685.2,nan,nan
2023/2/27,14:31:43,,259.0,563.9,669.9,nan,nan
2023/2/27,14:31:52,,263.1,557.0,671.5,nan,nan
2023/2/27,14:32:0,,260.6,535.7,667.5,nan,nan
2023/2/27,14:32:8,,254.9,519.8,647.8,nan,nan
2023/2/27,14:32:17,,250.2,519.3,627.6,nan,nan
2023/2/27,14:32:25,,250.9,513.6,607.2,nan,nan
2023/2/27,14:32:34,,247.4,503.9,607.6,nan,nan
2023/2/27,14:32:42,,239.3,497.7,612.4,nan,nan
2023/2/27,14:32:50,,238.2,487.2,596.6,nan,nan
2023/2/27,14:32:59,,239.4,474.7,568.1,nan,nan
2023/2/27,14:33:7,,239.2,474.0,557.5,nan,nan
2023/2/27,14:33:16,,231.7,466.4,546.9,nan,nan
2023/2/27,14:33:25,,225.3,453.4,533.5,nan,nan
2023/2/27,14:33:33,,219.2,444.4,536.3,nan,nan
2023/2/27,14:33:42,,215.0,435.7,532.9,nan,nan
2023/2/27,14:33:51,,210.2,425.8,505.1,nan,nan
2023/2/27,14:34:0,,209.0,412.8,481.4,nan,nan
2023/2/27,14:34:8,,208.6,410.1,476.3,nan,nan
2023/2/27,14:34:17,,206.2,403.2,469.8,nan,nan
2023/2/27,14:34:26,,204.1,401.3,470.2,nan,nan
2023/2/27,14:34:35,,202.8,396.0,471.8,nan,nan
2023/2/27,14:34:43,,201.2,379.2,450.4,nan,nan
2023/2/27,14:34:52,,196.1,371.0,445.4,nan,nan
2023/2/27,14:35:1,,192.0,365.2,440.2,nan,nan
2023/2/27,14:35:10,,190.4,357.2,423.8,nan,nan
2023/2/27,14:35:19,,189.6,352.6,416.8,nan,nan
2023/2/27,14:35:28,,184.1,346.2,397.6,nan,nan
2023/2/27,14:35:37,,177.8,329.2,383.0,nan,nan
2023/2/27,14:35:45,,174.5,319.0,376.8,nan,nan
2023/2/27,14:35:54,,170.8,316.6,370.4,nan,nan
2023/2/27,14:36:3,,169.9,305.9,364.4,nan,nan
2023/2/27,14:36:12,,170.8,304.3,359.6,nan,nan
2023/2/27,14:36:21,,166.3,301.7,352.8,nan,nan
2023/2/27,14:36:30,,162.9,292.4,346.0,nan,nan
2023/2/27,14:36:39,,159.3,286.5,341.2,nan,nan
2023/2/27,14:36:48,,153.5,281.4,332.5,nan,nan
2023/2/27,14:36:57,,150.8,277.0,323.0,nan,nan
2023/2/27,14:37:6,,146.4,272.0,322.9,nan,nan
2023/2/27,14:37:14,,143.0,262.9,317.3,nan,nan
2023/2/27,14:37:24,,140.0,254.1,307.9,nan,nan
2023/2/27,14:37:33,,135.6,257.0,305.3,nan,nan
2023/2/27,14:37:42,,135.9,249.2,288.1,nan,nan
2023/2/27,14:37:51,,133.0,244.3,274.9,nan,nan
2023/2/27,14:38:0,,130.8,236.7,276.9,nan,nan
2023/2/27,14:38:9,,127.8,226.6,258.3,nan,nan
2023/2/27,14:38:18,,124.7,216.7,244.8,nan,nan
2023/2/27,14:38:27,,123.8,217.2,246.3,nan,nan
2023/2/27,14:38:37,,118.1,213.1,240.4,nan,nan
2023/2/27,14:38:46,,118.4,213.5,242.4,nan,nan
2023/2/27,14:38:55,,115.7,206.4,241.5,nan,nan
2023/2/27,14:39:4,,112.8,199.6,229.5,nan,nan
2001/106/0,0:53:0,,112.0,195.0,226.1,nan,nan
2023/2/27,14:39:22,,107.2,183.2,212.8,nan,nan
2023/2/27,14:39:31,,108.3,179.6,208.6,nan,nan
2023/2/27,14:39:40,,107.4,179.5,206.6,nan,nan
2023/2/27,14:39:49,,104.4,175.4,205.0,nan,nan
2023/2/27,14:39:58,,99.0,169.2,202.1,nan,nan
2023/2/27,14:40:7,,93.4,162.2,184.0,nan,nan
2023/2/27,14:40:16,,92.9,159.4,179.4,nan,nan
2023/2/27,14:40:25,,91.0,158.1,188.3,nan,nan
2023/2/27,14:40:34,,90.6,157.9,192.6,nan,nan
2023/2/27,14:40:43,,89.3,152.5,177.7,nan,nan
2023/2/27,14:40:52,,85.3,146.4,165.8,nan,nan
2023/2/27,14:41:1,,81.9,145.3,165.7,nan,nan
2023/2/27,14:41:10,,81.3,142.3,160.9,nan,nan
2023/2/27,14:41:19,,80.8,139.4,163.9,nan,nan
2023/2/27,14:41:29,,79.9,132.9,158.5,nan,nan
2023/2/27,14:41:38,,77.6,132.7,153.7,nan,nan
2023/2/27,14:41:47,,71.7,125.9,143.2,nan,nan
2000/75/0,0:53:0,,72.2,125.5,146.2,nan,nan
2000/75/0,0:53:0,,74.3,123.5,140.1,nan,nan
2023/2/27,14:42:14,,71.0,124.1,142.1,nan,nan
2000/65/0,0:53:0,,68.0,119.3,141.0,nan,nan
2023/2/27,14:42:33,,65.6,110.4,127.4,nan,nan
2023/2/27,14:42:42,,64.2,106.9,127.4,nan,nan
2000/62/0,0:53:0,,63.9,106.2,122.7,nan,nan
2023/2/27,14:42:59,,62.7,103.2,118.8,nan,nan
2023/2/27,14:43:9,,59.2,101.2,116.3,nan,nan
2023/2/27,14:43:18,,56.6,99.0,113.3,nan,nan
2000/58/0,0:53:0,,57.4,97.7,108.2,nan,nan
2023/2/27,14:43:36,,56.1,93.4,109.9,nan,nan
2023/2/27,14:43:45,,55.5,92.6,109.7,nan,nan
2023/2/27,14:43:55,,52.7,93.1,105.7,nan,nan
2023/2/27,14:44:4,,52.7,92.2,103.3,nan,nan
2023/2/27,14:44:13,,51.6,88.5,97.1,nan,nan
2023/2/27,14:44:22,,51.0,83.5,99.9,nan,nan
2023/2/27,14:44:31,,48.9,86.9,96.8,nan,nan
2023/2/27,14:44:40,,47.6,81.5,89.2,nan,nan
2023/2/27,14:44:50,,46.2,80.3,87.8,nan,nan
2023/2/27,14:44:59,,43.0,75.1,87.1,nan,nan
2023/2/27,14:45:8,,44.6,73.2,92.3,nan,nan
2023/2/27,14:45:17,,42.7,72.3,82.7,nan,nan
2023/2/27,14:45:26,,41.4,66.8,79.0,nan,nan
2023/2/27,14:45:36,,40.0,68.1,79.4,nan,nan
2000/42/0,0:53:0,,40.5,69.7,82.0,nan,nan
2023/2/27,14:45:54,,38.1,64.8,76.8,nan,nan
2023/2/27,14:46:3,,39.1,67.5,77.1,nan,nan
2023/2/27,14:46:12,,36.9,58.6,73.6,nan,nan
2023/2/27,14:46:21,,38.6,62.9,74.8,nan,nan
2023/2/27,14:46:30,,38.8,61.6,73.6,nan,nan
2023/2/27,14:46:39,,35.4,58.2,71.3,nan,nan
2045/2/27,14:46:48,,35.8,62.3,73.0,nan,nan
2023/2/27,14:46:57,,36.2,57.7,70.7,nan,nan
2023/2/27,14:47:7,,33.9,53.8,69.1,nan,nan
2023/2/27,14:47:16,,33.4,53.8,70.6,nan,nan
2023/2/27,14:47:25,,33.0,51.3,65.0,nan,nan
2023/2/27,14:47:34,,32.3,49.3,65.0,nan,nan
2000/30/0,0:53:0,,33.6,49.6,65.5,nan,nan
2023/2/27,14:47:52,,33.0,52.5,67.5,nan,nan
2023/2/27,14:48:2,,30.3,51.3,65.9,nan,nan
2023/2/27,14:48:11,,30.0,49.3,62.7,nan,nan
2023/2/27,14:48:20,,30.9,49.3,62.8,nan,nan
2023/2/27,14:48:29,,30.6,47.1,61.3,nan,nan
2000/26/0,0:53:0,,29.9,45.9,58.3,nan,nan
2023/2/27,14:48:47,,27.2,45.3,58.0,nan,nan
2165/165/165,165:165:65,,27.2,42.6,56.0,nan,nan
2000/24/0,0:53:0,,28.4,43.3,55.1,nan,nan
2045/2/27,14:49:14,,27.5,43.9,54.4,nan,nan
2023/2/27,14:49:23,,27.4,43.9,56.4,nan,nan
2023/2/27,14:49:32,,27.4,45.0,59.1,nan,nan
2023/2/27,14:49:42,,26.9,43.4,55.0,nan,nan
2023/2/27,14:49:51,,25.6,41.1,51.8,nan,nan
2023/2/27,14:50:0,,25.1,40.2,49.6,nan,nan
2023/2/27,14:50:9,,26.2,42.3,51.9,nan,nan
2165/165/165,165:165:18,,25.8,41.1,52.1,nan,nan
2000/21/0,0:53:0,,25.7,41.6,52.3,nan,nan
2023/2/27,14:50:36,,26.8,41.9,50.5,nan,nan
2165/165/165,165:53:45,,26.0,39.9,49.3,nan,nan
2000/25/0,0:53:0,,26.0,40.9,50.7,nan,nan
2023/2/27,14:51:3,,26.1,41.6,51.8,nan,nan
2023/2/27,14:51:12,,27.7,41.6,52.8,nan,nan
2000/21/0,0:53:0,,27.2,40.8,52.1,nan,nan
2023/2/27,14:51:30,,27.1,40.0,49.1,nan,nan
2023/2/27,14:51:39,,26.7,39.9,51.3,nan,nan
2023/2/27,14:51:48,,25.4,40.9,56.5,nan,nan
2165/165/27,14:51:57,,25.8,40.5,48.9,nan,nan
2023/2/27,14:52:6,,26.1,39.2,49.6,nan,nan
2023/2/27,14:52:15,,24.4,38.6,51.1,nan,nan
2023/2/27,14:52:25,,26.2,40.3,50.6,nan,nan
2023/2/27,14:52:34,,26.5,39.9,51.5,nan,nan
2023/2/27,14:52:43,,25.7,41.6,54.3,nan,nan
2023/2/27,14:52:52,,25.3,41.2,52.3,nan,nan
2023/2/27,14:53:1,,24.9,38.7,48.2,nan,nan
2023/2/27,14:53:10,,24.8,38.9,46.2,nan,nan
2023/2/27,14:53:19,,25.3,37.5,45.0,nan,nan
2023/2/27,14:53:28,,25.7,37.3,47.3,nan,nan
2023/2/27,14:53:37,,25.6,38.9,50.1,nan,nan
2023/2/27,14:53:46,,25.3,40.2,50.1,nan,nan
2023/2/27,14:53:55,,25.8,41.6,52.1,nan,nan
2023/2/27,14:54:4,,26.2,40.0,51.7,nan,nan
2165/165/165,165:55:13,,25.5,38.6,51.8,nan,nan
2023/2/27,14:54:22,,24.7,39.7,50.2,nan,nan
2023/2/27,14:54:31,,25.4,40.1,51.8,nan,nan
2023/2/27,14:54:40,,25.8,41.7,55.5,nan,nan
2023/2/27,14:54:49,,26.1,40.6,52.6,nan,nan
2023/2/27,14:54:58,,25.4,39.1,51.5,nan,nan
2023/2/27,14:55:7,,25.3,38.2,52.0,nan,nan
2023/2/27,14:55:16,,25.9,36.7,49.9,nan,nan
2023/2/27,14:55:25,,25.7,38.6,49.5,nan,nan
2023/2/27,14:55:34,,24.2,39.4,50.1,nan,nan
2023/2/27,14:55:43,,25.4,38.7,48.8,nan,nan
2023/2/27,14:55:52,,26.0,38.5,48.8,nan,nan
2023/2/27,14:56:1,,24.8,37.9,48.8,nan,nan
2023/2/27,14:56:10,,25.8,39.4,49.4,nan,nan
2023/2/27,14:56:20,,24.9,38.0,50.8,nan,nan
2023/2/27,14:56:29,,26.2,40.4,53.8,nan,nan
2023/2/27,14:56:38,,25.8,41.9,54.7,nan,nan
2023/2/27,14:56:47,,25.6,40.5,53.6,nan,nan
2023/2/27,14:56:56,,24.8,37.1,49.2,nan,nan
2023/2/27,14:57:5,,23.6,35.5,47.0,nan,nan
2023/2/27,14:57:14,,25.2,38.4,50.2,nan,nan
2023/2/27,14:57:23,,24.2,39.0,50.1,nan,nan
2023/2/27,14:57:32,,26.2,40.9,50.6,nan,nan
2023/2/27,14:57:41,,26.6,39.8,50.8,nan,nan
2023/2/27,14:57:50,,25.6,37.6,49.1,nan,nan
2023/2/27,14:57:59,,24.5,38.6,46.9,nan,nan
2023/2/27,14:58:8,,24.6,41.8,49.9,nan,nan
2023/2/27,14:58:17,,24.5,39.0,48.2,nan,nan
2000/25/0,0:53:0,,25.0,38.8,47.4,nan,nan
2023/2/27,14:58:35,,26.2,41.5,52.0,nan,nan
2023/2/27,14:58:44,,25.8,41.6,52.4,nan,nan
2023/2/27,14:58:53,,25.6,39.9,51.1,nan,nan
2023/2/27,14:59:2,,25.6,38.3,49.3,nan,nan
2023/2/27,14:59:11,,25.4,39.3,48.0,nan,nan
2023/2/27,14:59:20,,26.1,39.2,48.7,nan,nan
2023/2/27,14:59:29,,25.0,36.9,46.3,nan,nan
2023/2/27,14:59:38,,24.7,37.4,46.4,nan,nan
2023/2/27,14:59:47,,24.4,39.9,47.7,nan,nan
2023/2/27,14:59:57,,24.9,39.6,49.2,nan,nan
2023/2/27,15:0:6,,24.0,38.7,48.1,nan,nan
2023/2/27,15:0:15,,23.9,36.4,44.2,nan,nan
2023/2/27,15:0:24,,25.7,41.4,50.7,nan,nan
2023/2/27,15:0:33,,25.9,39.8,48.0,nan,nan
2023/2/27,15:0:42,,24.6,36.6,45.1,nan,nan
2023/2/27,15:0:50,,25.2,37.0,46.9,nan,nan
2023/2/27,15:0:59,,25.0,36.8,45.6,nan,nan
2023/2/27,15:1:8,,24.2,36.3,44.2,nan,nan
2023/2/27,15:1:17,,25.4,36.3,45.8,nan,nan
2023/2/27,15:1:26,,24.0,37.9,47.8,nan,nan
2023/2/27,15:1:35,,24.0,38.1,46.5,nan,nan
2023/2/27,15:1:44,,26.4,37.7,45.0,nan,nan
2023/2/27,15:1:53,,25.4,36.3,44.4,nan,nan
2023/2/27,15:2:1,,24.4,36.0,45.7,nan,nan
2023/2/27,15:2:10,,26.0,37.8,47.8,nan,nan
2023/2/27,15:2:20,,24.7,38.6,49.9,nan,nan
2023/2/27,15:2:29,,24.2,38.0,46.5,nan,nan
2023/2/27,15:2:38,,24.5,37.9,46.2,nan,nan
2023/2/27,15:2:47,,25.4,39.8,49.5,nan,nan
2023/2/27,15:2:56,,24.0,37.9,48.1,nan,nan
2165/165/165,165:25:5,,24.6,37.5,46.1,nan,nan
2023/2/27,15:3:13,,26.0,36.9,44.3,nan,nan
2023/2/27,15:3:23,,24.3,36.5,48.2,nan,nan
2023/2/27,15:3:32,,25.1,38.9,47.5,nan,nan
2023/2/27,15:3:41,,23.1,36.7,45.2,nan,nan
2023/2/27,15:3:49,,23.7,35.8,42.9,nan,nan
2023/2/27,15:3:58,,23.8,35.3,41.3,nan,nan
2000/22/0,0:53:0,,23.5,35.6,45.8,nan,nan
2023/2/27,15:4:16,,25.8,39.2,50.1,nan,nan
2023/2/27,15:4:25,,25.2,39.1,49.5,nan,nan
2000/20/0,0:53:0,,23.7,37.3,48.3,nan,nan
2023/2/27,15:4:44,,22.9,37.7,47.5,nan,nan
2023/2/27,15:4:53,,23.4,38.8,51.5,nan,nan
2023/2/27,15:5:2,,25.1,40.1,50.3,nan,nan
2023/2/27,15:5:11,,24.7,40.7,52.3,nan,nan
2023/2/27,15:5:20,,23.8,36.4,45.5,nan,nan
2023/2/27,15:5:29,,23.2,34.0,41.0,nan,nan
2023/2/27,15:5:38,,24.1,35.0,43.1,nan,nan
2023/2/27,15:5:47,,24.1,35.2,45.4,nan,nan
2000/22/0,0:53:0,,23.6,35.9,48.9,nan,nan
2023/2/27,15:6:5,,24.0,37.9,49.3,nan,nan
2023/2/27,15:6:14,,24.0,35.7,44.3,nan,nan
2023/2/27,15:6:23,,24.7,35.4,44.1,nan,nan
2023/2/27,15:6:32,,24.3,36.4,44.6,nan,nan
2023/2/27,15:6:41,,25.5,38.5,47.2,nan,nan
2023/2/27,15:6:50,,25.0,40.0,49.8,nan,nan
2023/2/27,15:6:59,,25.3,39.2,46.5,nan,nan
2023/2/27,15:7:8,,24.6,36.8,45.4,nan,nan
2035/2/27,15:7:17,,24.0,35.7,45.6,nan,nan
2023/2/27,15:7:26,,24.8,38.4,45.7,nan,nan
2023/2/27,15:7:35,,24.6,38.3,45.3,nan,nan
2023/2/27,15:7:44,,24.5,38.4,46.3,nan,nan
2000/23/0,0:53:0,,24.2,39.3,50.8,nan,nan
2023/2/27,15:8:2,,25.0,38.5,48.3,nan,nan
2023/2/27,15:8:11,,24.5,36.4,42.9,nan,nan
2023/2/27,15:8:20,,23.4,35.7,43.3,nan,nan
2023/2/27,15:8:29,,23.8,37.8,47.8,nan,nan
2023/2/27,15:8:38,,23.7,37.2,45.1,nan,nan
2000/21/0,0:53:0,,23.5,37.9,48.0,nan,nan
2023/2/27,15:8:56,,24.5,38.1,47.0,nan,nan
2023/2/27,15:9:5,,24.0,37.4,44.7,nan,nan
2023/2/27,15:9:15,,23.7,38.7,47.6,nan,nan
2023/2/27,15:9:23,,25.0,38.2,50.2,nan,nan
2023/2/27,15:9:32,,24.5,35.8,46.1,nan,nan
2023/2/27,15:9:41,,23.6,36.1,46.9,nan,nan
2023/2/27,15:9:50,,23.8,37.2,48.1,nan,nan
2023/2/27,15:9:59,,24.2,36.7,44.2,nan,nan
2023/2/27,15:10:8,,24.8,35.9,43.9,nan,nan
2023/2/27,15:10:17,,24.6,35.0,43.0,nan,nan
2023/2/27,15:10:26,,24.1,34.2,40.7,nan,nan
2023/2/27,15:10:35,,23.8,35.0,42.5,nan,nan
2023/2/27,15:10:44,,23.8,36.8,47.0,nan,nan
2023/2/27,15:10:53,,23.6,36.3,45.0,nan,nan
2023/2/27,15:11:2,,23.0,35.5,42.2,nan,nan
2023/2/27,15:11:11,,22.5,35.8,45.0,nan,nan
2023/2/27,15:11:20,,23.3,36.1,46.7,nan,nan
2000/18/0,0:53:0,,22.7,34.7,45.5,nan,nan
2023/2/27,15:11:38,,23.1,37.9,45.8,nan,nan
2000/24/0,0:53:0,,24.0,38.4,47.9,nan,nan
2023/2/27,15:11:57,,24.7,38.7,46.7,nan,nan
2023/2/27,15:12:6,,23.0,37.0,46.4,nan,nan
2023/2/27,15:12:15,,23.0,36.6,44.5,nan,nan
2035/2/27,15:12:24,,21.6,33.6,43.3,nan,nan
2023/2/27,15:12:33,,23.1,35.2,47.9,nan,nan
2023/2/27,15:12:42,,24.2,38.4,49.1,nan,nan
2023/2/27,15:12:51,,23.7,37.7,46.3,nan,nan
2023/2/27,15:13:0,,23.2,36.9,43.6,nan,nan
2023/2/27,15:13:9,,23.1,35.4,41.0,nan,nan
2023/2/27,15:13:18,,23.3,37.0,45.2,nan,nan
2023/2/27,15:13:27,,23.4,36.7,45.4,nan,nan
2023/2/27,15:13:36,,24.2,35.8,47.0,nan,nan
2023/2/27,15:13:45,,23.8,36.7,46.7,nan,nan
2023/2/27,15:13:54,,25.6,38.4,48.4,nan,nan
2000/21/0,0:53:0,,24.7,35.7,45.8,nan,nan
2023/2/27,15:14:12,,24.0,35.0,45.5,nan,nan
2023/2/27,15:14:21,,23.6,35.3,48.4,nan,nan
2000/22/0,0:53:0,,23.6,35.7,48.5,nan,nan
2023/2/27,15:14:39,,24.4,36.8,47.6,nan,nan
2023/2/27,15:14:48,,25.6,36.9,46.6,nan,nan
2023/2/27,15:14:57,,24.2,38.2,46.7,nan,nan
2023/2/27,15:15:6,,23.8,38.2,48.7,nan,nan
2023/2/27,15:15:15,,23.3,35.4,45.8,nan,nan
2023/2/27,15:15:24,,22.8,34.3,43.2,nan,nan
2023/2/27,15:15:32,,24.0,35.9,44.8,nan,nan
2000/22/0,0:53:0,,24.0,36.5,44.3,nan,nan
2023/2/27,15:15:51,,24.2,37.6,44.7,nan,nan
2023/2/27,15:16:0,,23.7,35.6,43.4,nan,nan
2023/2/27,15:16:9,,22.9,34.8,42.8,nan,nan
2000/20/0,0:53:0,,22.8,34.0,40.1,nan,nan
2000/21/0,0:53:0,,23.6,35.6,44.3,nan,nan
2023/2/27,15:16:36,,23.6,37.6,47.2,nan,nan
2000/20/0,0:53:0,,23.1,34.6,41.4,nan,nan
2023/2/27,15:16:54,,23.1,33.9,39.5,nan,nan
2023/2/27,15:17:2,,23.1,35.1,42.9,nan,nan
2165/165/27,15:17:12,,23.5,36.4,45.7,nan,nan
2165/165/165,165:85:21,,23.0,34.5,42.8,nan,nan
2023/2/27,15:17:30,,22.3,33.0,43.4,nan,nan
2023/2/27,15:17:38,,23.7,35.0,46.2,nan,nan
2023/2/27,15:17:47,,23.8,37.2,45.5,nan,nan
2023/2/27,15:17:57,,23.8,39.6,48.7,nan,nan
2023/2/27,15:18:6,,23.1,37.0,45.8,nan,nan
2023/2/27,15:18:15,,22.9,36.5,47.2,nan,nan
2023/2/27,15:18:24,,22.8,36.7,47.2,nan,nan
2023/2/27,15:18:33,,22.9,34.7,42.8,nan,nan
2023/2/27,15:18:42,,24.4,39.1,47.1,nan,nan
2023/2/27,15:18:51,,24.1,38.1,45.6,nan,nan
2023/2/27,15:19:0,,23.2,36.0,42.6,nan,nan
2023/2/27,15:19:9,,21.5,34.7,39.9,nan,nan
2023/2/27,15:19:18,,21.6,33.1,38.4,nan,nan
2023/2/27,15:19:28,,21.8,34.0,41.4,nan,nan
2023/2/27,15:19:37,,21.4,32.5,42.1,nan,nan
2023/2/27,15:19:46,,22.3,33.5,40.6,nan,nan
2023/2/27,15:19:55,,22.6,34.5,38.0,nan,nan
2023/2/27,15:20:4,,23.7,36.5,44.2,nan,nan
2000/21/0,0:53:0,,23.7,35.6,43.6,nan,nan
2023/2/27,15:20:22,,23.1,33.0,41.5,nan,nan
2023/2/27,15:20:31,,23.0,32.5,38.7,nan,nan
2023/2/27,15:20:39,,21.7,31.5,34.8,nan,nan
2023/2/27,15:20:48,,21.4,31.8,40.5,nan,nan
2023/2/27,15:20:57,,22.6,33.4,43.1,nan,nan
2023/2/27,15:21:6,,22.3,35.1,43.2,nan,nan
2023/2/27,15:21:15,,22.6,34.5,42.8,nan,nan
2023/2/27,15:21:25,,23.2,35.1,42.3,nan,nan
2023/2/27,15:21:34,,22.6,36.6,41.9,nan,nan
2000/19/0,0:53:0,,22.4,33.4,36.7,nan,nan
2000/18/0,0:53:0,,22.9,34.7,40.0,nan,nan
2165/165/165,165:165:1,,22.0,35.0,40.9,nan,nan
2000/19/0,0:53:0,,23.0,34.9,41.4,nan,nan
2023/2/27,15:22:18,,23.0,33.4,44.1,nan,nan
2023/2/27,15:22:27,,22.7,32.8,44.1,nan,nan
2023/2/27,15:22:37,,22.8,35.1,44.6,nan,nan
2023/2/27,15:22:46,,24.3,38.1,45.7,nan,nan
2023/2/27,15:22:55,,24.1,36.4,43.1,nan,nan
2023/2/27,15:23:4,,22.5,34.7,41.3,nan,nan
2023/2/27,15:23:13,,23.0,36.2,46.9,nan,nan
2023/2/27,15:23:22,,23.1,36.6,45.6,nan,nan
2023/2/27,15:23:31,,23.1,35.1,42.7,nan,nan
2023/2/27,15:23:40,,21.8,35.1,40.3,nan,nan
2000/20/0,0:53:0,,23.3,31.7,40.7,nan,nan
2023/2/27,15:58:52,,29.8,43.9,55.5,nan,nan
2023/2/27,15:59:1,,32.4,46.8,57.6,nan,nan
2023/2/27,15:59:10,,32.0,47.0,57.4,nan,nan
2023/2/27,15:59:19,,30.7,46.8,59.6,nan,nan
2023/2/27,15:59:28,,31.6,50.1,64.0,nan,nan
2023/2/27,15:59:38,,31.2,48.8,63.2,nan,nan
2023/2/27,15:59:47,,31.9,48.9,61.6,nan,nan
2023/2/27,15:59:56,,33.8,52.1,65.1,nan,nan
2023/2/27,16:0:5,,38.1,59.9,71.9,nan,nan
2023/2/27,16:0:14,,38.3,62.3,76.4,nan,nan
2023/2/27,16:0:24,,39.7,61.4,73.3,nan,nan
2023/2/27,16:0:33,,40.6,65.3,75.3,nan,nan
2023/2/27,16:0:42,,42.4,66.2,74.4,nan,nan
2023/2/27,16:0:51,,40.8,60.1,71.9,nan,nan
2023/2/27,16:1:0,,40.3,62.4,72.4,nan,nan
2023/2/27,16:1:9,,38.6,62.6,75.3,nan,nan
2023/2/27,16:1:18,,39.1,62.6,75.0,nan,nan
2023/2/27,16:1:28,,39.3,61.5,71.7,nan,nan
2023/2/27,16:1:36,,39.1,60.5,70.4,nan,nan
2023/2/27,16:1:45,,39.0,60.8,70.2,nan,nan
2023/2/27,16:1:55,,40.9,65.5,75.3,nan,nan
2023/2/27,16:2:4,,39.1,60.5,72.4,nan,nan
2023/2/27,16:2:13,,40.2,62.2,74.0,nan,nan
2023/2/27,16:2:22,,39.1,61.4,74.2,nan,nan
2023/2/27,16:2:31,,38.7,61.3,73.9,nan,nan
2023/2/27,16:2:40,,39.8,60.4,72.7,nan,nan
2023/2/27,16:2:49,,41.4,61.1,72.4,nan,nan
2023/2/27,16:2:58,,43.1,66.5,75.4,nan,nan
2023/2/27,16:3:7,,42.1,63.9,75.2,nan,nan
