2023/2/27,11:3:5,,41.9,65.0,73.3,nan,nan
2023/2/27,11:3:14,,41.1,66.2,73.5,nan,nan
2023/2/27,11:3:23,,42.0,65.1,72.9,nan,nan
2023/2/27,11:3:31,,40.7,65.0,72.5,nan,nan
2023/2/27,11:3:41,,41.1,65.6,73.4,nan,nan
2023/2/27,11:26:15,,35.0,57.9,69.5,nan,nan
2023/2/27,11:26:23,,33.8,56.4,67.6,nan,nan
2023/2/27,11:26:32,,34.5,56.0,67.0,nan,nan
2023/2/27,11:26:41,,34.9,54.8,66.9,nan,nan
2023/2/27,11:26:50,,34.8,54.0,67.0,nan,nan
2023/2/27,11:26:59,,36.7,60.4,71.0,nan,nan
2023/2/27,11:27:8,,37.0,62.0,72.0,nan,nan
2023/2/27,11:27:17,,35.2,60.5,70.7,nan,nan
2023/2/27,11:27:26,,36.6,59.2,69.8,nan,nan
2023/2/27,11:27:34,,37.5,58.1,69.7,nan,nan
2023/2/27,11:27:44,,38.4,59.5,71.5,nan,nan
2023/2/27,11:27:52,,35.1,55.4,67.2,nan,nan
2023/2/27,11:28:1,,34.0,53.0,64.9,nan,nan
2023/2/27,11:28:10,,35.9,56.0,68.0,nan,nan
2023/2/27,11:28:19,,34.5,54.5,66.7,nan,nan
2023/2/27,11:28:29,,35.1,54.5,65.6,nan,nan
2023/2/27,11:28:37,,35.6,55.8,67.3,nan,nan
2023/2/27,11:28:46,,36.4,55.1,67.4,nan,nan
2023/2/27,11:28:55,,37.2,57.3,68.7,nan,nan
2023/2/27,11:29:4,,38.3,58.1,69.1,nan,nan
2023/2/27,11:29:14,,36.5,61.0,70.5,nan,nan
2023/2/27,11:29:22,,36.9,64.5,73.1,nan,nan
2023/2/27,11:29:32,,38.2,60.8,71.5,nan,nan
2023/2/27,11:29:41,,35.5,57.0,68.5,nan,nan
2023/2/27,11:29:50,,36.2,58.0,68.9,nan,nan
2023/2/27,11:29:59,,37.3,59.5,69.7,nan,nan
2023/2/27,11:30:8,,37.1,62.4,71.7,nan,nan
2023/2/27,11:30:17,,37.0,59.3,69.3,nan,nan
2023/2/27,11:30:25,,36.0,56.7,67.5,nan,nan
2023/2/27,11:30:35,,34.6,54.6,66.6,nan,nan
2023/2/27,11:30:44,,36.6,55.6,67.1,nan,nan
2023/2/27,11:30:53,,36.6,59.4,69.9,nan,nan
2023/2/27,11:31:2,,34.7,56.0,68.3,nan,nan
2023/2/27,11:31:11,,35.0,56.1,67.1,nan,nan
2023/2/27,11:31:20,,35.5,57.4,68.4,nan,nan
2023/2/27,11:31:29,,35.1,56.6,67.9,nan,nan
2023/2/27,11:31:38,,35.1,56.8,68.1,nan,nan
2023/2/27,11:31:47,,34.4,57.5,69.4,nan,nan
2023/2/27,11:31:56,,34.0,56.4,69.3,nan,nan
2023/2/27,11:32:4,,34.8,58.1,69.9,nan,nan
2023/2/27,11:32:14,,35.0,57.5,69.3,nan,nan
2023/2/27,11:32:22,,34.3,54.4,68.0,nan,nan
2023/2/27,11:32:31,,34.9,56.8,68.7,nan,nan
2023/2/27,11:32:40,,34.5,54.3,66.8,nan,nan
2023/2/27,11:32:49,,34.6,54.1,66.2,nan,nan
2023/2/27,11:32:58,,36.1,54.8,66.6,nan,nan
2023/2/27,11:33:7,,36.3,58.6,68.9,nan,nan
2023/2/27,11:33:16,,36.3,59.4,69.7,nan,nan
2023/2/27,11:33:25,,35.4,57.1,68.7,nan,nan
2023/2/27,11:33:34,,36.8,58.3,69.2,nan,nan
2023/2/27,11:33:43,,36.8,60.6,70.4,nan,nan
2023/2/27,11:33:52,,36.6,59.9,70.2,nan,nan
2023/2/27,11:34:1,,35.0,56.0,67.7,nan,nan
2023/2/27,11:34:10,,34.6,53.6,66.0,nan,nan
2023/2/27,11:34:18,,34.6,55.1,66.7,nan,nan
2023/2/27,11:34:27,,35.1,58.4,68.6,nan,nan
2023/2/27,11:34:36,,35.6,58.6,69.5,nan,nan
2023/2/27,11:34:45,,34.7,57.8,68.7,nan,nan
2023/2/27,11:34:54,,35.0,55.9,67.0,nan,nan
2023/2/27,11:35:3,,36.0,55.6,67.5,nan,nan
2023/2/27,11:35:12,,36.1,54.6,66.9,nan,nan
2023/2/27,11:35:21,,37.0,55.4,67.6,nan,nan
2023/2/27,11:35:30,,36.3,55.9,67.8,nan,nan
2023/2/27,11:35:39,,36.3,56.1,67.9,nan,nan
2023/2/27,11:35:48,,37.7,57.8,69.1,nan,nan
2023/2/27,11:35:57,,37.3,58.1,69.1,nan,nan
2023/2/27,11:36:6,,36.4,58.9,69.2,nan,nan
2023/2/27,11:36:15,,34.8,56.2,66.8,nan,nan
2023/2/27,11:36:24,,34.3,54.2,66.3,nan,nan
2023/2/27,11:36:32,,35.6,53.8,66.5,nan,nan
2023/2/27,11:36:41,,36.8,54.1,67.2,nan,nan
2023/2/27,11:36:50,,34.7,55.4,68.1,nan,nan
2023/2/27,11:36:59,,34.5,56.0,68.1,nan,nan
2023/2/27,11:37:8,,38.8,61.1,72.2,nan,nan
2023/2/27,11:37:19,,41.0,65.6,74.3,nan,nan
2023/2/27,11:37:28,,39.2,62.1,70.9,nan,nan
2023/2/27,11:37:37,,38.4,58.6,69.2,nan,nan
2023/2/27,11:37:47,,36.9,58.5,68.8,nan,nan
2023/2/27,11:37:55,,35.4,58.3,69.2,nan,nan
2023/2/27,11:38:5,,38.9,60.1,72.6,nan,nan
2023/2/27,11:38:13,,36.6,57.1,69.7,nan,nan
2023/2/27,11:38:22,,35.3,55.6,66.7,nan,nan
2023/2/27,11:38:31,,36.1,55.3,68.4,nan,nan
2023/2/27,11:38:40,,37.3,56.5,68.3,nan,nan
2023/2/27,11:38:49,,38.6,58.2,68.7,nan,nan
2023/2/27,11:38:58,,38.6,58.4,69.1,nan,nan
2023/2/27,11:39:7,,38.2,58.0,69.3,nan,nan
2023/2/27,11:39:16,,38.9,58.3,70.6,nan,nan
2023/2/27,11:39:25,,39.8,61.4,72.4,nan,nan
2023/2/27,11:39:34,,40.6,63.2,72.4,nan,nan
2023/2/27,11:39:43,,38.9,61.1,71.9,nan,nan
2023/2/27,11:39:52,,37.3,59.7,71.1,nan,nan
2023/2/27,11:40:1,,37.3,59.0,71.1,nan,nan
2023/2/27,11:40:9,,38.7,60.1,71.8,nan,nan
2023/2/27,11:40:18,,39.6,59.8,71.0,nan,nan
2023/2/27,11:40:27,,38.5,60.8,69.7,nan,nan
2023/2/27,11:40:36,,38.9,61.8,70.8,nan,nan
2023/2/27,11:40:45,,35.8,57.6,69.0,nan,nan
2023/2/27,11:40:54,,36.7,57.6,68.6,nan,nan
2023/2/27,11:41:3,,40.9,62.2,72.7,nan,nan
2023/2/27,11:41:12,,41.9,67.4,75.5,nan,nan
2023/2/27,11:41:21,,39.5,62.6,72.5,nan,nan
2023/2/27,11:41:30,,36.5,60.1,70.8,nan,nan
2023/2/27,11:41:39,,38.2,61.6,71.9,nan,nan
2023/2/27,11:41:48,,39.3,62.9,73.9,nan,nan
2023/2/27,11:41:57,,39.2,63.0,73.0,nan,nan
2023/2/27,11:42:6,,37.8,60.0,70.5,nan,nan
2023/2/27,11:42:15,,35.2,54.1,65.9,nan,nan
2023/2/27,11:42:24,,40.7,63.3,74.2,nan,nan
2023/2/27,11:42:33,,40.6,61.2,72.2,nan,nan
2023/2/27,11:42:42,,39.2,58.1,70.7,nan,nan
2023/2/27,11:42:51,,38.3,55.2,67.9,nan,nan
2023/2/27,11:43:0,,39.1,57.7,69.8,nan,nan
2023/2/27,11:43:9,,38.8,64.0,75.3,nan,nan
2023/2/27,11:43:18,,39.3,63.8,74.1,nan,nan
2023/2/27,11:43:27,,40.5,61.6,70.8,nan,nan
2023/2/27,11:43:35,,39.8,57.8,68.1,nan,nan
2023/2/27,11:43:45,,38.5,56.2,66.7,nan,nan
2023/2/27,11:43:54,,35.9,58.0,69.1,nan,nan
2023/2/27,11:44:3,,39.7,62.5,72.7,nan,nan
2023/2/27,11:44:12,,39.1,59.4,71.0,nan,nan
2023/2/27,11:44:21,,39.7,61.4,73.0,nan,nan
2023/2/27,11:44:30,,38.4,60.1,70.6,nan,nan
2023/2/27,11:44:38,,38.6,59.7,70.3,nan,nan
2023/2/27,11:44:47,,39.9,60.1,70.0,nan,nan
2023/2/27,11:44:56,,35.3,57.9,69.2,nan,nan
2023/2/27,11:45:5,,35.3,55.0,66.8,nan,nan
2023/2/27,11:45:14,,38.1,58.9,69.2,nan,nan
2023/2/27,11:45:23,,38.3,58.8,69.1,nan,nan
2023/2/27,11:45:32,,38.4,59.6,70.6,nan,nan
2023/2/27,11:45:41,,37.2,58.4,69.5,nan,nan
2023/2/27,11:45:50,,39.0,60.0,69.5,nan,nan
2023/2/27,11:45:59,,39.8,60.0,70.7,nan,nan
2023/2/27,11:46:8,,39.1,62.8,73.4,nan,nan
2023/2/27,11:46:17,,37.9,59.4,70.5,nan,nan
2023/2/27,11:46:26,,37.6,58.2,69.0,nan,nan
2023/2/27,11:46:35,,38.0,60.4,70.6,nan,nan
2023/2/27,11:46:44,,39.5,62.4,72.4,nan,nan
2023/2/27,11:46:53,,38.4,60.9,70.7,nan,nan
2023/2/27,11:47:2,,37.2,58.0,68.1,nan,nan
2023/2/27,11:47:11,,37.3,57.0,68.4,nan,nan
2023/2/27,11:47:20,,38.9,59.4,70.8,nan,nan
2023/2/27,11:47:29,,38.4,57.6,68.3,nan,nan
2023/2/27,11:47:38,,43.0,65.9,73.4,nan,nan
2023/2/27,11:47:47,,38.6,62.9,72.8,nan,nan
2023/2/27,11:47:56,,36.6,58.2,70.5,nan,nan
2023/2/27,11:48:5,,40.4,62.3,71.5,nan,nan
2023/2/27,11:48:14,,42.2,66.5,73.5,nan,nan
2023/2/27,11:48:22,,38.6,60.1,70.6,nan,nan
2023/2/27,11:48:32,,39.9,60.9,71.3,nan,nan
2023/2/27,11:48:40,,40.3,62.7,72.3,nan,nan
2023/2/27,11:48:50,,38.4,61.2,71.4,nan,nan
2023/2/27,11:48:59,,38.7,60.3,70.5,nan,nan
2023/2/27,11:49:8,,41.5,60.5,71.0,nan,nan
2023/2/27,11:49:17,,42.0,61.7,70.6,nan,nan
2023/2/27,11:49:26,,43.7,64.3,72.7,nan,nan
2023/2/27,11:49:35,,37.3,59.6,69.8,nan,nan
2023/2/27,11:49:44,,37.9,61.3,70.6,nan,nan
2023/2/27,11:49:53,,40.2,60.5,69.5,nan,nan
2023/2/27,11:50:2,,47.0,65.1,73.4,nan,nan
2023/2/27,11:50:11,,42.9,63.4,71.9,nan,nan
2023/2/27,11:50:20,,38.1,61.4,71.8,nan,nan
2023/2/27,11:50:29,,37.6,60.0,70.9,nan,nan
2023/2/27,11:50:38,,37.7,59.3,70.3,nan,nan
2023/2/27,11:50:47,,37.9,59.7,70.1,nan,nan
2023/2/27,11:50:56,,38.0,61.7,70.9,nan,nan
2023/2/27,11:51:5,,38.6,61.2,71.4,nan,nan
2023/2/27,11:51:14,,38.1,60.3,70.8,nan,nan
2023/2/27,11:51:23,,37.7,57.5,68.7,nan,nan
2023/2/27,11:51:32,,37.5,56.1,66.5,nan,nan
2023/2/27,11:51:41,,39.9,60.8,71.1,nan,nan
2023/2/27,11:51:50,,38.7,61.5,71.6,nan,nan
2023/2/27,11:51:59,,38.4,60.4,70.2,nan,nan
2023/2/27,11:52:8,,37.7,60.7,70.0,nan,nan
2023/2/27,11:52:17,,38.2,60.2,69.8,nan,nan
2023/2/27,11:52:26,,35.7,59.3,70.1,nan,nan
2023/2/27,11:52:35,,36.9,59.4,69.8,nan,nan
2023/2/27,11:52:44,,39.4,60.7,70.4,nan,nan
2023/2/27,11:52:53,,40.4,62.4,71.4,nan,nan
2023/2/27,11:53:2,,37.7,59.9,69.1,nan,nan
2023/2/27,11:53:11,,37.5,59.3,69.4,nan,nan
2023/2/27,11:53:21,,36.4,61.1,71.7,nan,nan
2023/2/27,11:53:30,,37.2,59.8,71.4,nan,nan
2023/2/27,11:53:39,,34.3,57.4,69.1,nan,nan
2023/2/27,11:53:48,,36.8,60.1,70.6,nan,nan
2023/2/27,11:53:57,,39.0,60.8,71.0,nan,nan
2023/2/27,11:54:6,,40.8,60.8,70.7,nan,nan
2023/2/27,11:54:15,,40.2,61.7,70.8,nan,nan
2023/2/27,11:54:24,,39.2,61.5,72.5,nan,nan
2023/2/27,11:54:33,,39.1,60.1,70.7,nan,nan
2023/2/27,11:54:42,,38.0,59.9,69.8,nan,nan
2023/2/27,11:54:51,,38.3,58.1,68.6,nan,nan
2023/2/27,11:55:0,,38.7,60.3,70.0,nan,nan
2023/2/27,11:55:9,,39.9,64.5,72.8,nan,nan
2023/2/27,11:55:18,,39.1,65.0,73.8,nan,nan
2023/2/27,11:55:27,,40.5,65.9,73.6,nan,nan
2023/2/27,11:55:36,,37.5,59.2,69.3,nan,nan
2023/2/27,11:55:46,,36.0,57.0,68.7,nan,nan
2023/2/27,11:55:55,,36.8,59.5,69.8,nan,nan
2023/2/27,11:56:4,,38.8,63.1,72.4,nan,nan
2023/2/27,11:56:13,,39.8,61.3,71.5,nan,nan
2023/2/27,11:56:22,,37.4,57.7,68.0,nan,nan
2023/2/27,11:56:31,,38.7,59.2,69.7,nan,nan
2023/2/27,11:56:40,,37.6,58.2,69.5,nan,nan
2023/2/27,11:56:49,,36.2,57.1,68.3,nan,nan
2023/2/27,11:56:58,,35.7,55.7,67.9,nan,nan
2023/2/27,11:57:7,,36.0,55.3,66.8,nan,nan
2023/2/27,11:57:15,,36.4,55.6,66.7,nan,nan
2023/2/27,11:57:25,,37.4,58.6,69.0,nan,nan
2023/2/27,11:57:33,,37.1,61.0,71.3,nan,nan
2023/2/27,11:57:42,,37.5,61.6,71.3,nan,nan
2023/2/27,11:57:51,,38.0,61.8,71.1,nan,nan
2023/2/27,11:58:0,,38.6,60.0,70.9,nan,nan
2023/2/27,11:58:9,,38.6,61.5,71.2,nan,nan
2023/2/27,11:58:18,,38.4,60.7,71.0,nan,nan
2023/2/27,11:58:26,,39.0,60.0,70.7,nan,nan
2023/2/27,11:58:35,,38.8,60.1,71.3,nan,nan
2023/2/27,11:58:44,,40.0,62.5,72.2,nan,nan
2023/2/27,11:58:53,,37.4,58.1,68.1,nan,nan
2023/2/27,11:59:2,,36.2,57.5,68.0,nan,nan
2023/2/27,11:59:11,,36.3,58.1,69.7,nan,nan
2023/2/27,11:59:20,,36.4,56.4,69.4,nan,nan
2023/2/27,11:59:29,,35.1,56.5,69.0,nan,nan
2023/2/27,11:59:38,,34.1,56.1,66.7,nan,nan
2023/2/27,11:59:47,,34.0,57.2,66.8,nan,nan
2023/2/27,11:59:56,,35.3,57.4,68.7,nan,nan
2023/2/27,12:0:5,,35.8,55.8,68.5,nan,nan
2023/2/27,12:0:14,,38.1,61.4,71.0,nan,nan
2023/2/27,12:0:23,,38.4,62.0,70.4,nan,nan
2023/2/27,12:0:32,,37.5,58.7,69.3,nan,nan
2023/2/27,12:0:41,,37.1,59.0,70.0,nan,nan
2023/2/27,12:0:50,,36.6,60.2,70.3,nan,nan
2023/2/27,12:0:59,,35.3,55.3,67.0,nan,nan
2023/2/27,12:1:8,,34.6,53.6,65.7,nan,nan
2023/2/27,12:1:17,,35.8,57.1,68.9,nan,nan
2023/2/27,12:1:25,,38.0,59.9,70.9,nan,nan
2023/2/27,12:1:34,,40.5,62.3,71.8,nan,nan
2023/2/27,12:1:43,,37.4,60.4,71.4,nan,nan
2023/2/27,12:1:52,,37.9,61.9,72.5,nan,nan
2023/2/27,12:2:1,,37.4,61.5,71.5,nan,nan
2023/2/27,12:2:10,,37.6,58.2,69.1,nan,nan
2023/2/27,12:2:19,,38.3,57.5,69.1,nan,nan
2023/2/27,12:2:28,,40.6,65.5,72.5,nan,nan
2023/2/27,12:2:37,,40.7,64.8,72.6,nan,nan
2023/2/27,12:2:46,,36.8,60.7,70.2,nan,nan
2023/2/27,12:2:54,,36.0,58.5,69.0,nan,nan
2023/2/27,12:3:3,,37.0,57.1,68.6,nan,nan
2023/2/27,12:3:13,,37.8,59.2,69.8,nan,nan
2023/2/27,12:3:21,,35.6,56.7,69.0,nan,nan
2023/2/27,12:3:31,,37.4,58.9,69.7,nan,nan
2023/2/27,12:3:40,,38.9,58.7,69.3,nan,nan
2023/2/27,12:3:49,,40.8,60.3,70.1,nan,nan
2023/2/27,12:3:57,,40.7,60.3,70.3,nan,nan
2023/2/27,12:4:6,,39.9,59.5,70.0,nan,nan
2023/2/27,12:4:15,,37.8,59.0,69.8,nan,nan
2023/2/27,12:4:25,,40.1,61.3,71.6,nan,nan
2023/2/27,12:4:34,,40.5,61.1,70.7,nan,nan
2023/2/27,12:4:43,,41.0,62.8,71.8,nan,nan
2023/2/27,12:4:52,,39.5,64.5,74.5,nan,nan
2023/2/27,12:5:0,,38.0,59.2,70.2,nan,nan
2023/2/27,12:5:10,,36.8,59.8,71.2,nan,nan
2023/2/27,12:5:18,,36.6,61.0,71.6,nan,nan
2023/2/27,12:5:27,,37.4,60.2,70.9,nan,nan
2023/2/27,12:5:36,,38.7,59.7,70.7,nan,nan
2023/2/27,12:5:45,,39.0,58.6,69.3,nan,nan
2023/2/27,12:5:54,,39.9,62.4,71.3,nan,nan
2023/2/27,12:6:3,,40.0,63.3,71.5,nan,nan
2023/2/27,12:6:12,,40.9,62.5,70.9,nan,nan
2023/2/27,12:6:21,,42.9,65.3,73.6,nan,nan
2023/2/27,12:6:30,,40.7,62.8,72.9,nan,nan
2023/2/27,12:6:39,,39.1,59.9,70.7,nan,nan
2023/2/27,12:6:48,,39.0,59.5,69.1,nan,nan
2023/2/27,12:6:57,,39.3,60.0,70.0,nan,nan
2023/2/27,12:7:6,,37.4,57.7,70.3,nan,nan
2023/2/27,12:7:15,,37.7,57.8,71.1,nan,nan
2023/2/27,12:7:24,,40.2,62.5,72.2,nan,nan
2023/2/27,12:7:33,,41.0,62.3,71.7,nan,nan
2023/2/27,12:7:42,,38.1,59.9,71.8,nan,nan
2023/2/27,12:7:50,,36.3,57.4,70.7,nan,nan
2023/2/27,12:8:0,,40.3,63.0,73.1,nan,nan
2023/2/27,12:8:9,,38.2,60.2,70.7,nan,nan
2023/2/27,12:8:18,,36.9,57.4,69.3,nan,nan
2023/2/27,12:8:26,,36.2,55.2,67.9,nan,nan
2023/2/27,12:8:35,,36.2,53.8,66.6,nan,nan
2023/2/27,12:8:44,,36.2,56.9,69.0,nan,nan
2023/2/27,12:8:53,,34.7,54.7,66.6,nan,nan
2023/2/27,12:9:2,,34.1,52.2,64.1,nan,nan
2023/2/27,12:9:11,,35.7,53.6,65.0,nan,nan
2023/2/27,12:9:20,,36.3,55.5,66.8,nan,nan
2023/2/27,12:9:29,,36.6,57.0,68.8,nan,nan
2023/2/27,12:9:38,,36.1,55.8,67.0,nan,nan
2023/2/27,12:9:47,,36.1,58.7,69.1,nan,nan
2023/2/27,12:9:56,,34.3,54.3,67.0,nan,nan
2023/2/27,12:10:5,,33.5,51.7,63.4,nan,nan
2023/2/27,12:10:13,,34.1,51.5,62.8,nan,nan
2023/2/27,12:10:23,,34.7,52.2,64.0,nan,nan
2023/2/27,12:10:32,,35.4,55.7,67.3,nan,nan
2023/2/27,12:10:41,,35.5,56.6,68.2,nan,nan
2023/2/27,12:10:50,,34.6,55.1,66.9,nan,nan
2023/2/27,12:10:58,,34.0,53.3,65.5,nan,nan
2023/2/27,12:11:7,,34.4,52.2,64.2,nan,nan
2023/2/27,12:11:16,,34.3,51.8,63.9,nan,nan
2023/2/27,12:11:25,,34.0,53.7,65.2,nan,nan
2023/2/27,12:11:34,,33.6,53.7,65.9,nan,nan
2023/2/27,12:11:43,,34.8,53.0,66.4,nan,nan
2023/2/27,12:11:52,,34.8,52.3,64.8,nan,nan
2023/2/27,12:12:1,,34.4,53.5,65.8,nan,nan
2023/2/27,12:12:10,,33.6,52.3,64.3,nan,nan
2023/2/27,12:12:19,,33.8,53.4,66.0,nan,nan
2023/2/27,12:12:28,,32.3,51.7,63.4,nan,nan
2023/2/27,12:12:36,,33.6,52.0,64.9,nan,nan
2023/2/27,12:12:45,,34.4,54.0,65.9,nan,nan
2023/2/27,12:12:54,,33.9,53.6,65.4,nan,nan
2023/2/27,12:13:3,,32.2,50.5,62.4,nan,nan
2023/2/27,12:13:12,,32.7,50.2,62.0,nan,nan
2023/2/27,12:13:21,,33.9,52.2,65.4,nan,nan
2023/2/27,12:13:30,,35.1,55.0,67.6,nan,nan
2023/2/27,12:13:39,,34.0,52.4,65.2,nan,nan
2023/2/27,12:13:48,,33.6,51.6,65.8,nan,nan
2023/2/27,12:13:57,,33.9,52.1,64.8,nan,nan
2023/2/27,12:14:6,,34.1,52.7,64.4,nan,nan
2023/2/27,12:14:15,,33.6,51.6,63.6,nan,nan
2023/2/27,12:14:23,,34.1,52.7,64.8,nan,nan
2023/2/27,12:14:32,,34.4,52.6,65.4,nan,nan
2023/2/27,12:14:41,,33.7,52.4,65.0,nan,nan
2023/2/27,12:14:50,,33.6,51.7,64.0,nan,nan
2023/2/27,12:14:59,,33.0,51.0,63.2,nan,nan
2023/2/27,12:15:8,,32.2,50.2,61.3,nan,nan
2023/2/27,12:15:16,,33.0,51.0,62.7,nan,nan
2023/2/27,12:15:25,,33.1,50.5,62.2,nan,nan
2023/2/27,12:15:34,,33.7,51.6,64.6,nan,nan
2023/2/27,12:15:43,,33.3,50.6,62.9,nan,nan
2023/2/27,12:15:52,,33.1,49.3,61.3,nan,nan
2023/2/27,12:16:0,,33.8,50.4,61.8,nan,nan
2023/2/27,12:16:10,,33.9,51.0,62.7,nan,nan
2023/2/27,12:16:19,,33.8,52.7,64.8,nan,nan
2023/2/27,12:16:27,,33.5,51.6,63.9,nan,nan
2023/2/27,12:16:37,,33.1,52.4,64.4,nan,nan
2023/2/27,12:16:45,,33.2,52.2,63.9,nan,nan
2023/2/27,12:16:55,,33.0,51.7,63.1,nan,nan
2023/2/27,12:17:4,,33.2,51.9,63.5,nan,nan
2023/2/27,12:17:13,,33.2,51.6,63.7,nan,nan
2023/2/27,12:17:22,,33.9,52.1,64.2,nan,nan
2023/2/27,12:17:31,,34.1,53.0,64.8,nan,nan
2023/2/27,12:17:40,,32.8,50.9,64.7,nan,nan
2023/2/27,12:17:48,,32.9,50.6,65.2,nan,nan
2023/2/27,12:17:57,,34.0,52.1,65.9,nan,nan
2023/2/27,12:18:6,,34.0,51.9,64.5,nan,nan
2023/2/27,12:18:15,,33.2,50.9,62.1,nan,nan
2023/2/27,12:18:24,,33.3,51.6,63.1,nan,nan
2023/2/27,12:18:33,,33.6,51.6,62.9,nan,nan
2023/2/27,12:18:43,,36.9,55.8,67.0,nan,nan
2023/2/27,12:18:52,,40.9,61.1,70.7,nan,nan
2023/2/27,12:19:1,,35.0,53.3,65.3,nan,nan
2023/2/27,12:19:10,,33.3,51.2,62.8,nan,nan
2023/2/27,12:19:19,,33.5,51.9,64.3,nan,nan
2023/2/27,12:19:28,,33.6,51.7,64.2,nan,nan
2023/2/27,12:19:37,,34.8,53.3,66.6,nan,nan
2023/2/27,12:19:46,,38.8,58.2,69.7,nan,nan
2023/2/27,12:19:55,,35.6,53.5,65.5,nan,nan
2023/2/27,12:20:3,,33.5,51.7,63.0,nan,nan
2023/2/27,12:20:12,,32.4,49.3,60.3,nan,nan
2023/2/27,12:20:21,,33.0,49.1,60.7,nan,nan
2023/2/27,12:20:30,,33.3,51.0,63.0,nan,nan
2023/2/27,12:20:39,,32.6,49.8,62.7,nan,nan
2023/2/27,12:20:48,,32.9,51.6,64.8,nan,nan
2023/2/27,12:20:57,,31.9,50.3,62.7,nan,nan
2023/2/27,12:21:6,,32.0,49.8,61.7,nan,nan
2023/2/27,12:21:15,,32.8,50.8,62.3,nan,nan
2023/2/27,12:21:24,,32.4,49.7,61.4,nan,nan
2023/2/27,12:21:33,,32.7,49.1,60.3,nan,nan
2023/2/27,12:21:42,,32.8,50.6,61.8,nan,nan
2023/2/27,12:21:51,,31.3,49.4,60.6,nan,nan
2023/2/27,12:22:0,,31.8,50.3,61.3,nan,nan
2023/2/27,12:22:9,,32.0,49.0,59.8,nan,nan
2023/2/27,12:22:18,,31.5,48.4,59.9,nan,nan
2023/2/27,12:22:27,,31.6,49.3,59.8,nan,nan
2023/2/27,12:22:36,,30.9,49.5,60.5,nan,nan
2023/2/27,12:22:45,,31.2,47.7,58.7,nan,nan
2023/2/27,12:22:54,,31.4,48.1,58.8,nan,nan
2023/2/27,12:23:3,,31.6,49.7,61.1,nan,nan
2023/2/27,12:23:12,,31.7,48.9,61.2,nan,nan
2023/2/27,12:23:21,,32.1,48.5,60.4,nan,nan
2023/2/27,12:23:30,,32.7,49.1,60.5,nan,nan
2023/2/27,12:23:39,,32.6,49.5,61.3,nan,nan
2023/2/27,12:23:48,,31.9,49.2,61.1,nan,nan
2023/2/27,12:23:56,,31.8,48.3,58.8,nan,nan
2023/2/27,12:24:6,,32.8,50.8,62.1,nan,nan
2023/2/27,12:24:14,,31.7,49.2,60.1,nan,nan
2023/2/27,12:24:24,,32.6,50.3,61.3,nan,nan
2023/2/27,12:24:32,,30.8,48.9,60.5,nan,nan
2023/2/27,12:24:41,,30.2,47.6,58.7,nan,nan
2023/2/27,12:24:50,,30.1,47.6,56.9,nan,nan
2023/2/27,12:24:59,,30.9,47.8,57.3,nan,nan
2023/2/27,12:25:8,,33.6,49.6,61.6,nan,nan
2023/2/27,12:25:17,,32.4,49.9,61.4,nan,nan
2023/2/27,12:25:25,,31.9,48.1,58.2,nan,nan
2023/2/27,12:25:34,,31.1,46.5,56.2,nan,nan
2023/2/27,12:25:43,,31.0,48.5,59.4,nan,nan
2023/2/27,12:25:52,,30.6,48.3,59.0,nan,nan
2023/2/27,12:26:1,,30.7,47.0,57.6,nan,nan
2023/2/27,12:26:10,,31.0,48.1,58.8,nan,nan
2023/2/27,12:26:19,,30.0,47.8,57.4,nan,nan
2023/2/27,12:26:28,,30.8,47.2,56.8,nan,nan
2023/2/27,12:26:37,,31.6,49.4,59.5,nan,nan
2023/2/27,12:26:45,,31.6,48.4,58.4,nan,nan
2023/2/27,12:26:54,,31.9,47.9,57.9,nan,nan
2023/2/27,12:27:3,,31.7,47.6,57.9,nan,nan
2023/2/27,12:27:12,,30.7,47.9,58.1,nan,nan
2023/2/27,12:27:21,,29.3,45.9,56.0,nan,nan
2023/2/27,12:27:30,,30.5,46.2,56.9,nan,nan
2023/2/27,12:27:39,,31.1,47.3,57.3,nan,nan
2023/2/27,12:27:48,,29.2,45.5,55.1,nan,nan
2023/2/27,12:27:56,,29.9,45.9,55.4,nan,nan
2023/2/27,12:28:5,,29.6,44.7,55.0,nan,nan
2023/2/27,12:28:14,,29.6,44.7,55.0,nan,nan
2023/2/27,12:28:23,,30.1,45.3,55.8,nan,nan
2023/2/27,12:28:32,,30.4,46.8,57.7,nan,nan
2023/2/27,12:28:41,,30.9,48.4,59.3,nan,nan
2023/2/27,12:28:50,,30.1,47.1,57.2,nan,nan
2023/2/27,12:28:59,,30.5,46.0,56.8,nan,nan
2023/2/27,12:29:7,,29.6,45.0,56.0,nan,nan
2023/2/27,12:29:16,,29.7,45.8,56.2,nan,nan
2023/2/27,12:29:25,,29.7,45.3,55.7,nan,nan
2023/2/27,12:29:34,,30.5,45.7,55.8,nan,nan
2023/2/27,12:29:43,,30.3,46.9,56.5,nan,nan
2023/2/27,12:29:52,,29.2,47.4,57.6,nan,nan
2023/2/27,12:30:1,,29.8,45.8,55.3,nan,nan
2023/2/27,12:30:10,,29.7,46.0,55.8,nan,nan
2023/2/27,12:30:19,,29.8,46.6,56.2,nan,nan
2023/2/27,12:30:28,,30.8,46.4,55.5,nan,nan
2023/2/27,12:30:36,,30.0,45.3,56.0,nan,nan
2023/2/27,12:30:45,,30.2,45.2,57.1,nan,nan
2023/2/27,12:30:54,,30.8,48.5,60.9,nan,nan
2023/2/27,12:31:4,,30.2,47.9,58.5,nan,nan
2023/2/27,12:31:13,,29.4,47.3,57.7,nan,nan
2023/2/27,12:31:22,,30.2,46.1,55.9,nan,nan
2023/2/27,12:31:31,,29.4,46.2,55.4,nan,nan
2023/2/27,12:31:40,,30.0,45.8,55.5,nan,nan
2023/2/27,12:31:49,,30.0,45.6,55.6,nan,nan
2023/2/27,12:31:58,,30.6,45.6,55.1,nan,nan
2023/2/27,12:32:6,,30.4,45.7,54.7,nan,nan
2023/2/27,12:32:15,,30.0,46.6,56.0,nan,nan
2023/2/27,12:32:24,,29.4,44.9,54.3,nan,nan
2023/2/27,12:32:33,,29.4,45.0,54.1,nan,nan
2023/2/27,12:32:42,,30.3,47.0,56.9,nan,nan
2023/2/27,12:32:51,,29.3,46.5,56.7,nan,nan
2023/2/27,12:33:0,,29.1,46.1,57.1,nan,nan
2023/2/27,12:33:8,,30.0,46.3,58.3,nan,nan
2023/2/27,12:33:17,,29.7,46.0,57.0,nan,nan
2023/2/27,12:33:26,,29.7,45.7,55.3,nan,nan
2023/2/27,12:33:35,,29.6,45.8,55.4,nan,nan
2023/2/27,12:33:44,,29.3,47.1,57.1,nan,nan
2023/2/27,12:33:53,,29.4,46.5,56.8,nan,nan
2023/2/27,12:34:1,,29.9,45.6,55.5,nan,nan
2023/2/27,12:34:10,,29.0,44.4,53.5,nan,nan
2023/2/27,12:34:19,,30.9,47.1,57.7,nan,nan
2023/2/27,12:34:28,,30.9,47.5,57.1,nan,nan
2023/2/27,12:34:37,,29.0,45.6,55.0,nan,nan
2023/2/27,12:34:46,,27.5,44.8,54.4,nan,nan
2023/2/27,12:34:56,,29.8,46.9,58.7,nan,nan
2023/2/27,12:35:4,,29.0,46.0,58.1,nan,nan
2023/2/27,12:35:13,,30.3,46.7,57.5,nan,nan
2023/2/27,12:35:22,,30.9,47.5,57.8,nan,nan
2023/2/27,12:35:31,,30.3,47.3,58.0,nan,nan
2023/2/27,12:35:40,,30.9,48.0,59.3,nan,nan
2023/2/27,12:35:48,,29.8,46.9,56.5,nan,nan
2023/2/27,12:35:58,,28.7,45.6,54.4,nan,nan
2023/2/27,12:36:7,,29.5,46.1,56.0,nan,nan
2023/2/27,12:36:15,,28.1,44.7,54.0,nan,nan
2023/2/27,12:36:24,,29.0,45.0,54.5,nan,nan
2023/2/27,12:36:33,,29.6,44.7,54.7,nan,nan
2023/2/27,12:36:41,,29.6,44.3,54.6,nan,nan
2023/2/27,12:36:50,,30.5,45.9,56.1,nan,nan
2023/2/27,12:36:59,,33.8,49.6,60.4,nan,nan
2023/2/27,12:37:9,,31.8,47.5,57.0,nan,nan
2023/2/27,12:37:18,,29.3,46.9,56.6,nan,nan
2023/2/27,12:37:26,,28.9,46.2,55.7,nan,nan
2023/2/27,12:37:36,,29.3,44.8,53.6,nan,nan
2023/2/27,12:37:45,,29.8,46.6,55.6,nan,nan
2023/2/27,12:37:54,,30.1,46.5,55.7,nan,nan
2023/2/27,12:38:3,,28.9,45.3,53.8,nan,nan
2023/2/27,12:38:12,,28.4,44.0,52.4,nan,nan
2023/2/27,12:38:20,,28.7,43.7,52.6,nan,nan
2023/2/27,12:38:29,,28.7,44.3,54.0,nan,nan
2023/2/27,12:38:38,,29.0,44.2,54.5,nan,nan
2023/2/27,12:38:46,,29.0,44.1,54.4,nan,nan
2023/2/27,12:38:55,,28.8,43.9,52.9,nan,nan
2023/2/27,12:39:4,,28.2,43.7,52.5,nan,nan
2023/2/27,12:39:13,,28.5,44.0,53.0,nan,nan
2023/2/27,12:39:22,,28.9,44.7,54.5,nan,nan
2023/2/27,12:39:31,,27.7,43.2,51.9,nan,nan
2023/2/27,12:39:39,,28.4,44.0,52.5,nan,nan
2023/2/27,12:39:48,,28.1,42.7,51.6,nan,nan
2023/2/27,12:39:57,,28.7,42.9,50.9,nan,nan
2023/2/27,12:40:6,,28.7,44.0,52.0,nan,nan
2023/2/27,12:40:15,,28.2,43.6,51.6,nan,nan
2023/2/27,12:40:24,,29.3,44.9,53.8,nan,nan
2023/2/27,12:40:32,,28.7,44.1,52.9,nan,nan
2023/2/27,12:40:41,,28.3,42.4,50.4,nan,nan
2023/2/27,12:40:50,,28.0,44.4,52.2,nan,nan
2023/2/27,12:40:59,,27.4,44.1,52.1,nan,nan
2023/2/27,12:41:8,,27.3,42.5,50.5,nan,nan
2023/2/27,12:41:17,,27.8,42.4,51.1,nan,nan
2023/2/27,12:41:26,,27.4,44.4,54.1,nan,nan
2023/2/27,12:41:35,,28.3,44.2,53.2,nan,nan
2023/2/27,12:41:44,,29.5,44.1,52.7,nan,nan
2023/2/27,12:41:53,,29.8,45.9,55.5,nan,nan
2023/2/27,12:42:1,,28.4,44.6,53.6,nan,nan
2023/2/27,12:42:10,,28.3,43.8,52.8,nan,nan
2023/2/27,12:42:19,,27.9,43.9,53.8,nan,nan
2023/2/27,12:42:28,,28.5,44.1,54.7,nan,nan
2023/2/27,12:42:36,,29.2,44.2,53.9,nan,nan
2023/2/27,12:42:46,,30.4,45.8,54.8,nan,nan
2023/2/27,12:42:54,,29.2,44.5,53.5,nan,nan
2023/2/27,12:43:3,,28.4,43.9,52.4,nan,nan
2023/2/27,12:43:12,,28.7,43.8,52.1,nan,nan
2023/2/27,12:43:21,,28.9,44.4,52.4,nan,nan
2023/2/27,12:43:30,,28.0,45.4,55.2,nan,nan
2023/2/27,12:43:39,,27.3,44.1,53.4,nan,nan
2023/2/27,12:43:48,,27.9,44.1,53.0,nan,nan
2023/2/27,12:43:57,,27.3,44.0,53.0,nan,nan
2023/2/27,12:44:6,,28.3,44.4,52.9,nan,nan
2023/2/27,12:44:15,,28.4,44.0,53.7,nan,nan
2023/2/27,12:44:23,,28.8,43.8,52.8,nan,nan
2023/2/27,12:44:32,,29.4,44.9,54.2,nan,nan
2023/2/27,12:44:41,,27.8,44.9,53.5,nan,nan
2023/2/27,12:44:50,,26.6,43.3,51.5,nan,nan
2023/2/27,12:44:59,,26.7,43.1,51.7,nan,nan
2023/2/27,12:45:8,,27.0,42.6,52.2,nan,nan
2023/2/27,12:45:16,,27.1,42.6,51.9,nan,nan
2023/2/27,12:45:25,,27.9,43.9,53.4,nan,nan
2023/2/27,12:45:34,,27.5,43.2,52.2,nan,nan
2023/2/27,12:45:43,,27.9,43.1,51.9,nan,nan
2023/2/27,12:45:52,,28.4,43.4,51.7,nan,nan
2023/2/27,12:46:1,,28.0,43.6,52.3,nan,nan
2023/2/27,12:46:10,,28.0,44.1,53.9,nan,nan
2023/2/27,12:46:19,,27.5,43.4,53.6,nan,nan
2023/2/27,12:46:28,,27.1,43.9,53.6,nan,nan
2023/2/27,12:46:37,,28.9,44.2,53.0,nan,nan
2023/2/27,12:46:46,,28.5,43.4,52.1,nan,nan
2023/2/27,12:46:55,,30.0,45.3,54.4,nan,nan
2023/2/27,12:47:4,,34.5,49.6,60.0,nan,nan
2023/2/27,12:47:13,,32.4,48.4,58.0,nan,nan
2023/2/27,12:47:22,,30.6,46.2,55.1,nan,nan
2023/2/27,12:47:31,,30.0,44.8,53.1,nan,nan
2023/2/27,12:47:40,,31.5,46.9,56.8,nan,nan
2023/2/27,12:47:49,,32.4,47.3,58.4,nan,nan
2023/2/27,12:47:58,,31.9,47.2,57.7,nan,nan
2023/2/27,12:48:7,,34.0,49.1,59.3,nan,nan
2023/2/27,12:48:16,,31.1,45.9,55.6,nan,nan
2023/2/27,12:48:26,,28.5,44.2,54.4,nan,nan
2023/2/27,12:48:35,,32.3,48.0,58.6,nan,nan
2023/2/27,12:48:44,,33.2,48.8,59.4,nan,nan
2023/2/27,12:48:53,,34.0,51.4,62.7,nan,nan
2023/2/27,12:49:2,,31.0,46.7,57.5,nan,nan
2023/2/27,12:49:11,,27.3,43.0,51.3,nan,nan
2023/2/27,12:49:20,,27.8,43.9,52.7,nan,nan
2023/2/27,12:49:29,,27.9,44.3,53.6,nan,nan
2023/2/27,12:49:38,,27.4,42.4,50.3,nan,nan
2023/2/27,12:49:46,,29.8,44.0,52.6,nan,nan
2023/2/27,12:49:55,,31.4,47.3,56.4,nan,nan
2023/2/27,12:50:4,,29.6,45.2,54.5,nan,nan
2023/2/27,12:50:13,,28.3,43.2,51.4,nan,nan
2023/2/27,12:50:22,,28.0,43.4,51.3,nan,nan
2023/2/27,12:50:32,,28.3,43.3,51.7,nan,nan
2023/2/27,12:50:40,,27.7,43.2,52.2,nan,nan
2023/2/27,12:50:49,,28.3,44.9,53.9,nan,nan
2023/2/27,12:50:58,,28.3,44.0,52.6,nan,nan
2023/2/27,12:51:7,,28.0,43.2,51.0,nan,nan
2023/2/27,12:51:15,,27.9,41.1,49.3,nan,nan
2023/2/27,12:51:24,,28.0,40.2,48.5,nan,nan
2023/2/27,12:51:33,,27.7,39.7,48.3,nan,nan
2023/2/27,12:51:41,,28.0,41.6,49.3,nan,nan
2023/2/27,12:51:50,,27.6,41.3,49.3,nan,nan
2023/2/27,12:51:59,,27.5,41.5,48.7,nan,nan
2023/2/27,12:52:8,,27.0,41.3,48.3,nan,nan
2023/2/27,12:52:16,,27.1,41.6,49.0,nan,nan
2023/2/27,12:52:25,,28.0,41.0,48.7,nan,nan
2023/2/27,12:52:34,,27.6,40.0,47.1,nan,nan
2023/2/27,12:52:42,,28.0,40.4,47.1,nan,nan
2023/2/27,12:52:51,,27.8,41.8,49.1,nan,nan
2023/2/27,12:53:0,,27.2,42.6,50.8,nan,nan
2023/2/27,12:53:9,,27.2,42.6,51.2,nan,nan
2023/2/27,12:53:18,,27.4,41.8,50.2,nan,nan
2023/2/27,12:53:27,,27.4,41.4,49.8,nan,nan
2023/2/27,12:53:36,,27.0,41.1,50.7,nan,nan
2023/2/27,12:53:45,,27.2,41.7,51.0,nan,nan
2023/2/27,12:53:54,,27.9,42.5,51.4,nan,nan
2023/2/27,12:54:3,,27.1,42.2,50.2,nan,nan
2023/2/27,12:54:11,,27.5,43.3,51.5,nan,nan
2023/2/27,12:54:20,,28.2,43.1,51.1,nan,nan
2023/2/27,12:54:29,,27.2,42.3,50.2,nan,nan
2023/2/27,12:54:38,,27.4,43.4,51.4,nan,nan
2023/2/27,12:54:47,,29.1,45.0,54.3,nan,nan
2023/2/27,12:54:56,,29.1,43.7,52.4,nan,nan
2023/2/27,12:55:5,,28.1,41.9,50.2,nan,nan
2023/2/27,12:55:14,,28.6,42.8,51.6,nan,nan
2023/2/27,12:55:23,,28.1,44.7,54.6,nan,nan
2023/2/27,12:55:32,,27.5,44.5,53.8,nan,nan
2023/2/27,12:55:41,,27.3,43.7,52.7,nan,nan
2023/2/27,12:55:50,,27.7,43.3,51.6,nan,nan
2023/2/27,12:55:59,,27.8,43.5,52.5,nan,nan
2023/2/27,12:56:8,,27.1,43.3,51.7,nan,nan
2023/2/27,12:56:17,,26.0,41.6,49.2,nan,nan
2023/2/27,12:56:26,,26.3,41.1,48.8,nan,nan
2023/2/27,12:56:35,,28.2,42.9,51.0,nan,nan
2023/2/27,12:56:44,,31.0,46.0,55.1,nan,nan
2023/2/27,12:56:53,,30.3,45.6,54.6,nan,nan
2023/2/27,12:57:2,,28.1,42.7,51.4,nan,nan
2023/2/27,12:57:11,,25.6,40.5,48.4,nan,nan
2023/2/27,12:57:20,,25.7,40.5,48.0,nan,nan
2023/2/27,12:57:29,,25.6,39.0,46.0,nan,nan
2023/2/27,12:57:38,,26.6,41.4,49.2,nan,nan
2023/2/27,12:57:47,,27.8,44.3,53.7,nan,nan
2023/2/27,12:57:55,,27.4,42.8,51.5,nan,nan
2023/2/27,12:58:4,,26.1,39.4,46.7,nan,nan
2023/2/27,12:58:13,,26.4,39.2,45.6,nan,nan
2023/2/27,12:58:22,,26.0,38.0,44.7,nan,nan
2023/2/27,12:58:31,,26.0,40.8,49.8,nan,nan
2023/2/27,12:58:40,,26.5,41.9,50.0,nan,nan
2023/2/27,12:58:48,,26.4,41.4,49.4,nan,nan
2023/2/27,12:58:58,,27.0,41.8,49.8,nan,nan
2023/2/27,12:59:6,,26.6,41.1,48.9,nan,nan
2023/2/27,12:59:15,,27.0,42.3,49.6,nan,nan
2023/2/27,12:59:24,,26.1,40.8,49.3,nan,nan
2023/2/27,12:59:33,,25.9,40.4,49.2,nan,nan
2023/2/27,12:59:42,,26.6,41.6,49.3,nan,nan
2023/2/27,12:59:51,,25.9,41.2,48.9,nan,nan
2023/2/27,13:0:0,,27.1,43.7,52.8,nan,nan
2023/2/27,13:0:9,,26.9,43.3,52.0,nan,nan
2023/2/27,13:0:17,,27.6,43.3,51.4,nan,nan
2023/2/27,13:0:26,,27.4,42.4,50.9,nan,nan
2023/2/27,13:0:35,,27.6,41.7,49.4,nan,nan
2023/2/27,13:0:44,,27.5,42.3,49.8,nan,nan
2023/2/27,13:0:53,,27.2,42.8,51.1,nan,nan
2023/2/27,13:1:2,,26.6,42.0,50.2,nan,nan
2023/2/27,13:1:11,,26.5,42.2,49.8,nan,nan
2023/2/27,13:1:19,,26.0,41.4,48.4,nan,nan
2023/2/27,13:1:28,,26.2,41.3,48.9,nan,nan
2023/2/27,13:1:37,,26.7,41.4,48.7,nan,nan
2023/2/27,13:1:46,,26.5,40.7,47.7,nan,nan
2023/2/27,13:1:54,,26.0,39.9,46.8,nan,nan
2023/2/27,13:2:4,,26.9,42.0,50.8,nan,nan
2023/2/27,13:2:12,,25.5,42.5,51.1,nan,nan
2023/2/27,13:2:21,,26.0,41.8,48.8,nan,nan
2023/2/27,13:2:30,,26.9,40.9,47.8,nan,nan
2023/2/27,13:2:39,,26.7,41.0,47.7,nan,nan
2023/2/27,13:2:48,,26.5,41.6,49.6,nan,nan
2023/2/27,13:2:57,,27.1,42.9,51.5,nan,nan
2023/2/27,13:3:6,,28.0,41.8,50.0,nan,nan
2023/2/27,13:3:15,,27.4,41.3,49.7,nan,nan
2023/2/27,13:3:23,,27.5,40.6,49.3,nan,nan
2023/2/27,13:3:32,,26.4,40.0,48.2,nan,nan
2023/2/27,13:3:41,,26.1,40.0,47.3,nan,nan
2023/2/27,13:3:50,,25.5,39.2,46.6,nan,nan
2023/2/27,13:3:59,,26.3,40.3,48.3,nan,nan
2023/2/27,13:4:8,,27.4,41.7,50.0,nan,nan
2023/2/27,13:4:17,,27.1,41.9,49.9,nan,nan
2023/2/27,13:4:26,,26.4,40.7,47.4,nan,nan
2023/2/27,13:4:35,,26.9,40.3,46.9,nan,nan
2023/2/27,13:4:44,,26.3,41.0,49.1,nan,nan
2023/2/27,13:4:53,,25.8,40.8,48.8,nan,nan
2023/2/27,13:5:2,,26.9,42.8,49.9,nan,nan
2023/2/27,13:5:10,,26.4,41.0,48.1,nan,nan
2023/2/27,13:5:20,,26.3,40.4,47.7,nan,nan
2023/2/27,13:5:28,,26.2,41.5,48.5,nan,nan
2023/2/27,13:5:37,,26.5,42.0,49.2,nan,nan
2023/2/27,13:5:47,,27.4,42.8,50.5,nan,nan
2023/2/27,13:5:55,,27.3,42.6,50.7,nan,nan
2023/2/27,13:6:4,,26.4,40.6,48.8,nan,nan
2023/2/27,13:6:13,,27.3,41.7,49.3,nan,nan
2023/2/27,13:6:22,,25.6,42.6,50.4,nan,nan
2023/2/27,13:6:31,,26.4,41.3,49.5,nan,nan
2023/2/27,13:6:40,,25.1,39.6,47.1,nan,nan
2023/2/27,13:6:49,,25.2,40.6,46.9,nan,nan
2023/2/27,13:6:58,,25.1,39.6,46.1,nan,nan
2023/2/27,13:7:7,,25.5,40.4,48.0,nan,nan
2023/2/27,13:7:16,,26.3,40.8,48.7,nan,nan
2023/2/27,13:7:25,,27.1,42.1,49.8,nan,nan
2023/2/27,13:7:34,,26.3,40.5,47.9,nan,nan
2023/2/27,13:7:42,,27.0,40.4,47.3,nan,nan
2023/2/27,13:7:51,,27.4,39.4,46.4,nan,nan
2023/2/27,13:8:0,,28.0,39.2,46.0,nan,nan
2023/2/27,13:8:9,,27.2,40.6,48.4,nan,nan
2023/2/27,13:8:18,,26.8,41.8,49.1,nan,nan
2023/2/27,13:8:26,,26.1,41.1,48.4,nan,nan
2023/2/27,13:8:35,,26.0,40.4,47.4,nan,nan
2023/2/27,13:8:44,,26.0,39.0,45.0,nan,nan
2023/2/27,13:8:53,,26.8,40.5,47.6,nan,nan
2023/2/27,13:9:2,,26.9,41.0,48.8,nan,nan
2023/2/27,13:9:11,,25.2,40.7,48.3,nan,nan
2023/2/27,13:9:19,,25.7,41.5,48.7,nan,nan
2023/2/27,13:9:28,,26.5,41.2,48.3,nan,nan
2023/2/27,13:9:37,,27.0,39.6,45.9,nan,nan
2023/2/27,13:9:46,,26.5,40.3,48.5,nan,nan
2023/2/27,13:9:55,,26.3,41.5,50.7,nan,nan
2023/2/27,13:10:4,,25.3,39.0,46.6,nan,nan
2023/2/27,13:10:12,,25.9,39.1,45.6,nan,nan
2023/2/27,13:10:21,,25.6,38.6,45.7,nan,nan
2023/2/27,13:10:30,,24.4,39.0,46.4,nan,nan
2023/2/27,13:10:38,,25.7,39.5,47.0,nan,nan
2023/2/27,13:10:47,,26.9,40.8,48.5,nan,nan
2023/2/27,13:10:56,,25.7,41.4,48.5,nan,nan
2023/2/27,13:11:5,,25.4,40.4,47.4,nan,nan
2023/2/27,13:11:14,,25.9,40.4,47.1,nan,nan
2023/2/27,13:11:23,,24.6,41.0,48.8,nan,nan
2023/2/27,13:11:32,,25.0,41.5,49.0,nan,nan
2023/2/27,13:11:41,,24.8,40.2,49.0,nan,nan
2023/2/27,13:11:50,,25.6,41.4,51.3,nan,nan
2023/2/27,13:11:59,,26.5,41.7,48.7,nan,nan
2023/2/27,13:12:8,,25.4,38.5,44.9,nan,nan
2023/2/27,13:12:16,,25.6,38.2,44.9,nan,nan
2023/2/27,13:12:25,,26.2,38.8,45.7,nan,nan
2023/2/27,13:12:34,,26.2,39.6,46.8,nan,nan
2023/2/27,13:12:43,,26.0,41.9,49.6,nan,nan
2023/2/27,13:12:52,,25.8,41.4,50.0,nan,nan
2023/2/27,13:13:1,,25.7,41.9,49.1,nan,nan
2023/2/27,13:13:10,,26.6,42.2,49.8,nan,nan
2023/2/27,13:13:19,,27.6,42.8,50.0,nan,nan
2023/2/27,13:13:28,,27.3,42.6,49.9,nan,nan
2023/2/27,13:13:37,,25.6,42.0,49.7,nan,nan
2023/2/27,13:13:46,,25.3,41.0,49.6,nan,nan
2023/2/27,13:13:54,,26.4,41.1,49.4,nan,nan
2023/2/27,13:14:4,,26.7,40.2,47.7,nan,nan
2023/2/27,13:14:13,,27.5,42.4,50.1,nan,nan
2023/2/27,13:14:21,,26.7,41.4,49.4,nan,nan
2023/2/27,13:14:30,,27.4,40.5,48.6,nan,nan
2023/2/27,13:14:39,,25.4,39.7,47.7,nan,nan
2023/2/27,13:14:48,,25.3,39.0,46.8,nan,nan
2023/2/27,13:14:57,,26.0,40.5,48.4,nan,nan
2023/2/27,13:15:6,,26.5,42.9,51.6,nan,nan
2023/2/27,13:15:15,,26.3,41.7,49.4,nan,nan
2023/2/27,13:15:24,,26.2,40.5,48.8,nan,nan
2023/2/27,13:15:33,,26.8,41.8,50.0,nan,nan
2023/2/27,13:15:42,,26.3,41.7,50.0,nan,nan
2023/2/27,13:15:51,,26.5,41.6,48.9,nan,nan
2023/2/27,13:16:0,,25.6,40.4,48.2,nan,nan
2023/2/27,13:16:9,,27.6,42.3,50.2,nan,nan
2023/2/27,13:16:18,,27.6,43.5,51.5,nan,nan
2023/2/27,13:16:26,,27.1,42.6,50.3,nan,nan
2023/2/27,13:16:36,,26.3,39.6,47.9,nan,nan
2023/2/27,13:16:44,,24.8,38.9,46.1,nan,nan
2023/2/27,13:16:54,,26.0,40.3,47.3,nan,nan
2023/2/27,13:17:3,,26.8,40.2,47.3,nan,nan
2023/2/27,13:17:12,,27.4,42.8,51.2,nan,nan
2023/2/27,13:17:20,,26.4,41.4,49.4,nan,nan
2023/2/27,13:17:30,,26.3,41.7,49.8,nan,nan
2023/2/27,13:17:39,,25.7,41.6,50.4,nan,nan
2023/2/27,13:17:48,,26.4,40.5,48.0,nan,nan
2023/2/27,13:17:56,,26.0,40.0,47.6,nan,nan
2023/2/27,13:18:5,,27.4,41.2,48.2,nan,nan
2023/2/27,13:18:14,,26.9,42.6,51.0,nan,nan
2023/2/27,13:18:23,,25.5,41.3,48.6,nan,nan
2023/2/27,13:18:33,,25.9,40.4,47.4,nan,nan
2023/2/27,13:18:41,,25.0,38.8,46.2,nan,nan
2023/2/27,13:18:50,,25.7,40.2,49.2,nan,nan
2023/2/27,13:18:59,,27.8,42.6,50.4,nan,nan
2023/2/27,13:19:8,,27.1,41.1,48.7,nan,nan
2023/2/27,13:19:17,,26.7,41.3,49.3,nan,nan
2023/2/27,13:19:27,,27.4,43.3,51.0,nan,nan
2023/2/27,13:19:36,,29.2,44.6,53.3,nan,nan
2023/2/27,13:19:45,,29.0,43.7,51.8,nan,nan
2023/2/27,13:19:54,,30.3,45.7,55.2,nan,nan
2023/2/27,13:20:3,,26.2,40.7,47.7,nan,nan
2023/2/27,13:20:12,,27.6,41.8,49.1,nan,nan
2023/2/27,13:20:21,,26.6,41.2,49.0,nan,nan
2023/2/27,13:20:30,,27.0,41.8,49.1,nan,nan
2023/2/27,13:20:39,,26.0,40.8,48.1,nan,nan
2023/2/27,13:20:48,,25.4,41.1,48.2,nan,nan
2023/2/27,13:20:57,,25.4,40.9,48.6,nan,nan
2023/2/27,13:21:6,,25.7,40.6,48.2,nan,nan
2023/2/27,13:21:15,,24.9,39.7,46.4,nan,nan
2023/2/27,13:21:24,,25.1,39.3,45.9,nan,nan
2023/2/27,13:21:32,,26.3,39.8,46.9,nan,nan
2023/2/27,13:21:42,,26.7,42.4,49.6,nan,nan
2023/2/27,13:21:50,,26.2,41.2,48.4,nan,nan
2023/2/27,13:21:59,,25.4,39.7,46.8,nan,nan
2023/2/27,13:22:8,,25.5,39.5,46.8,nan,nan
2023/2/27,13:22:17,,25.9,40.6,47.9,nan,nan
2023/2/27,13:22:26,,25.4,40.0,47.0,nan,nan
2023/2/27,13:22:35,,25.8,39.4,46.4,nan,nan
2023/2/27,13:22:43,,26.5,38.7,46.5,nan,nan
2023/2/27,13:22:52,,26.8,39.2,46.8,nan,nan
2023/2/27,13:23:1,,27.3,41.7,48.7,nan,nan
2023/2/27,13:23:10,,27.6,42.1,49.1,nan,nan
2023/2/27,13:23:19,,27.7,42.1,48.8,nan,nan
2023/2/27,13:23:27,,27.1,40.7,48.1,nan,nan
2023/2/27,13:23:37,,26.5,40.4,48.2,nan,nan
2023/2/27,13:23:46,,25.8,41.2,49.0,nan,nan
2023/2/27,13:23:55,,25.7,40.8,48.0,nan,nan
2023/2/27,13:24:3,,25.6,39.3,46.1,nan,nan
2023/2/27,13:24:12,,28.2,41.4,48.8,nan,nan
2023/2/27,13:24:22,,32.2,47.3,56.4,nan,nan
2023/2/27,13:24:30,,27.9,42.7,50.6,nan,nan
2023/2/27,13:24:39,,27.7,41.9,49.3,nan,nan
2023/2/27,13:24:48,,26.0,40.1,47.4,nan,nan
2023/2/27,13:24:57,,25.1,40.5,48.0,nan,nan
2023/2/27,13:25:6,,25.9,42.1,49.9,nan,nan
2023/2/27,13:25:15,,27.2,42.5,49.7,nan,nan
2023/2/27,13:25:24,,26.8,41.9,48.7,nan,nan
2023/2/27,13:25:33,,26.0,38.8,45.7,nan,nan
2023/2/27,13:25:42,,26.1,38.0,43.7,nan,nan
2023/2/27,13:25:50,,27.0,38.2,44.2,nan,nan
2023/2/27,13:25:59,,27.0,39.3,45.6,nan,nan
2023/2/27,13:26:8,,27.4,39.8,47.1,nan,nan
2023/2/27,13:26:17,,28.0,41.6,49.4,nan,nan
2023/2/27,13:26:26,,26.9,40.5,49.2,nan,nan
2023/2/27,13:26:35,,26.8,39.8,47.1,nan,nan
2023/2/27,13:26:44,,28.5,42.8,50.2,nan,nan
2023/2/27,13:26:53,,29.5,44.2,52.6,nan,nan
2023/2/27,13:27:2,,28.3,42.2,51.3,nan,nan
2023/2/27,13:27:11,,25.4,40.4,48.5,nan,nan
2023/2/27,13:27:20,,25.1,40.1,47.8,nan,nan
2023/2/27,13:27:28,,25.7,39.3,46.9,nan,nan
2023/2/27,13:27:37,,26.7,40.4,47.9,nan,nan
2023/2/27,13:27:46,,27.8,42.2,50.1,nan,nan
2023/2/27,13:27:55,,28.3,42.7,51.2,nan,nan
2023/2/27,13:28:4,,26.3,40.8,48.4,nan,nan
2023/2/27,13:28:13,,25.0,40.7,48.3,nan,nan
2023/2/27,13:28:22,,25.9,40.8,48.5,nan,nan
2023/2/27,13:28:31,,25.8,40.2,48.3,nan,nan
2023/2/27,13:28:40,,26.6,40.1,47.7,nan,nan
2023/2/27,13:28:49,,25.4,38.7,45.3,nan,nan
2023/2/27,13:28:58,,26.0,37.5,43.0,nan,nan
2023/2/27,13:29:7,,25.3,36.2,41.2,nan,nan
2023/2/27,13:29:15,,26.0,38.4,44.5,nan,nan
2023/2/27,13:29:24,,25.1,39.6,46.8,nan,nan
2023/2/27,13:29:33,,25.3,39.5,47.1,nan,nan
2023/2/27,13:29:42,,26.2,40.4,47.9,nan,nan
2023/2/27,13:29:51,,26.7,40.3,46.4,nan,nan
2023/2/27,13:30:0,,26.1,38.4,44.7,nan,nan
2023/2/27,13:30:9,,26.1,38.8,44.8,nan,nan
2023/2/27,13:30:17,,25.5,38.2,44.5,nan,nan
2023/2/27,13:30:26,,24.9,38.5,45.3,nan,nan
2023/2/27,13:30:36,,25.9,39.5,46.0,nan,nan
2023/2/27,13:30:45,,26.8,39.5,46.5,nan,nan
2023/2/27,13:30:54,,25.3,37.6,44.1,nan,nan
2023/2/27,13:31:2,,25.0,37.0,42.3,nan,nan
2023/2/27,13:31:11,,24.8,37.6,43.7,nan,nan
2023/2/27,13:31:20,,25.0,39.2,45.5,nan,nan
2023/2/27,13:31:28,,23.4,38.7,45.0,nan,nan
2023/2/27,13:31:38,,25.9,40.8,48.8,nan,nan
2023/2/27,13:31:46,,26.2,41.0,49.4,nan,nan
2023/2/27,13:31:55,,26.7,41.5,48.7,nan,nan
2023/2/27,13:32:4,,26.6,42.1,49.4,nan,nan
2023/2/27,13:32:13,,26.0,40.8,48.5,nan,nan
2023/2/27,13:32:22,,26.0,39.3,46.8,nan,nan
2023/2/27,13:32:31,,26.5,39.0,45.0,nan,nan
2023/2/27,13:32:39,,26.6,39.2,46.4,nan,nan
2023/2/27,13:32:48,,27.3,40.7,48.4,nan,nan
2023/2/27,13:32:57,,27.0,41.5,49.5,nan,nan
2023/2/27,13:33:5,,27.0,40.8,48.2,nan,nan
2023/2/27,13:33:14,,25.7,39.0,46.5,nan,nan
2023/2/27,13:33:23,,26.0,38.2,45.0,nan,nan
2023/2/27,13:33:32,,25.7,39.0,46.7,nan,nan
2023/2/27,13:33:41,,24.6,40.4,48.3,nan,nan
2023/2/27,13:33:50,,26.0,40.8,47.7,nan,nan
2023/2/27,13:33:59,,26.3,39.9,46.8,nan,nan
2023/2/27,13:34:8,,24.9,40.4,47.8,nan,nan
2023/2/27,13:34:16,,24.5,40.0,47.5,nan,nan
2023/2/27,13:34:25,,25.6,39.7,46.7,nan,nan
2023/2/27,13:34:34,,26.6,39.9,45.9,nan,nan
2023/2/27,13:34:43,,25.9,40.5,49.2,nan,nan
2023/2/27,13:34:52,,25.9,41.7,49.8,nan,nan
2023/2/27,13:35:1,,25.9,40.2,47.8,nan,nan
2023/2/27,13:35:9,,24.8,38.0,44.5,nan,nan
2023/2/27,13:35:18,,24.2,36.9,42.0,nan,nan
2023/2/27,13:35:27,,24.8,36.2,41.8,nan,nan
2023/2/27,13:35:36,,26.7,40.4,47.4,nan,nan
2023/2/27,13:35:45,,27.5,43.5,52.0,nan,nan
2023/2/27,13:35:54,,26.9,41.2,49.9,nan,nan
2023/2/27,13:36:2,,26.0,39.0,48.5,nan,nan
2023/2/27,13:36:11,,24.5,37.4,46.2,nan,nan
2023/2/27,13:36:20,,24.6,37.3,44.5,nan,nan
2023/2/27,13:36:29,,26.5,39.4,45.7,nan,nan
2023/2/27,13:36:38,,26.0,38.7,44.7,nan,nan
2023/2/27,13:36:46,,27.0,39.4,45.4,nan,nan
2023/2/27,13:36:55,,26.2,39.5,45.5,nan,nan
2023/2/27,13:37:4,,25.9,39.5,46.8,nan,nan
2023/2/27,13:37:13,,26.4,42.2,51.1,nan,nan
2023/2/27,13:37:22,,24.4,40.2,47.4,nan,nan
2023/2/27,13:37:31,,24.0,38.7,44.8,nan,nan
2023/2/27,13:37:39,,24.3,37.6,44.0,nan,nan
2023/2/27,13:37:48,,25.5,38.9,46.1,nan,nan
2023/2/27,13:37:57,,27.4,41.8,49.5,nan,nan
2023/2/27,13:38:7,,26.5,39.3,45.9,nan,nan
2023/2/27,13:38:15,,25.9,38.1,44.7,nan,nan
2023/2/27,13:38:24,,26.3,39.0,45.3,nan,nan
2023/2/27,13:38:33,,26.0,39.1,45.8,nan,nan
2023/2/27,13:38:42,,26.5,41.0,49.1,nan,nan
2023/2/27,13:38:51,,29.1,45.4,56.0,nan,nan
2023/2/27,13:39:0,,29.6,44.9,53.8,nan,nan
2023/2/27,13:39:9,,26.9,41.5,48.2,nan,nan
2023/2/27,13:39:18,,25.6,38.5,44.8,nan,nan
2023/2/27,13:39:26,,26.3,38.2,44.1,nan,nan
2023/2/27,13:39:35,,26.0,38.3,44.0,nan,nan
2023/2/27,13:39:44,,24.6,38.7,45.2,nan,nan
2023/2/27,13:39:53,,25.5,40.1,48.3,nan,nan
2023/2/27,13:40:2,,24.2,38.6,46.0,nan,nan
2023/2/27,13:40:11,,23.3,37.7,44.6,nan,nan
2023/2/27,13:40:20,,25.0,38.9,45.0,nan,nan
2023/2/27,13:40:29,,25.8,39.8,46.3,nan,nan
2023/2/27,13:40:38,,25.7,40.0,46.7,nan,nan
2023/2/27,13:40:47,,26.8,39.8,48.2,nan,nan
2023/2/27,13:40:55,,26.3,39.2,48.0,nan,nan
2023/2/27,13:41:4,,25.7,39.1,47.1,nan,nan
2023/2/27,13:41:13,,25.7,39.3,46.3,nan,nan
2023/2/27,13:41:21,,25.4,38.4,44.6,nan,nan
2023/2/27,13:41:30,,25.9,38.3,44.0,nan,nan
2023/2/27,13:41:39,,24.0,36.6,41.9,nan,nan
2023/2/27,13:41:48,,24.8,37.6,43.7,nan,nan
2023/2/27,13:41:56,,25.4,39.0,45.6,nan,nan
2023/2/27,13:42:5,,26.2,39.9,46.9,nan,nan
2023/2/27,13:42:14,,25.2,40.1,48.0,nan,nan
2023/2/27,13:42:23,,25.2,40.4,48.4,nan,nan
2023/2/27,13:42:32,,25.5,39.4,46.4,nan,nan
2023/2/27,13:42:41,,25.9,38.8,44.9,nan,nan
2023/2/27,13:42:50,,25.4,38.7,45.0,nan,nan
2023/2/27,13:42:58,,25.2,37.9,44.6,nan,nan
2023/2/27,13:43:7,,25.6,39.6,46.6,nan,nan
2023/2/27,13:43:16,,25.6,39.4,47.0,nan,nan
2023/2/27,13:43:25,,24.8,38.3,46.7,nan,nan
2023/2/27,13:43:33,,25.4,37.7,45.1,nan,nan
2023/2/27,13:43:42,,25.1,38.2,45.3,nan,nan
2023/2/27,13:43:51,,24.7,40.6,48.4,nan,nan
2023/2/27,13:44:0,,24.2,40.2,47.7,nan,nan
2023/2/27,13:44:9,,24.4,39.4,46.7,nan,nan
2023/2/27,13:44:18,,25.6,39.6,47.9,nan,nan
2023/2/27,13:44:26,,26.3,39.6,47.6,nan,nan
2023/2/27,13:44:35,,26.6,40.7,47.7,nan,nan
2023/2/27,13:44:44,,25.6,40.2,47.5,nan,nan
2023/2/27,13:44:53,,26.5,40.6,48.1,nan,nan
2023/2/27,13:45:2,,25.0,39.1,46.1,nan,nan
2023/2/27,13:45:11,,24.7,39.0,45.0,nan,nan
2023/2/27,13:45:20,,24.7,37.7,44.5,nan,nan
2023/2/27,13:45:28,,26.1,39.3,46.0,nan,nan
2023/2/27,13:45:37,,26.1,39.5,46.2,nan,nan
2023/2/27,13:45:46,,26.0,40.9,47.6,nan,nan
2023/2/27,13:45:55,,25.6,41.0,49.0,nan,nan
2023/2/27,13:46:4,,25.4,41.3,49.4,nan,nan
2023/2/27,13:46:13,,26.0,39.7,48.6,nan,nan
2023/2/27,13:46:22,,26.4,40.5,48.4,nan,nan
2023/2/27,13:46:31,,25.7,39.9,46.5,nan,nan
2023/2/27,13:46:40,,26.0,40.5,47.6,nan,nan
2023/2/27,13:46:49,,25.6,40.3,47.4,nan,nan
2023/2/27,13:46:57,,26.0,39.7,46.7,nan,nan
2023/2/27,13:47:6,,25.3,38.2,44.7,nan,nan
2023/2/27,13:47:15,,25.5,38.5,45.1,nan,nan
2023/2/27,13:47:24,,24.5,38.7,45.3,nan,nan
2023/2/27,13:47:33,,24.7,39.1,46.9,nan,nan
2023/2/27,13:47:41,,26.1,41.0,49.8,nan,nan
2023/2/27,13:47:50,,26.8,40.5,48.7,nan,nan
2023/2/27,13:47:59,,26.9,41.2,48.6,nan,nan
2023/2/27,13:48:8,,26.6,41.3,48.8,nan,nan
2023/2/27,13:48:18,,25.9,40.3,48.2,nan,nan
2023/2/27,13:48:26,,24.5,39.7,48.7,nan,nan
2023/2/27,13:48:35,,24.0,39.8,48.8,nan,nan
2023/2/27,13:48:44,,24.6,39.4,47.0,nan,nan
2023/2/27,13:48:53,,24.6,39.8,46.6,nan,nan
2023/2/27,13:49:2,,25.7,41.4,48.4,nan,nan
2023/2/27,13:49:11,,25.6,40.7,48.3,nan,nan
2023/2/27,13:49:20,,25.4,40.5,47.6,nan,nan
2023/2/27,13:49:29,,25.7,41.4,48.8,nan,nan
2023/2/27,13:49:38,,25.4,40.3,47.3,nan,nan
2023/2/27,13:49:47,,26.0,39.7,46.7,nan,nan
2023/2/27,13:49:56,,26.0,40.2,47.7,nan,nan
2023/2/27,13:50:5,,26.8,42.8,50.7,nan,nan
2023/2/27,13:50:14,,27.0,42.6,50.2,nan,nan
2023/2/27,13:50:23,,26.6,42.4,49.9,nan,nan
2023/2/27,13:50:32,,27.3,42.6,51.3,nan,nan
2023/2/27,13:50:41,,27.5,42.7,50.1,nan,nan
2023/2/27,13:50:50,,28.5,43.9,53.3,nan,nan
2023/2/27,13:50:59,,27.6,43.1,51.7,nan,nan
2023/2/27,13:51:8,,28.8,44.2,52.4,nan,nan
2023/2/27,13:51:17,,26.6,41.6,48.9,nan,nan
2023/2/27,13:51:26,,26.9,42.3,49.6,nan,nan
2023/2/27,13:51:35,,28.6,44.9,53.7,nan,nan
2023/2/27,13:51:45,,27.6,42.3,50.8,nan,nan
2023/2/27,13:51:54,,27.9,42.8,50.7,nan,nan
2023/2/27,13:52:3,,27.2,42.2,49.5,nan,nan
2023/2/27,13:52:12,,25.7,40.6,48.5,nan,nan
2023/2/27,13:52:21,,26.1,41.2,48.5,nan,nan
2023/2/27,13:52:30,,28.0,42.3,50.2,nan,nan
2023/2/27,13:52:39,,27.3,41.3,49.2,nan,nan
2023/2/27,13:52:48,,29.1,44.2,52.7,nan,nan
2023/2/27,13:52:57,,28.4,42.9,51.7,nan,nan
2023/2/27,13:53:6,,26.4,43.0,52.0,nan,nan
2023/2/27,13:53:15,,25.5,40.7,48.6,nan,nan
2023/2/27,13:53:23,,26.0,39.2,46.2,nan,nan
2023/2/27,13:53:32,,25.3,38.3,46.2,nan,nan
2023/2/27,13:53:41,,26.5,40.6,48.4,nan,nan
2023/2/27,13:53:50,,26.1,39.7,46.9,nan,nan
2023/2/27,13:53:59,,25.1,39.7,47.1,nan,nan
2023/2/27,13:54:8,,26.5,42.8,50.3,nan,nan
2023/2/27,13:54:17,,26.4,40.6,48.3,nan,nan
2023/2/27,13:54:26,,26.5,40.6,48.3,nan,nan
2023/2/27,13:54:35,,28.2,42.7,50.2,nan,nan
2023/2/27,13:54:44,,26.7,41.5,49.5,nan,nan
2023/2/27,13:54:53,,26.3,39.7,47.7,nan,nan
2023/2/27,13:55:2,,26.7,41.2,49.0,nan,nan
2023/2/27,13:55:11,,26.6,40.9,48.9,nan,nan
2023/2/27,13:55:20,,26.7,41.5,48.4,nan,nan
2023/2/27,13:55:29,,28.1,43.5,51.4,nan,nan
2023/2/27,13:55:38,,26.3,41.1,50.1,nan,nan
2023/2/27,13:55:46,,25.6,39.7,48.7,nan,nan
2023/2/27,13:55:55,,26.3,40.6,48.1,nan,nan
2023/2/27,13:56:4,,25.7,41.0,48.7,nan,nan
2023/2/27,13:56:13,,25.7,40.4,48.8,nan,nan
2023/2/27,13:56:22,,29.5,43.9,52.9,nan,nan
2023/2/27,13:56:31,,28.5,42.7,51.2,nan,nan
2023/2/27,13:56:40,,26.3,41.3,48.6,nan,nan
2023/2/27,13:56:50,,25.9,39.9,47.1,nan,nan
2023/2/27,13:56:58,,24.3,37.1,43.4,nan,nan
2023/2/27,13:57:7,,25.3,37.6,44.4,nan,nan
2023/2/27,13:57:17,,27.7,42.2,50.0,nan,nan
2023/2/27,13:57:25,,29.1,45.9,54.9,nan,nan
2023/2/27,13:57:34,,27.2,42.7,50.8,nan,nan
2023/2/27,13:57:43,,25.7,41.4,48.9,nan,nan
2023/2/27,13:57:53,,25.3,39.3,46.8,nan,nan
2023/2/27,13:58:1,,26.2,40.2,48.5,nan,nan
2023/2/27,13:58:10,,27.5,41.5,49.5,nan,nan
2023/2/27,13:58:19,,27.6,43.0,51.8,nan,nan
2023/2/27,13:58:28,,26.9,42.5,50.7,nan,nan
2023/2/27,13:58:37,,26.8,40.7,48.6,nan,nan
2023/2/27,13:58:46,,27.9,40.6,48.1,nan,nan
2023/2/27,13:58:55,,28.3,43.1,52.7,nan,nan
2023/2/27,13:59:4,,28.5,44.4,55.8,nan,nan
2023/2/27,13:59:13,,28.0,42.8,51.5,nan,nan
2023/2/27,13:59:22,,24.3,39.5,47.5,nan,nan
2023/2/27,13:59:30,,25.1,38.8,46.3,nan,nan
2023/2/27,13:59:39,,26.2,40.2,46.5,nan,nan
2023/2/27,13:59:48,,29.6,43.5,52.2,nan,nan
2023/2/27,13:59:57,,30.5,44.8,53.9,nan,nan
2023/2/27,14:0:6,,28.7,42.0,49.4,nan,nan
2023/2/27,14:0:15,,28.7,41.3,49.3,nan,nan
2023/2/27,14:0:24,,27.2,37.8,44.7,nan,nan
2023/2/27,14:0:33,,26.0,36.2,42.5,nan,nan
2023/2/27,14:0:42,,26.3,38.4,44.8,nan,nan
2023/2/27,14:0:51,,27.3,41.9,50.1,nan,nan
2023/2/27,14:1:0,,26.7,41.7,50.6,nan,nan
2023/2/27,14:1:9,,25.3,40.0,47.1,nan,nan
2023/2/27,14:1:18,,25.6,40.1,47.3,nan,nan
2023/2/27,14:1:27,,25.7,39.7,47.1,nan,nan
2023/2/27,14:1:36,,25.6,39.4,46.5,nan,nan
2023/2/27,14:1:45,,26.3,40.4,48.3,nan,nan
2023/2/27,14:1:53,,24.6,38.9,48.1,nan,nan
2023/2/27,14:2:2,,24.3,38.6,47.4,nan,nan
2023/2/27,14:2:11,,25.8,38.4,45.5,nan,nan
2023/2/27,14:2:20,,26.1,40.1,47.8,nan,nan
2023/2/27,14:2:29,,26.6,40.6,48.3,nan,nan
2023/2/27,14:2:38,,27.4,40.5,49.0,nan,nan
2023/2/27,14:2:47,,26.9,42.1,50.2,nan,nan
2023/2/27,14:2:56,,24.9,39.9,47.0,nan,nan
2023/2/27,14:3:4,,25.4,39.1,46.3,nan,nan
2023/2/27,14:3:14,,27.0,40.5,48.0,nan,nan
2023/2/27,14:3:22,,25.4,39.4,46.4,nan,nan
2023/2/27,14:3:31,,28.4,41.5,49.6,nan,nan
2023/2/27,14:3:40,,28.6,44.8,54.5,nan,nan
2023/2/27,14:3:49,,26.1,41.3,49.7,nan,nan
2023/2/27,14:3:58,,27.3,41.6,48.9,nan,nan
2023/2/27,14:4:7,,27.6,41.2,48.5,nan,nan
2023/2/27,14:4:16,,28.0,44.2,52.6,nan,nan
2023/2/27,14:4:25,,27.3,43.1,51.1,nan,nan
2023/2/27,14:4:34,,27.5,43.7,51.6,nan,nan
2023/2/27,14:4:43,,25.9,41.0,48.8,nan,nan
2023/2/27,14:4:52,,26.1,41.0,48.8,nan,nan
2023/2/27,14:5:1,,28.8,43.6,52.2,nan,nan
2023/2/27,14:5:10,,30.4,43.9,51.7,nan,nan
2023/2/27,14:5:19,,33.8,48.4,58.3,nan,nan
2023/2/27,14:5:28,,28.6,43.3,51.7,nan,nan
2023/2/27,14:5:37,,27.1,42.3,50.4,nan,nan
2023/2/27,14:5:46,,25.4,40.7,48.6,nan,nan
2023/2/27,14:5:55,,26.0,40.2,46.9,nan,nan
2023/2/27,14:6:4,,30.2,44.6,53.0,nan,nan
2023/2/27,14:6:13,,28.5,44.1,52.1,nan,nan
2023/2/27,14:6:22,,29.1,43.0,51.1,nan,nan
2023/2/27,14:6:31,,28.6,42.0,49.9,nan,nan
2023/2/27,14:6:40,,27.9,40.8,48.8,nan,nan
2023/2/27,14:6:48,,27.5,40.6,48.6,nan,nan
2023/2/27,14:6:58,,27.5,41.7,49.5,nan,nan
2023/2/27,14:7:7,,27.9,42.2,49.9,nan,nan
2023/2/27,14:7:16,,28.0,40.5,47.4,nan,nan
2023/2/27,14:7:25,,26.2,39.1,45.9,nan,nan
2023/2/27,14:7:34,,25.8,39.0,45.1,nan,nan
2023/2/27,14:7:43,,26.4,40.6,47.5,nan,nan
2023/2/27,14:7:52,,23.8,39.7,46.7,nan,nan
2023/2/27,14:8:1,,24.4,39.5,47.1,nan,nan
2023/2/27,14:8:10,,26.5,41.0,48.0,nan,nan
2023/2/27,14:8:19,,26.5,40.2,47.4,nan,nan
2023/2/27,14:8:27,,25.9,40.0,47.0,nan,nan
2023/2/27,14:8:36,,26.2,40.2,47.2,nan,nan
2023/2/27,14:8:45,,26.9,41.4,49.6,nan,nan
2023/2/27,14:8:54,,26.3,41.3,48.4,nan,nan
2023/2/27,14:9:3,,25.3,39.3,45.8,nan,nan
2023/2/27,14:9:12,,25.9,39.7,46.0,nan,nan
2023/2/27,14:9:21,,25.5,41.7,49.5,nan,nan
2023/2/27,14:9:29,,26.6,42.9,51.4,nan,nan
2023/2/27,14:9:38,,26.8,41.2,49.7,nan,nan
2023/2/27,14:9:48,,26.7,41.2,48.9,nan,nan
2023/2/27,14:9:56,,26.0,41.3,48.1,nan,nan
2023/2/27,14:10:5,,25.7,39.5,45.8,nan,nan
2023/2/27,14:10:14,,26.0,38.7,44.7,nan,nan
2023/2/27,14:10:23,,27.1,41.9,50.0,nan,nan
2023/2/27,14:10:32,,26.6,41.3,48.7,nan,nan
2023/2/27,14:10:41,,26.0,39.9,46.9,nan,nan
2023/2/27,14:10:50,,25.7,40.2,47.7,nan,nan
2023/2/27,14:10:58,,24.9,40.2,48.2,nan,nan
2023/2/27,14:11:7,,26.8,41.1,48.7,nan,nan
2023/2/27,14:11:16,,28.0,41.7,48.7,nan,nan
2023/2/27,14:11:25,,27.1,39.9,46.3,nan,nan
2023/2/27,14:11:33,,26.9,40.2,46.8,nan,nan
2023/2/27,14:11:42,,27.0,40.0,46.8,nan,nan
2023/2/27,14:11:51,,27.5,41.6,48.8,nan,nan
2023/2/27,14:12:0,,26.2,41.4,49.5,nan,nan
2023/2/27,14:12:9,,25.9,40.6,48.9,nan,nan
2023/2/27,14:12:17,,26.7,40.8,49.4,nan,nan
2023/2/27,14:12:26,,26.6,40.6,49.3,nan,nan
2023/2/27,14:12:35,,25.8,40.5,48.8,nan,nan
2023/2/27,14:12:44,,27.5,43.5,51.2,nan,nan
2023/2/27,14:12:53,,27.7,43.7,51.4,nan,nan
2023/2/27,14:13:2,,27.7,42.4,49.9,nan,nan
2023/2/27,14:13:10,,27.7,41.1,48.1,nan,nan
2023/2/27,14:13:19,,28.0,40.6,48.1,nan,nan
2023/2/27,14:13:28,,27.5,39.8,46.6,nan,nan
2023/2/27,14:13:37,,26.9,40.4,48.0,nan,nan
2023/2/27,14:13:45,,26.4,40.4,47.5,nan,nan
2023/2/27,14:13:54,,26.7,40.4,47.9,nan,nan
2023/2/27,14:14:3,,26.2,40.6,47.9,nan,nan
2023/2/27,14:14:13,,27.1,42.1,49.8,nan,nan
2023/2/27,14:14:22,,27.2,42.6,50.5,nan,nan
2023/2/27,14:14:31,,25.9,41.3,48.7,nan,nan
2023/2/27,14:14:39,,25.7,39.9,47.0,nan,nan
2023/2/27,14:14:48,,26.3,39.0,46.2,nan,nan
2023/2/27,14:14:57,,26.5,38.0,45.0,nan,nan
2023/2/27,14:15:6,,26.7,38.4,45.3,nan,nan
2023/2/27,14:15:14,,27.0,39.0,45.8,nan,nan
2023/2/27,14:15:23,,27.5,40.9,48.2,nan,nan
2023/2/27,14:15:32,,28.0,44.3,52.3,nan,nan
2023/2/27,14:15:42,,27.4,41.7,48.9,nan,nan
2023/2/27,14:15:51,,27.0,40.4,48.1,nan,nan
2023/2/27,14:16:0,,27.0,41.0,48.3,nan,nan
2023/2/27,14:16:8,,26.3,41.0,48.0,nan,nan
2023/2/27,14:16:18,,27.1,42.2,49.6,nan,nan
2023/2/27,14:16:27,,28.1,42.7,51.5,nan,nan
2023/2/27,14:16:35,,28.5,42.0,50.0,nan,nan
2023/2/27,14:16:44,,27.4,40.1,47.5,nan,nan
2023/2/27,14:16:53,,28.0,40.9,48.6,nan,nan
2023/2/27,14:17:1,,28.5,41.8,49.5,nan,nan
2023/2/27,14:17:10,,29.3,43.9,51.9,nan,nan
2023/2/27,14:17:19,,27.8,42.2,49.9,nan,nan
2023/2/27,14:17:28,,26.6,42.0,49.6,nan,nan
2023/2/27,14:17:37,,26.8,43.5,51.7,nan,nan
2023/2/27,14:17:46,,27.9,43.8,52.5,nan,nan
2023/2/27,14:17:55,,27.5,42.4,50.8,nan,nan
2023/2/27,14:18:4,,30.5,45.6,54.7,nan,nan
2023/2/27,14:18:13,,30.0,44.3,53.0,nan,nan
2023/2/27,14:18:22,,27.1,43.1,50.8,nan,nan
2023/2/27,14:18:31,,26.6,41.4,49.1,nan,nan
2023/2/27,14:18:40,,28.0,41.5,49.3,nan,nan
2023/2/27,14:18:49,,27.8,42.4,50.2,nan,nan
2023/2/27,14:18:58,,28.4,43.5,51.1,nan,nan
2023/2/27,14:19:7,,28.6,43.8,52.6,nan,nan
2023/2/27,14:19:16,,29.1,43.8,52.8,nan,nan
2023/2/27,14:19:25,,28.5,43.5,51.6,nan,nan
2023/2/27,14:19:33,,27.6,41.7,49.5,nan,nan
2023/2/27,14:19:43,,27.6,43.2,51.3,nan,nan
2023/2/27,14:19:52,,30.2,44.7,54.1,nan,nan
2023/2/27,14:20:1,,30.2,45.3,54.3,nan,nan
2023/2/27,14:20:9,,27.2,42.7,49.9,nan,nan
2023/2/27,14:20:18,,27.2,40.8,48.4,nan,nan
2023/2/27,14:20:27,,27.6,42.8,50.6,nan,nan
2023/2/27,14:20:37,,28.7,43.8,52.0,nan,nan
2023/2/27,14:20:45,,29.8,45.1,54.7,nan,nan
2023/2/27,14:20:54,,27.7,43.0,51.9,nan,nan
2023/2/27,14:21:3,,28.2,43.2,51.0,nan,nan
2023/2/27,14:21:12,,28.0,42.1,49.7,nan,nan
2023/2/27,14:21:20,,28.0,43.0,50.4,nan,nan
2023/2/27,14:21:29,,28.8,43.9,52.2,nan,nan
2023/2/27,14:21:38,,27.9,44.9,54.6,nan,nan
2023/2/27,14:21:47,,29.4,52.4,63.2,nan,nan
2023/2/27,14:21:54,,157.9,746.2,1131.6,nan,nan
2023/2/27,14:22:1,,213.2,1253.5,2005.8,nan,nan
2023/2/27,14:22:9,,204.5,1314.5,2088.4,nan,nan
2023/2/27,14:22:17,,192.7,1348.3,2224.5,nan,nan
2023/2/27,14:22:25,,185.7,1381.1,2342.5,nan,nan
2023/2/27,14:22:33,,183.7,1383.0,2394.4,nan,nan
2023/2/27,14:22:41,,183.4,1409.4,2442.2,nan,nan
2023/2/27,14:22:49,,183.4,1432.5,2480.5,nan,nan
2023/2/27,14:22:56,,178.2,1457.8,2516.8,nan,nan
2023/2/27,14:23:4,,178.8,1486.4,2536.8,nan,nan
2023/2/27,14:23:12,,177.2,1511.0,2548.0,nan,nan
2023/2/27,14:23:20,,179.1,1505.5,2607.3,nan,nan
2023/2/27,14:23:28,,173.1,1515.3,2656.4,nan,nan
2023/2/27,14:23:36,,167.1,1545.7,2769.2,nan,nan
2023/2/27,14:23:44,,159.1,1587.2,2851.6,nan,nan
2023/2/27,14:23:52,,160.5,1606.3,2962.3,nan,nan
2023/2/27,14:23:59,,162.6,1612.3,3056.6,nan,nan
2023/2/27,14:24:7,,157.4,1621.0,3175.6,nan,nan
2023/2/27,14:24:15,,151.6,1640.6,3227.5,nan,nan
2023/2/27,14:24:23,,152.5,1637.7,3170.6,nan,nan
2023/2/27,14:24:29,,197.5,1347.5,2236.7,nan,nan
2023/2/27,14:24:37,,224.7,1176.4,1782.7,nan,nan
2023/2/27,14:24:45,,235.9,1121.3,1652.0,nan,nan
2023/2/27,14:24:53,,236.2,1080.9,1585.0,nan,nan
2023/2/27,14:25:1,,242.1,1054.6,1552.3,nan,nan
2023/2/27,14:25:9,,248.6,1030.1,1524.7,nan,nan
2023/2/27,14:25:17,,253.5,1020.5,1490.8,nan,nan
2023/2/27,14:25:25,,248.9,1015.3,1467.5,nan,nan
2023/2/27,14:25:33,,245.5,1018.8,1482.0,nan,nan
2023/2/27,14:25:41,,247.8,1005.4,1469.2,nan,nan
2023/2/27,14:25:49,,252.4,1002.8,1452.8,nan,nan
2023/2/27,14:25:57,,251.9,997.3,1428.8,nan,nan
2023/2/27,14:26:4,,250.5,1010.2,1432.0,nan,nan
2023/2/27,14:26:12,,249.5,999.7,1421.8,nan,nan
2023/2/27,14:26:20,,251.8,980.8,1388.5,nan,nan
2023/2/27,14:26:28,,253.3,954.6,1353.8,nan,nan
2023/2/27,14:26:36,,253.0,938.1,1316.6,nan,nan
2023/2/27,14:26:44,,251.1,925.9,1303.1,nan,nan
2023/2/27,14:26:52,,252.5,917.0,1272.9,nan,nan
2023/2/27,14:27:0,,254.4,903.9,1256.3,nan,nan
2023/2/27,14:27:8,,258.1,894.4,1228.6,nan,nan
2023/2/27,14:27:16,,257.7,886.8,1205.0,nan,nan
2023/2/27,14:27:24,,257.5,869.2,1199.2,nan,nan
2023/2/27,14:27:32,,258.2,844.1,1177.2,nan,nan
2023/2/27,14:27:40,,259.4,816.5,1146.1,nan,nan
2023/2/27,14:27:48,,258.7,801.8,1103.7,nan,nan
2023/2/27,14:27:56,,254.7,795.8,1084.1,nan,nan
2023/2/27,14:28:4,,258.1,793.6,1085.5,nan,nan
2023/2/27,14:28:12,,258.7,789.1,1078.8,nan,nan
2023/2/27,14:28:20,,260.2,780.1,1066.1,nan,nan
2023/2/27,14:28:28,,257.9,765.5,1043.8,nan,nan
2023/2/27,14:28:36,,259.1,756.1,1029.7,nan,nan
2023/2/27,14:28:44,,262.1,754.5,1006.9,nan,nan
2023/2/27,14:28:52,,266.7,746.6,990.0,nan,nan
2023/2/27,14:29:0,,268.7,738.9,970.0,nan,nan
2023/2/27,14:29:9,,266.2,729.0,958.9,nan,nan
2023/2/27,14:29:16,,262.5,723.5,939.1,nan,nan
2023/2/27,14:29:25,,261.0,714.8,917.6,nan,nan
2023/2/27,14:29:33,,263.7,703.0,915.8,nan,nan
2023/2/27,14:29:41,,264.7,697.1,930.0,nan,nan
2023/2/27,14:29:49,,264.2,695.8,929.4,nan,nan
2023/2/27,14:29:57,,259.8,692.0,903.9,nan,nan
2023/2/27,14:30:4,,257.4,668.2,870.7,nan,nan
2023/2/27,14:30:12,,255.3,657.4,860.7,nan,nan
2023/2/27,14:30:20,,254.9,645.9,851.1,nan,nan
2023/2/27,14:30:28,,251.8,627.3,835.7,nan,nan
2023/2/27,14:30:36,,250.0,609.6,811.1,nan,nan
2023/2/27,14:30:44,,250.8,604.3,788.1,nan,nan
2023/2/27,14:30:52,,249.7,588.9,755.1,nan,nan
2023/2/27,14:31:1,,252.8,592.5,764.8,nan,nan
2023/2/27,14:31:9,,242.9,578.9,750.0,nan,nan
2023/2/27,14:31:17,,239.3,573.0,735.9,nan,nan
2023/2/27,14:31:25,,236.7,563.6,716.7,nan,nan
2023/2/27,14:31:33,,235.6,553.8,696.3,nan,nan
2023/2/27,14:31:41,,232.0,543.1,679.9,nan,nan
2023/2/27,14:31:49,,230.3,537.6,669.9,nan,nan
2023/2/27,14:31:57,,235.7,535.8,671.5,nan,nan
2023/2/27,14:32:5,,233.3,532.6,657.3,nan,nan
2023/2/27,14:32:14,,231.6,527.0,654.4,nan,nan
2023/2/27,14:32:22,,231.1,520.6,654.0,nan,nan
2023/2/27,14:32:30,,230.2,514.4,644.0,nan,nan
2023/2/27,14:32:38,,227.9,507.5,633.9,nan,nan
2023/2/27,14:32:46,,224.6,504.3,624.2,nan,nan
2023/2/27,14:32:55,,220.5,498.7,619.9,nan,nan
2023/2/27,14:33:3,,217.8,484.1,602.9,nan,nan
2023/2/27,14:33:11,,215.2,469.3,585.7,nan,nan
2023/2/27,14:33:20,,211.7,455.9,562.2,nan,nan
2023/2/27,14:33:28,,207.8,452.5,552.6,nan,nan
2023/2/27,14:33:36,,205.7,443.1,549.9,nan,nan
2023/2/27,14:33:45,,206.4,433.6,540.1,nan,nan
2023/2/27,14:33:53,,203.7,421.6,527.8,nan,nan
2023/2/27,14:34:1,,204.3,416.6,506.3,nan,nan
2023/2/27,14:34:10,,200.8,408.6,495.6,nan,nan
2023/2/27,14:34:18,,197.0,400.3,485.3,nan,nan
2023/2/27,14:34:27,,190.8,390.8,481.0,nan,nan
2023/2/27,14:34:35,,186.1,380.3,470.2,nan,nan
2023/2/27,14:34:44,,187.1,377.2,465.6,nan,nan
2023/2/27,14:34:52,,186.3,375.0,458.3,nan,nan
2023/2/27,14:35:0,,185.9,373.0,457.7,nan,nan
2023/2/27,14:35:9,,183.0,362.1,442.8,nan,nan
2023/2/27,14:35:18,,178.8,351.5,426.9,nan,nan
2023/2/27,14:35:26,,172.1,341.7,402.8,nan,nan
2023/2/27,14:35:35,,171.3,340.8,402.1,nan,nan
2023/2/27,14:35:43,,169.8,336.4,401.8,nan,nan
2023/2/27,14:35:52,,168.5,329.3,403.8,nan,nan
2023/2/27,14:36:1,,165.7,321.6,398.9,nan,nan
2023/2/27,14:36:9,,163.5,315.4,387.1,nan,nan
2023/2/27,14:36:18,,160.9,309.0,374.1,nan,nan
2023/2/27,14:36:27,,157.0,305.5,364.6,nan,nan
2023/2/27,14:36:35,,151.6,296.0,353.6,nan,nan
2023/2/27,14:36:44,,149.6,289.2,345.4,nan,nan
2023/2/27,14:36:53,,148.8,278.7,335.0,nan,nan
2023/2/27,14:37:2,,146.2,270.0,328.2,nan,nan
2023/2/27,14:37:10,,141.5,263.2,317.9,nan,nan
2023/2/27,14:37:19,,138.0,259.6,310.4,nan,nan
2023/2/27,14:37:28,,135.2,255.9,305.8,nan,nan
2023/2/27,14:37:37,,133.5,249.6,297.0,nan,nan
2023/2/27,14:37:46,,134.8,249.9,300.1,nan,nan
2023/2/27,14:37:55,,131.9,245.8,296.2,nan,nan
2023/2/27,14:38:4,,130.2,238.9,287.8,nan,nan
2023/2/27,14:38:12,,129.2,237.6,279.0,nan,nan
2023/2/27,14:38:21,,129.5,234.8,276.8,nan,nan
2023/2/27,14:38:30,,122.7,230.1,282.0,nan,nan
2023/2/27,14:38:39,,118.2,223.6,264.4,nan,nan
2023/2/27,14:38:48,,118.3,220.2,255.0,nan,nan
2023/2/27,14:38:57,,110.3,209.3,243.5,nan,nan
2023/2/27,14:39:6,,107.9,202.3,235.1,nan,nan
2023/2/27,14:39:15,,106.0,196.0,229.7,nan,nan
2023/2/27,14:39:24,,104.8,196.0,228.2,nan,nan
2023/2/27,14:39:32,,103.2,190.4,222.1,nan,nan
2023/2/27,14:39:41,,100.9,186.8,217.1,nan,nan
2023/2/27,14:39:50,,100.6,184.8,214.0,nan,nan
2023/2/27,14:39:59,,96.2,176.6,205.4,nan,nan
2023/2/27,14:40:8,,94.9,172.4,204.2,nan,nan
2023/2/27,14:40:17,,95.0,173.4,202.0,nan,nan
2023/2/27,14:40:26,,93.3,171.3,195.5,nan,nan
2023/2/27,14:40:35,,92.0,168.4,192.1,nan,nan
2023/2/27,14:40:44,,88.3,159.5,187.1,nan,nan
2023/2/27,14:40:53,,88.7,162.5,188.1,nan,nan
2023/2/27,14:41:2,,86.0,153.9,183.0,nan,nan
2023/2/27,14:41:11,,83.8,149.9,181.3,nan,nan
2023/2/27,14:41:20,,85.0,151.3,177.8,nan,nan
2023/2/27,14:41:29,,84.4,152.1,174.3,nan,nan
2023/2/27,14:41:38,,81.3,146.1,167.0,nan,nan
2023/2/27,14:41:46,,78.8,139.6,160.0,nan,nan
2023/2/27,14:41:55,,76.2,135.8,159.0,nan,nan
2023/2/27,14:42:5,,72.0,133.6,156.7,nan,nan
2023/2/27,14:42:13,,72.6,127.4,147.2,nan,nan
2023/2/27,14:42:22,,70.9,121.6,137.3,nan,nan
2023/2/27,14:42:31,,68.2,116.4,133.1,nan,nan
2023/2/27,14:42:39,,65.7,114.8,136.9,nan,nan
2023/2/27,14:42:48,,64.7,112.9,140.4,nan,nan
2023/2/27,14:42:57,,63.2,111.8,136.6,nan,nan
2023/2/27,14:43:6,,62.7,112.4,129.2,nan,nan
2023/2/27,14:43:16,,62.5,109.9,127.0,nan,nan
2023/2/27,14:43:24,,60.0,108.1,124.4,nan,nan
2023/2/27,14:43:33,,59.7,104.8,121.6,nan,nan
2023/2/27,14:43:42,,60.9,103.9,121.2,nan,nan
2023/2/27,14:43:51,,58.4,100.2,112.2,nan,nan
2023/2/27,14:44:0,,54.7,100.8,115.1,nan,nan
2023/2/27,14:44:9,,56.7,98.2,114.5,nan,nan
2023/2/27,14:44:18,,56.8,94.4,109.7,nan,nan
2023/2/27,14:44:27,,62.2,100.8,118.9,nan,nan
2023/2/27,14:44:36,,57.3,95.3,113.9,nan,nan
2023/2/27,14:44:45,,54.5,91.7,111.1,nan,nan
2023/2/27,14:44:55,,47.5,83.4,97.0,nan,nan
2023/2/27,14:45:3,,46.0,84.8,96.4,nan,nan
2023/2/27,14:45:13,,48.5,83.8,94.2,nan,nan
2023/2/27,14:45:22,,46.0,81.0,93.5,nan,nan
2023/2/27,14:45:31,,44.9,78.7,87.4,nan,nan
2023/2/27,14:45:40,,45.4,78.8,91.5,nan,nan
2023/2/27,14:45:49,,42.4,73.5,82.1,nan,nan
2023/2/27,14:45:58,,40.7,69.8,79.6,nan,nan
2023/2/27,14:46:7,,40.8,67.8,81.0,nan,nan
2023/2/27,14:46:15,,39.3,67.7,80.5,nan,nan
2023/2/27,14:46:24,,37.2,64.9,77.9,nan,nan
2023/2/27,14:46:33,,36.9,65.2,76.6,nan,nan
2023/2/27,14:46:42,,36.4,64.8,77.8,nan,nan
2023/2/27,14:46:51,,36.0,64.6,77.6,nan,nan
2023/2/27,14:47:0,,34.0,58.1,72.9,nan,nan
2023/2/27,14:47:9,,34.6,60.0,75.8,nan,nan
2023/2/27,14:47:19,,35.8,61.5,75.3,nan,nan
2023/2/27,14:47:28,,36.3,61.4,75.0,nan,nan
2023/2/27,14:47:37,,33.7,57.0,71.6,nan,nan
2023/2/27,14:47:46,,32.9,55.3,69.0,nan,nan
2023/2/27,14:47:55,,33.0,53.7,69.6,nan,nan
2023/2/27,14:48:4,,32.2,51.4,70.4,nan,nan
2023/2/27,14:48:13,,34.9,55.4,71.5,nan,nan
2023/2/27,14:48:22,,38.2,58.9,72.7,nan,nan
2023/2/27,14:48:30,,34.4,54.1,69.7,nan,nan
2023/2/27,14:48:39,,32.2,50.8,65.3,nan,nan
2023/2/27,14:48:48,,31.4,49.8,65.3,nan,nan
2023/2/27,14:48:58,,31.1,50.2,63.4,nan,nan
2023/2/27,14:49:7,,28.3,45.8,58.5,nan,nan
2023/2/27,14:49:16,,27.8,45.5,60.3,nan,nan
2023/2/27,14:49:25,,28.0,45.4,56.5,nan,nan
2023/2/27,14:49:34,,28.3,46.8,60.4,nan,nan
2023/2/27,14:49:43,,31.3,49.8,62.8,nan,nan
2023/2/27,14:49:52,,30.3,47.7,59.7,nan,nan
2023/2/27,14:50:1,,28.9,48.1,60.2,nan,nan
2023/2/27,14:50:10,,28.3,46.8,60.7,nan,nan
2023/2/27,14:50:19,,27.4,44.4,56.1,nan,nan
2023/2/27,14:50:28,,25.5,43.7,54.4,nan,nan
2023/2/27,14:50:37,,25.7,43.5,53.4,nan,nan
2023/2/27,14:50:46,,27.5,44.8,55.0,nan,nan
2023/2/27,14:50:55,,28.4,45.3,56.4,nan,nan
2023/2/27,14:51:5,,30.4,47.8,61.3,nan,nan
2023/2/27,14:51:14,,29.2,46.1,58.3,nan,nan
2023/2/27,14:51:23,,27.1,42.5,53.1,nan,nan
2023/2/27,14:51:32,,27.6,43.3,54.3,nan,nan
2023/2/27,14:51:41,,27.9,44.6,56.1,nan,nan
2023/2/27,14:51:50,,30.2,47.2,58.6,nan,nan
2023/2/27,14:51:59,,32.3,49.1,61.6,nan,nan
2023/2/27,14:52:8,,29.6,46.6,58.4,nan,nan
2023/2/27,14:52:17,,26.3,44.0,58.5,nan,nan
2023/2/27,14:52:26,,28.9,46.3,59.9,nan,nan
2023/2/27,14:52:35,,30.9,47.9,61.7,nan,nan
2023/2/27,14:52:45,,32.7,50.2,65.6,nan,nan
2023/2/27,14:52:53,,32.0,48.6,62.1,nan,nan
2023/2/27,14:53:2,,26.8,43.3,54.8,nan,nan
2023/2/27,14:53:11,,26.2,44.3,55.3,nan,nan
2023/2/27,14:53:20,,26.7,44.5,54.1,nan,nan
2023/2/27,14:53:29,,26.9,43.7,52.9,nan,nan
2023/2/27,14:53:38,,25.8,42.7,52.6,nan,nan
2023/2/27,14:53:47,,26.7,44.4,56.9,nan,nan
2023/2/27,14:53:56,,26.2,43.6,55.6,nan,nan
2023/2/27,14:54:5,,26.2,44.0,54.8,nan,nan
2023/2/27,14:54:14,,26.4,42.4,52.7,nan,nan
2023/2/27,14:54:23,,26.9,43.3,52.0,nan,nan
2023/2/27,14:54:32,,26.3,43.8,53.9,nan,nan
2023/2/27,14:54:41,,25.7,42.2,53.8,nan,nan
2023/2/27,14:54:50,,24.5,42.7,53.2,nan,nan
2023/2/27,14:54:59,,25.9,44.3,56.3,nan,nan
2023/2/27,14:55:8,,26.7,44.2,55.3,nan,nan
2023/2/27,14:55:16,,27.0,43.0,53.1,nan,nan
2023/2/27,14:55:25,,26.4,41.8,51.5,nan,nan
2023/2/27,14:55:34,,26.0,41.8,51.5,nan,nan
2023/2/27,14:55:43,,25.5,42.1,52.8,nan,nan
2023/2/27,14:55:52,,26.1,42.9,52.2,nan,nan
2023/2/27,14:56:1,,25.8,44.3,53.8,nan,nan
2023/2/27,14:56:11,,26.9,43.9,53.3,nan,nan
2023/2/27,14:56:20,,28.0,46.3,57.4,nan,nan
2023/2/27,14:56:29,,26.5,43.6,54.0,nan,nan
2023/2/27,14:56:37,,26.9,43.1,54.3,nan,nan
2023/2/27,14:56:46,,25.9,40.8,52.7,nan,nan
2023/2/27,14:56:55,,26.3,42.5,53.1,nan,nan
2023/2/27,14:57:4,,25.9,43.4,53.4,nan,nan
2023/2/27,14:57:13,,26.0,42.7,53.9,nan,nan
2023/2/27,14:57:22,,26.1,41.4,52.1,nan,nan
2023/2/27,14:57:31,,25.7,40.9,51.0,nan,nan
2023/2/27,14:57:39,,25.6,42.4,53.1,nan,nan
2023/2/27,14:57:48,,25.2,40.5,50.6,nan,nan
2023/2/27,14:57:57,,25.9,41.0,49.8,nan,nan
2023/2/27,14:58:6,,26.1,40.7,50.3,nan,nan
2023/2/27,14:58:14,,26.3,40.6,51.0,nan,nan
2023/2/27,14:58:23,,26.0,40.2,51.2,nan,nan
2023/2/27,14:58:32,,24.8,39.8,49.9,nan,nan
2023/2/27,14:58:41,,24.9,40.7,50.7,nan,nan
2023/2/27,14:58:49,,24.2,40.9,50.6,nan,nan
2023/2/27,14:58:59,,25.3,42.0,52.6,nan,nan
2023/2/27,14:59:7,,25.2,40.2,52.4,nan,nan
2023/2/27,14:59:17,,25.0,42.5,52.9,nan,nan
2023/2/27,14:59:25,,25.5,42.0,51.9,nan,nan
2023/2/27,14:59:35,,25.9,41.7,52.2,nan,nan
2023/2/27,14:59:44,,25.8,41.5,51.2,nan,nan
2023/2/27,14:59:53,,24.9,38.1,50.7,nan,nan
2023/2/27,15:0:1,,23.7,37.0,48.1,nan,nan
2023/2/27,15:0:10,,25.0,38.2,47.2,nan,nan
2023/2/27,15:0:19,,26.3,41.1,50.1,nan,nan
2023/2/27,15:0:28,,25.5,41.2,50.9,nan,nan
2023/2/27,15:0:37,,24.4,39.9,48.1,nan,nan
2023/2/27,15:0:46,,25.2,39.2,48.0,nan,nan
2023/2/27,15:0:55,,24.6,40.9,50.3,nan,nan
2023/2/27,15:1:4,,23.8,40.6,50.6,nan,nan
2023/2/27,15:1:13,,24.3,39.7,49.7,nan,nan
2023/2/27,15:1:22,,25.3,39.6,48.3,nan,nan
2023/2/27,15:1:31,,25.1,39.5,49.5,nan,nan
2023/2/27,15:1:40,,24.6,41.6,52.1,nan,nan
2023/2/27,15:1:48,,25.1,41.7,52.4,nan,nan
2023/2/27,15:1:57,,25.5,40.7,51.5,nan,nan
2023/2/27,15:2:6,,25.0,39.7,50.3,nan,nan
2023/2/27,15:2:15,,24.3,38.7,49.6,nan,nan
2023/2/27,15:2:23,,24.0,38.5,48.7,nan,nan
2023/2/27,15:2:32,,23.3,37.6,47.4,nan,nan
2023/2/27,15:2:41,,23.0,37.6,45.3,nan,nan
2023/2/27,15:2:50,,24.3,38.7,47.3,nan,nan
2023/2/27,15:2:59,,24.0,40.5,50.2,nan,nan
2023/2/27,15:3:7,,23.5,39.8,47.3,nan,nan
2023/2/27,15:3:16,,24.4,39.3,48.5,nan,nan
2023/2/27,15:3:25,,25.0,39.4,49.4,nan,nan
2023/2/27,15:3:34,,24.8,39.8,49.2,nan,nan
2023/2/27,15:3:43,,23.6,39.6,47.3,nan,nan
2023/2/27,15:3:52,,24.0,39.1,46.4,nan,nan
2023/2/27,15:4:1,,24.0,39.9,48.9,nan,nan
2023/2/27,15:4:10,,25.7,42.7,52.4,nan,nan
2023/2/27,15:4:19,,24.1,39.9,48.8,nan,nan
2023/2/27,15:4:28,,23.9,41.2,50.8,nan,nan
2023/2/27,15:4:37,,25.0,42.4,52.4,nan,nan
2023/2/27,15:4:46,,24.6,41.1,51.0,nan,nan
2023/2/27,15:4:54,,25.0,40.3,49.3,nan,nan
2023/2/27,15:5:3,,26.1,41.1,50.4,nan,nan
2023/2/27,15:5:12,,26.6,41.6,50.3,nan,nan
2023/2/27,15:5:21,,26.2,40.3,48.3,nan,nan
2023/2/27,15:5:29,,25.3,39.2,47.0,nan,nan
2023/2/27,15:5:38,,24.0,37.7,45.3,nan,nan
2023/2/27,15:5:47,,23.1,38.1,46.1,nan,nan
2023/2/27,15:5:55,,23.8,38.8,47.0,nan,nan
2023/2/27,15:6:4,,24.1,39.1,47.8,nan,nan
2023/2/27,15:6:13,,24.1,39.0,48.1,nan,nan
2023/2/27,15:6:22,,24.5,39.6,48.2,nan,nan
2023/2/27,15:6:31,,24.7,40.2,48.9,nan,nan
2023/2/27,15:6:40,,23.0,38.5,47.3,nan,nan
2023/2/27,15:6:48,,23.3,38.0,47.1,nan,nan
2023/2/27,15:6:57,,23.8,38.2,46.1,nan,nan
2023/2/27,15:7:6,,23.8,40.4,49.2,nan,nan
2023/2/27,15:7:15,,24.1,40.1,49.6,nan,nan
2023/2/27,15:7:24,,24.6,39.1,48.4,nan,nan
2023/2/27,15:7:33,,25.0,40.8,49.9,nan,nan
2023/2/27,15:7:42,,24.2,41.0,50.4,nan,nan
2023/2/27,15:7:50,,24.1,40.7,49.1,nan,nan
2023/2/27,15:7:59,,25.7,40.7,49.6,nan,nan
2023/2/27,15:8:8,,25.6,42.2,51.4,nan,nan
2023/2/27,15:8:17,,25.2,40.6,50.0,nan,nan
2023/2/27,15:8:26,,24.3,38.6,48.0,nan,nan
2023/2/27,15:8:35,,24.4,38.7,49.0,nan,nan
2023/2/27,15:8:44,,24.7,38.8,48.7,nan,nan
2023/2/27,15:8:53,,24.7,40.5,50.0,nan,nan
2023/2/27,15:9:1,,26.0,41.8,51.4,nan,nan
2023/2/27,15:9:10,,25.7,40.4,50.4,nan,nan
2023/2/27,15:9:19,,24.1,41.8,50.9,nan,nan
2023/2/27,15:9:28,,24.3,41.3,50.3,nan,nan
2023/2/27,15:9:37,,24.0,39.9,48.7,nan,nan
2023/2/27,15:9:46,,24.1,40.9,49.0,nan,nan
2023/2/27,15:9:55,,23.2,39.5,46.8,nan,nan
2023/2/27,15:10:4,,23.9,39.6,46.2,nan,nan
2023/2/27,15:10:12,,23.7,37.5,43.0,nan,nan
2023/2/27,15:10:21,,22.8,36.7,43.7,nan,nan
2023/2/27,15:10:30,,23.9,40.5,48.8,nan,nan
2023/2/27,15:10:39,,22.9,40.5,51.5,nan,nan
2023/2/27,15:10:48,,23.1,39.2,49.9,nan,nan
2023/2/27,15:10:56,,24.0,37.7,46.3,nan,nan
2023/2/27,15:11:5,,24.0,38.7,45.7,nan,nan
2023/2/27,15:11:14,,24.6,40.0,47.9,nan,nan
2023/2/27,15:11:23,,25.0,41.1,49.4,nan,nan
2023/2/27,15:11:32,,24.5,39.8,47.5,nan,nan
2023/2/27,15:11:41,,24.9,40.5,48.7,nan,nan
2023/2/27,15:11:50,,24.7,40.9,48.6,nan,nan
2023/2/27,15:11:59,,24.5,39.2,46.1,nan,nan
2023/2/27,15:12:8,,22.9,36.9,42.9,nan,nan
2023/2/27,15:12:17,,23.0,35.7,41.4,nan,nan
2023/2/27,15:12:25,,22.7,36.8,42.8,nan,nan
2023/2/27,15:12:34,,22.7,37.7,44.5,nan,nan
2023/2/27,15:12:43,,23.5,38.2,44.9,nan,nan
2023/2/27,15:12:52,,23.7,37.8,45.2,nan,nan
2023/2/27,15:13:1,,24.2,40.0,47.5,nan,nan
2023/2/27,15:13:10,,23.8,40.9,49.9,nan,nan
2023/2/27,15:13:19,,23.2,39.3,48.2,nan,nan
2023/2/27,15:13:28,,22.8,38.0,47.1,nan,nan
2023/2/27,15:13:37,,23.3,39.7,48.4,nan,nan
2023/2/27,15:13:46,,23.3,38.3,45.6,nan,nan
2023/2/27,15:13:54,,23.8,39.0,47.1,nan,nan
2023/2/27,15:14:3,,23.6,39.1,47.7,nan,nan
2023/2/27,15:14:12,,23.9,40.0,48.2,nan,nan
2023/2/27,15:14:21,,23.2,41.4,51.2,nan,nan
2023/2/27,15:14:30,,22.8,39.7,49.6,nan,nan
2023/2/27,15:14:40,,23.8,39.2,48.1,nan,nan
2023/2/27,15:14:48,,23.7,37.7,45.9,nan,nan
2023/2/27,15:14:57,,26.2,39.4,48.3,nan,nan
2023/2/27,15:15:6,,26.2,42.5,51.7,nan,nan
2023/2/27,15:15:15,,24.5,40.9,50.8,nan,nan
2023/2/27,15:15:24,,23.6,39.1,47.8,nan,nan
2023/2/27,15:15:33,,23.9,38.7,46.7,nan,nan
2023/2/27,15:15:42,,24.6,38.2,46.1,nan,nan
2023/2/27,15:15:51,,24.1,36.8,45.8,nan,nan
2023/2/27,15:16:0,,27.1,40.9,50.1,nan,nan
2023/2/27,15:16:9,,24.4,41.0,50.3,nan,nan
2023/2/27,15:16:18,,24.7,40.5,49.0,nan,nan
2023/2/27,15:16:27,,23.8,40.0,47.5,nan,nan
2023/2/27,15:16:35,,24.1,39.3,47.2,nan,nan
2023/2/27,15:16:45,,24.3,38.8,46.1,nan,nan
2023/2/27,15:16:53,,25.6,39.0,46.7,nan,nan
2023/2/27,15:17:2,,24.1,37.8,44.6,nan,nan
2023/2/27,15:17:11,,23.3,36.1,42.8,nan,nan
2023/2/27,15:17:20,,22.3,37.3,44.6,nan,nan
2023/2/27,15:17:29,,22.0,37.6,45.1,nan,nan
2023/2/27,15:17:38,,22.3,38.0,46.7,nan,nan
2023/2/27,15:17:47,,23.6,38.7,45.6,nan,nan
2023/2/27,15:17:56,,23.4,36.4,41.8,nan,nan
2023/2/27,15:18:5,,22.6,38.7,46.3,nan,nan
2023/2/27,15:18:14,,23.6,39.5,46.5,nan,nan
2023/2/27,15:18:22,,23.6,39.2,46.4,nan,nan
2023/2/27,15:18:31,,23.7,38.4,46.4,nan,nan
2023/2/27,15:18:40,,24.1,38.6,46.1,nan,nan
2023/2/27,15:18:49,,23.6,38.8,47.0,nan,nan
2023/2/27,15:18:58,,23.1,38.3,45.5,nan,nan
2023/2/27,15:19:7,,23.3,38.3,46.0,nan,nan
2023/2/27,15:19:16,,24.1,38.4,47.5,nan,nan
2023/2/27,15:19:25,,24.2,37.7,45.0,nan,nan
2023/2/27,15:19:34,,23.3,37.0,44.8,nan,nan
2023/2/27,15:19:44,,24.1,39.2,48.1,nan,nan
2023/2/27,15:19:52,,23.7,38.8,46.7,nan,nan
2023/2/27,15:20:1,,23.4,38.1,45.8,nan,nan
2023/2/27,15:20:10,,24.3,41.4,49.8,nan,nan
2023/2/27,15:20:20,,27.0,42.9,52.2,nan,nan
2023/2/27,15:20:29,,33.3,48.0,58.2,nan,nan
2023/2/27,15:20:38,,30.5,45.3,55.8,nan,nan
2023/2/27,15:20:47,,22.9,38.1,46.2,nan,nan
2023/2/27,15:20:56,,23.8,38.7,46.9,nan,nan
2023/2/27,15:21:5,,26.1,42.1,51.4,nan,nan
2023/2/27,15:21:14,,24.9,41.6,50.2,nan,nan
2023/2/27,15:21:23,,31.1,46.3,56.3,nan,nan
2023/2/27,15:21:32,,35.3,50.1,62.1,nan,nan
2023/2/27,15:21:41,,26.1,42.1,52.1,nan,nan
2023/2/27,15:21:49,,22.9,39.6,48.7,nan,nan
2023/2/27,15:21:58,,24.2,40.5,51.0,nan,nan
2023/2/27,15:22:7,,25.3,40.3,50.7,nan,nan
2023/2/27,15:22:16,,29.4,45.0,54.4,nan,nan
2023/2/27,15:22:25,,32.4,48.3,59.5,nan,nan
2023/2/27,15:22:34,,25.7,41.5,50.3,nan,nan
2023/2/27,15:22:43,,27.0,42.3,51.6,nan,nan
2023/2/27,15:22:52,,28.4,43.5,54.1,nan,nan
2023/2/27,15:23:2,,29.0,43.7,54.3,nan,nan
2023/2/27,15:23:11,,29.9,44.8,53.7,nan,nan
2023/2/27,15:23:20,,27.9,43.2,52.1,nan,nan
2023/2/27,15:23:29,,27.5,43.5,53.4,nan,nan
2023/2/27,15:23:37,,26.6,41.8,50.8,nan,nan
2023/2/27,15:23:46,,26.8,40.6,48.3,nan,nan
2023/2/27,15:23:55,,29.1,43.6,52.6,nan,nan
2023/2/27,15:24:4,,31.6,45.2,55.3,nan,nan
2023/2/27,15:59:2,,55.9,61.1,69.2,nan,nan
2023/2/27,15:59:11,,65.1,75.0,81.4,nan,nan
2023/2/27,15:59:20,,47.5,59.7,71.0,nan,nan
2023/2/27,15:59:37,,55.6,73.3,77.9,nan,nan
2023/2/27,15:59:47,,52.3,71.3,77.0,nan,nan
2023/2/27,15:59:56,,35.9,53.5,65.2,nan,nan
2023/2/27,16:0:5,,31.0,48.8,60.3,nan,nan
2023/2/27,16:0:14,,32.5,50.4,61.5,nan,nan
2023/2/27,16:0:23,,37.5,54.8,66.1,nan,nan
2023/2/27,16:0:32,,33.4,52.2,64.3,nan,nan
2023/2/27,16:0:41,,35.4,55.7,66.7,nan,nan
2023/2/27,16:0:50,,40.5,63.5,72.5,nan,nan
2023/2/27,16:0:59,,38.1,60.0,70.9,nan,nan
2023/2/27,16:1:8,,38.6,61.9,71.9,nan,nan
2023/2/27,16:1:17,,41.9,63.3,71.7,nan,nan
2023/2/27,16:1:27,,40.8,63.9,72.5,nan,nan
2023/2/27,16:1:35,,38.3,60.3,70.9,nan,nan
2023/2/27,16:1:44,,38.0,57.6,68.0,nan,nan
2023/2/27,16:1:53,,39.8,62.7,70.9,nan,nan
2023/2/27,16:2:2,,39.7,61.1,71.2,nan,nan
2023/2/27,16:2:11,,38.0,57.6,68.8,nan,nan
2023/2/27,16:2:20,,39.8,61.6,71.3,nan,nan
2023/2/27,16:2:29,,38.2,63.4,73.2,nan,nan
2023/2/27,16:2:38,,38.4,59.4,71.3,nan,nan
2023/2/27,16:2:47,,38.0,59.4,70.8,nan,nan
2023/2/27,16:2:57,,39.3,62.6,71.6,nan,nan
2023/2/27,16:3:6,,37.4,58.2,69.5,nan,nan
2023/2/27,16:3:15,,36.5,60.4,71.0,nan,nan
2023/2/27,16:3:24,,38.0,58.7,69.6,nan,nan
2023/2/27,16:3:33,,39.3,59.0,70.0,nan,nan
2023/2/27,16:3:42,,40.3,63.9,73.2,nan,nan
2023/2/27,16:3:51,,38.3,61.9,71.6,nan,nan
2023/2/27,16:3:59,,38.8,63.9,72.5,nan,nan
2023/2/27,16:4:8,,38.4,63.1,72.3,nan,nan
2023/2/27,16:4:17,,39.6,61.5,71.8,nan,nan
2023/2/27,16:4:25,,40.6,60.9,72.1,nan,nan
2023/2/27,16:4:35,,42.4,65.4,73.3,nan,nan
2023/2/27,16:4:43,,40.6,61.4,70.7,nan,nan
2023/2/27,16:4:53,,43.5,63.7,72.6,nan,nan
2023/2/27,16:5:2,,44.8,68.2,74.6,nan,nan
2023/2/27,16:5:10,,42.7,65.4,73.6,nan,nan
2023/2/27,16:5:19,,40.0,61.5,71.4,nan,nan
2023/2/27,16:5:28,,40.0,63.0,71.7,nan,nan
2023/2/27,16:5:36,,39.1,62.7,72.3,nan,nan
2023/2/27,16:5:46,,39.2,61.4,72.3,nan,nan
2023/2/27,16:5:55,,40.3,65.6,74.2,nan,nan
2023/2/27,16:6:3,,38.4,63.6,72.8,nan,nan
2023/2/27,16:6:12,,40.1,64.7,72.9,nan,nan
2023/2/27,16:6:21,,41.9,66.0,74.0,nan,nan
2023/2/27,16:6:30,,40.0,62.6,71.8,nan,nan
2023/2/27,16:6:39,,40.1,65.1,73.5,nan,nan
2023/2/27,16:6:48,,39.4,61.5,72.4,nan,nan
2023/2/27,16:6:57,,39.2,61.5,72.0,nan,nan
2023/2/27,16:7:6,,41.7,65.3,73.4,nan,nan
2023/2/27,16:7:15,,39.9,62.4,71.8,nan,nan
2023/2/27,16:7:24,,38.7,60.1,72.2,nan,nan
2023/2/27,16:7:33,,38.3,58.2,69.5,nan,nan
2023/2/27,16:7:42,,37.5,58.7,70.0,nan,nan
2023/2/27,16:7:51,,36.6,59.9,71.5,nan,nan
2023/2/27,16:8:0,,38.3,61.5,72.9,nan,nan
2023/2/27,16:8:9,,39.3,65.4,73.8,nan,nan
2023/2/27,16:8:18,,39.3,63.8,72.5,nan,nan
2023/2/27,16:8:27,,39.8,60.7,71.4,nan,nan
2023/2/27,16:8:36,,38.7,61.6,71.4,nan,nan
2023/2/27,16:8:44,,39.5,62.9,72.5,nan,nan
2023/2/27,16:8:53,,38.3,59.9,70.8,nan,nan
2023/2/27,16:9:3,,39.3,61.5,71.4,nan,nan
2023/2/27,16:9:12,,40.6,63.5,72.2,nan,nan
2023/2/27,16:9:21,,39.0,62.7,72.2,nan,nan
