2023/2/27,11:2:19,,139.9,171.9,194.5,nan,nan
2023/2/27,11:2:29,,95.2,117.1,132.2,nan,nan
2023/2/27,11:2:40,,76.6,94.3,106.4,nan,nan
2023/2/27,11:2:50,,88.3,108.8,122.8,nan,nan
2023/2/27,11:3:29,,75.0,92.4,104.2,nan,nan
2023/2/27,11:3:39,,122.4,150.4,170.0,nan,nan
2023/2/27,11:3:49,,109.3,134.3,151.9,nan,nan
2023/2/27,11:3:59,,98.4,121.1,136.9,nan,nan
2023/2/27,11:4:10,,75.5,93.1,104.9,nan,nan
2023/2/27,11:4:20,,55.0,67.9,76.4,nan,nan
2023/2/27,11:4:30,,67.8,83.3,93.9,nan,nan
2023/2/27,11:4:40,,139.5,171.5,194.1,nan,nan
2023/2/27,11:4:50,,146.6,180.2,203.8,nan,nan
2023/2/27,11:5:0,,88.6,108.8,123.0,nan,nan
2023/2/27,11:5:10,,71.8,88.5,100.0,nan,nan
2023/2/27,11:5:20,,113.5,139.4,157.6,nan,nan
2023/2/27,11:5:30,,179.8,220.7,250.0,nan,nan
2023/2/27,11:5:41,,174.6,214.1,242.4,nan,nan
2023/2/27,11:5:51,,128.8,158.4,179.1,nan,nan
2023/2/27,11:6:1,,127.4,156.7,177.2,nan,nan
2023/2/27,11:6:11,,126.4,155.3,175.6,nan,nan
2023/2/27,11:6:21,,145.1,178.1,201.5,nan,nan
2023/2/27,11:6:31,,104.1,128.2,144.8,nan,nan
2023/2/27,11:6:41,,52.9,65.3,73.6,nan,nan
2023/2/27,11:6:51,,35.9,44.6,50.0,nan,nan
2023/2/27,11:7:1,,35.0,43.0,48.0,nan,nan
2023/2/27,11:7:12,,34.9,42.9,47.9,nan,nan
2023/2/27,11:7:22,,35.0,43.0,48.0,nan,nan
2023/2/27,11:7:32,,35.0,43.3,48.3,nan,nan
2023/2/27,11:7:42,,35.2,44.0,49.2,nan,nan
2023/2/27,11:7:52,,36.8,45.8,51.8,nan,nan
2023/2/27,11:8:2,,36.3,45.3,51.3,nan,nan
2023/2/27,11:8:12,,37.3,46.3,52.3,nan,nan
2023/2/27,11:8:22,,38.0,47.0,53.0,nan,nan
2023/2/27,11:8:32,,38.0,47.0,53.0,nan,nan
2023/2/27,11:8:43,,37.4,46.4,52.4,nan,nan
2023/2/27,11:8:53,,37.0,46.0,52.0,nan,nan
2023/2/27,11:9:3,,37.2,46.2,52.2,nan,nan
2023/2/27,11:9:13,,36.8,45.8,51.8,nan,nan
2023/2/27,11:9:23,,36.6,45.6,51.6,nan,nan
2023/2/27,11:9:33,,37.0,46.0,52.0,nan,nan
2023/2/27,11:9:43,,37.4,46.4,52.4,nan,nan
2023/2/27,11:9:53,,36.8,45.8,51.8,nan,nan
2023/2/27,11:10:3,,36.0,45.0,51.0,nan,nan
2023/2/27,11:10:14,,35.5,44.5,50.0,nan,nan
2023/2/27,11:10:24,,35.2,43.9,49.1,nan,nan
2023/2/27,11:10:34,,34.7,43.0,48.0,nan,nan
2023/2/27,11:10:44,,34.8,43.1,48.1,nan,nan
2023/2/27,11:10:54,,35.0,43.0,48.0,nan,nan
2023/2/27,11:11:4,,35.0,43.0,48.0,nan,nan
2023/2/27,11:11:14,,38.8,47.7,53.6,nan,nan
2023/2/27,11:11:24,,38.6,47.6,53.6,nan,nan
2023/2/27,11:11:34,,38.6,47.6,53.6,nan,nan
2023/2/27,11:11:45,,38.5,47.5,53.5,nan,nan
2023/2/27,11:11:55,,38.6,47.6,53.6,nan,nan
2023/2/27,11:12:5,,35.8,44.6,50.1,nan,nan
2023/2/27,11:12:15,,34.2,42.3,47.3,nan,nan
2023/2/27,11:12:25,,33.6,42.3,47.3,nan,nan
2023/2/27,11:12:35,,34.6,42.6,47.6,nan,nan
2023/2/27,11:12:45,,34.1,42.1,47.1,nan,nan
2023/2/27,11:12:55,,34.4,42.5,47.5,nan,nan
2023/2/27,11:13:5,,34.4,42.4,47.4,nan,nan
2023/2/27,11:13:16,,35.0,43.2,48.2,nan,nan
2023/2/27,11:13:26,,35.0,43.3,48.3,nan,nan
2023/2/27,11:13:36,,34.8,42.9,47.9,nan,nan
2023/2/27,11:13:46,,33.6,41.6,46.6,nan,nan
2023/2/27,11:13:56,,32.0,40.0,45.0,nan,nan
2023/2/27,11:14:6,,32.2,40.2,45.2,nan,nan
2023/2/27,11:14:16,,31.9,39.9,44.9,nan,nan
2023/2/27,11:14:26,,31.1,38.8,43.8,nan,nan
2023/2/27,11:14:36,,30.2,37.3,41.6,nan,nan
2023/2/27,11:14:47,,30.7,37.8,42.5,nan,nan
2023/2/27,11:14:57,,31.0,39.0,44.0,nan,nan
2023/2/27,11:15:7,,31.0,38.4,43.4,nan,nan
2023/2/27,11:15:17,,31.0,38.1,43.1,nan,nan
2023/2/27,11:15:27,,31.3,39.2,44.2,nan,nan
2023/2/27,11:15:37,,32.3,40.3,45.3,nan,nan
2023/2/27,11:15:47,,32.9,40.9,45.9,nan,nan
2023/2/27,11:15:57,,33.0,41.0,46.0,nan,nan
2023/2/27,11:16:7,,34.0,42.0,47.0,nan,nan
2023/2/27,11:16:18,,34.4,42.4,47.4,nan,nan
2023/2/27,11:16:28,,34.1,42.1,47.1,nan,nan
2023/2/27,11:16:38,,34.8,42.8,47.8,nan,nan
2023/2/27,11:16:48,,34.5,42.5,47.5,nan,nan
2023/2/27,11:16:58,,33.2,41.2,46.2,nan,nan
2023/2/27,11:17:8,,32.6,40.6,45.6,nan,nan
2023/2/27,11:17:18,,31.3,39.3,44.3,nan,nan
2023/2/27,11:17:28,,33.5,41.8,47.0,nan,nan
2023/2/27,11:17:38,,172.7,212.1,240.2,nan,nan
2023/2/27,11:17:49,,95.6,117.6,132.9,nan,nan
2023/2/27,11:17:59,,73.0,89.8,101.3,nan,nan
2023/2/27,11:18:9,,70.5,86.5,97.5,nan,nan
2023/2/27,11:18:19,,62.4,76.9,86.7,nan,nan
2023/2/27,11:18:29,,48.7,60.2,67.7,nan,nan
2023/2/27,11:18:39,,43.4,53.9,60.6,nan,nan
2023/2/27,11:18:49,,39.9,49.6,55.6,nan,nan
2023/2/27,11:18:59,,38.0,47.0,53.0,nan,nan
2023/2/27,11:19:9,,35.5,44.5,50.0,nan,nan
2023/2/27,11:19:20,,35.0,43.9,48.9,nan,nan
2023/2/27,11:19:30,,35.0,43.0,48.0,nan,nan
2023/2/27,11:19:40,,35.0,43.0,48.0,nan,nan
2023/2/27,11:19:50,,34.6,42.6,47.6,nan,nan
2023/2/27,11:20:0,,34.5,42.5,47.5,nan,nan
2023/2/27,11:20:10,,34.3,42.3,47.3,nan,nan
2023/2/27,11:20:20,,35.0,43.0,48.0,nan,nan
2023/2/27,11:20:30,,34.6,42.7,47.7,nan,nan
2023/2/27,11:20:40,,33.8,41.8,46.8,nan,nan
2023/2/27,11:20:51,,34.0,42.0,47.0,nan,nan
2023/2/27,11:21:1,,33.7,41.7,46.7,nan,nan
2023/2/27,11:21:11,,33.2,41.2,46.2,nan,nan
2023/2/27,11:21:21,,33.2,41.2,46.2,nan,nan
2023/2/27,11:21:31,,34.0,42.0,47.0,nan,nan
2023/2/27,11:21:41,,119.6,147.0,166.1,nan,nan
2023/2/27,11:21:51,,236.1,289.7,327.9,nan,nan
2023/2/27,11:22:1,,133.8,164.4,185.8,nan,nan
2023/2/27,11:22:11,,71.4,88.3,99.5,nan,nan
2023/2/27,11:22:22,,69.5,86.1,96.8,nan,nan
2023/2/27,11:22:32,,153.5,188.5,213.1,nan,nan
2023/2/27,11:22:42,,188.5,231.0,261.7,nan,nan
2023/2/27,11:22:52,,99.0,121.9,137.9,nan,nan
2023/2/27,11:23:2,,92.4,113.7,128.6,nan,nan
2023/2/27,11:23:12,,88.1,108.5,122.8,nan,nan
2023/2/27,11:23:22,,146.1,179.5,203.1,nan,nan
2023/2/27,11:23:32,,176.6,216.7,245.3,nan,nan
2023/2/27,11:23:42,,89.3,109.8,124.1,nan,nan
2023/2/27,11:23:53,,73.0,90.1,101.6,nan,nan
2023/2/27,11:24:3,,77.8,95.8,108.1,nan,nan
2023/2/27,11:24:13,,110.0,135.1,152.8,nan,nan
2023/2/27,11:24:23,,128.6,158.1,178.7,nan,nan
2023/2/27,11:24:33,,94.6,116.4,131.6,nan,nan
2023/2/27,11:24:43,,54.9,67.9,76.6,nan,nan
2023/2/27,11:24:53,,51.3,63.3,71.3,nan,nan
2023/2/27,11:25:3,,90.1,111.0,125.4,nan,nan
2023/2/27,11:25:13,,128.2,157.3,177.9,nan,nan
2023/2/27,11:25:35,,134.3,164.9,186.5,nan,nan
2023/2/27,11:25:45,,102.1,125.6,141.9,nan,nan
2023/2/27,11:25:55,,53.8,66.6,74.9,nan,nan
2023/2/27,11:26:7,,47.1,58.4,65.8,nan,nan
2023/2/27,11:26:18,,86.2,105.9,119.8,nan,nan
2023/2/27,11:26:28,,62.6,77.1,87.1,nan,nan
2023/2/27,11:26:38,,59.9,73.9,83.2,nan,nan
2023/2/27,11:26:48,,44.5,54.9,61.7,nan,nan
2023/2/27,11:26:58,,38.8,47.8,53.8,nan,nan
2023/2/27,11:27:8,,36.2,45.2,51.2,nan,nan
2023/2/27,11:27:18,,35.7,44.7,50.4,nan,nan
2023/2/27,11:27:28,,35.0,43.3,48.3,nan,nan
2023/2/27,11:27:38,,34.4,42.7,47.7,nan,nan
2023/2/27,11:27:49,,32.8,40.8,45.8,nan,nan
2023/2/27,11:27:59,,32.0,40.0,45.0,nan,nan
2023/2/27,11:28:9,,32.5,40.5,45.5,nan,nan
2023/2/27,11:28:19,,32.2,40.2,45.2,nan,nan
2023/2/27,11:28:29,,32.3,40.3,45.3,nan,nan
2023/2/27,11:28:39,,31.3,39.3,44.3,nan,nan
2023/2/27,11:28:49,,31.8,39.8,44.8,nan,nan
2023/2/27,11:28:59,,31.3,39.3,44.3,nan,nan
2023/2/27,11:29:9,,31.0,39.0,44.0,nan,nan
2023/2/27,11:29:20,,32.0,40.0,45.0,nan,nan
2023/2/27,11:29:30,,31.5,39.5,44.5,nan,nan
2023/2/27,11:29:40,,31.7,39.7,44.7,nan,nan
2023/2/27,11:29:50,,32.0,40.0,45.0,nan,nan
2023/2/27,11:30:0,,32.1,40.1,45.1,nan,nan
2023/2/27,11:30:10,,33.0,41.0,46.0,nan,nan
2023/2/27,11:30:20,,33.0,41.0,46.0,nan,nan
2023/2/27,11:30:30,,33.3,41.3,46.3,nan,nan
2023/2/27,11:30:40,,46.3,57.2,64.3,nan,nan
2023/2/27,11:30:51,,106.4,130.9,148.1,nan,nan
2023/2/27,11:31:1,,100.2,123.4,139.4,nan,nan
2023/2/27,11:31:11,,47.5,59.0,66.4,nan,nan
2023/2/27,11:31:21,,47.6,58.7,66.4,nan,nan
2023/2/27,11:31:31,,96.5,118.9,134.5,nan,nan
2023/2/27,11:31:41,,123.9,152.3,172.3,nan,nan
2023/2/27,11:31:51,,80.8,99.5,112.2,nan,nan
2023/2/27,11:32:1,,49.4,60.9,68.6,nan,nan
2023/2/27,11:32:11,,39.5,48.6,54.6,nan,nan
2023/2/27,11:32:22,,40.6,50.0,56.2,nan,nan
2023/2/27,11:32:32,,46.1,57.0,64.0,nan,nan
2023/2/27,11:32:42,,44.7,55.2,62.2,nan,nan
2023/2/27,11:32:52,,41.4,51.4,57.5,nan,nan
2023/2/27,11:33:2,,41.9,51.9,58.1,nan,nan
2023/2/27,11:33:12,,41.6,51.4,57.8,nan,nan
2023/2/27,11:33:22,,45.1,55.8,62.8,nan,nan
2023/2/27,11:33:32,,45.2,56.2,63.2,nan,nan
2023/2/27,11:33:42,,46.6,57.6,64.6,nan,nan
2023/2/27,11:33:53,,47.7,58.8,66.1,nan,nan
2023/2/27,11:34:3,,50.1,62.0,69.9,nan,nan
2023/2/27,11:34:13,,44.9,55.6,62.6,nan,nan
2023/2/27,11:34:23,,41.3,51.3,57.3,nan,nan
2023/2/27,11:34:33,,41.7,51.7,57.7,nan,nan
2023/2/27,11:34:43,,43.3,53.3,60.1,nan,nan
2023/2/27,11:34:53,,43.9,54.0,61.0,nan,nan
2023/2/27,11:35:3,,44.0,54.7,61.7,nan,nan
2023/2/27,11:35:13,,42.4,52.4,58.7,nan,nan
2023/2/27,11:35:24,,41.1,51.1,57.1,nan,nan
2023/2/27,11:35:34,,42.7,52.7,59.4,nan,nan
2023/2/27,11:35:44,,42.8,52.8,59.3,nan,nan
2023/2/27,11:35:54,,43.9,54.3,61.3,nan,nan
2023/2/27,11:36:4,,83.0,102.2,115.5,nan,nan
2023/2/27,11:36:14,,130.8,160.5,181.4,nan,nan
2023/2/27,11:36:24,,52.5,64.8,72.9,nan,nan
2023/2/27,11:36:34,,50.6,62.3,70.2,nan,nan
2023/2/27,11:36:54,,244.9,300.4,340.1,nan,nan
2023/2/27,11:37:4,,130.1,159.8,180.7,nan,nan
2023/2/27,11:37:14,,144.9,178.0,201.4,nan,nan
2023/2/27,11:37:24,,125.8,154.7,174.9,nan,nan
2023/2/27,11:37:34,,172.7,211.8,239.8,nan,nan
2023/2/27,11:37:44,,239.3,293.5,332.4,nan,nan
2023/2/27,11:37:54,,101.3,124.6,140.8,nan,nan
2023/2/27,11:38:4,,70.0,86.4,97.4,nan,nan
2023/2/27,11:38:15,,55.7,68.9,77.6,nan,nan
2023/2/27,11:38:25,,121.9,149.8,169.3,nan,nan
2023/2/27,11:38:35,,126.8,155.9,176.3,nan,nan
2023/2/27,11:38:45,,52.4,64.8,72.9,nan,nan
2023/2/27,11:38:55,,46.5,57.7,65.0,nan,nan
2023/2/27,11:39:5,,60.0,74.1,83.4,nan,nan
2023/2/27,11:39:15,,98.6,121.2,137.0,nan,nan
2023/2/27,11:39:25,,155.3,190.7,215.7,nan,nan
2023/2/27,11:39:35,,155.8,191.5,216.8,nan,nan
2023/2/27,11:39:46,,102.0,125.5,141.8,nan,nan
2023/2/27,11:39:56,,85.5,105.4,118.9,nan,nan
2023/2/27,11:40:6,,86.3,106.4,120.2,nan,nan
2023/2/27,11:40:16,,163.8,201.1,227.4,nan,nan
2023/2/27,11:40:26,,143.1,175.7,198.8,nan,nan
2023/2/27,11:40:36,,105.1,129.4,146.2,nan,nan
2023/2/27,11:40:46,,87.9,108.1,122.0,nan,nan
2023/2/27,11:40:56,,152.0,186.6,211.0,nan,nan
2023/2/27,11:41:6,,217.4,266.7,302.0,nan,nan
2023/2/27,11:41:17,,125.2,153.8,174.0,nan,nan
2023/2/27,11:41:27,,108.9,133.9,151.3,nan,nan
2023/2/27,11:41:37,,106.5,131.0,148.0,nan,nan
2023/2/27,11:41:47,,141.8,174.2,197.0,nan,nan
2023/2/27,11:41:57,,215.6,264.5,299.5,nan,nan
2023/2/27,11:42:7,,195.2,239.5,271.0,nan,nan
2023/2/27,11:42:17,,176.0,215.9,244.2,nan,nan
2023/2/27,11:42:27,,247.7,303.9,344.1,nan,nan
2023/2/27,11:42:37,,267.6,328.1,371.6,nan,nan
2023/2/27,11:42:48,,283.3,347.4,393.5,nan,nan
2023/2/27,11:42:58,,289.9,355.6,402.6,nan,nan
2023/2/27,11:43:8,,290.5,356.2,403.2,nan,nan
2023/2/27,11:43:18,,281.3,345.0,390.8,nan,nan
2023/2/27,11:43:28,,280.6,343.8,389.4,nan,nan
2023/2/27,11:43:38,,279.2,342.2,387.2,nan,nan
2023/2/27,11:43:48,,282.1,346.0,391.8,nan,nan
2023/2/27,11:43:58,,286.1,351.1,398.0,nan,nan
2023/2/27,11:44:8,,270.4,331.8,375.8,nan,nan
2023/2/27,11:44:19,,255.8,313.8,355.6,nan,nan
2023/2/27,11:44:29,,251.8,308.7,349.7,nan,nan
2023/2/27,11:44:39,,249.9,306.4,347.1,nan,nan
2023/2/27,11:44:49,,269.9,330.8,374.8,nan,nan
2023/2/27,11:44:59,,273.5,335.2,379.6,nan,nan
2023/2/27,11:45:9,,253.4,311.0,352.2,nan,nan
2023/2/27,11:45:19,,249.0,305.1,345.6,nan,nan
2023/2/27,11:45:29,,252.9,310.1,351.2,nan,nan
2023/2/27,11:45:39,,256.0,313.8,355.4,nan,nan
2023/2/27,11:45:50,,260.8,319.6,362.1,nan,nan
2023/2/27,11:46:0,,265.8,325.8,369.1,nan,nan
2023/2/27,11:46:10,,271.8,333.3,377.6,nan,nan
2023/2/27,11:46:20,,276.6,339.3,384.3,nan,nan
2023/2/27,11:46:30,,268.8,329.8,373.6,nan,nan
2023/2/27,11:46:40,,264.5,324.3,367.4,nan,nan
2023/2/27,11:46:50,,258.8,317.4,359.5,nan,nan
2023/2/27,11:47:0,,258.0,316.4,358.4,nan,nan
2023/2/27,11:47:10,,257.0,315.1,357.1,nan,nan
2023/2/27,11:47:21,,261.6,321.0,363.6,nan,nan
2023/2/27,11:47:31,,266.4,326.7,369.8,nan,nan
2023/2/27,11:47:41,,264.8,324.7,367.7,nan,nan
2023/2/27,11:47:51,,259.6,318.3,360.6,nan,nan
2023/2/27,11:48:1,,252.5,309.7,350.7,nan,nan
2023/2/27,11:48:11,,254.9,312.5,353.9,nan,nan
2023/2/27,11:48:21,,250.9,307.6,348.2,nan,nan
2023/2/27,11:48:31,,253.9,311.4,352.7,nan,nan
2023/2/27,11:48:41,,269.0,329.9,373.5,nan,nan
2023/2/27,11:48:52,,276.1,338.6,383.6,nan,nan
2023/2/27,11:49:2,,277.9,340.9,385.9,nan,nan
2023/2/27,11:49:12,,270.4,331.5,375.4,nan,nan
2023/2/27,11:49:22,,266.0,326.1,369.2,nan,nan
2023/2/27,11:49:32,,261.5,320.9,363.3,nan,nan
2023/2/27,11:49:42,,259.3,318.0,360.1,nan,nan
2023/2/27,11:49:52,,261.7,320.8,363.4,nan,nan
2023/2/27,11:50:2,,268.6,329.3,372.9,nan,nan
2023/2/27,11:50:13,,267.4,328.0,371.3,nan,nan
2023/2/27,11:50:23,,267.5,328.1,371.6,nan,nan
2023/2/27,11:50:33,,268.7,329.7,373.7,nan,nan
2023/2/27,11:50:43,,271.2,332.7,377.0,nan,nan
2023/2/27,11:50:53,,273.3,335.3,379.7,nan,nan
2023/2/27,11:51:3,,279.8,343.1,388.5,nan,nan
2023/2/27,11:51:13,,284.0,348.2,394.2,nan,nan
2023/2/27,11:51:23,,283.1,347.1,393.1,nan,nan
2023/2/27,11:51:33,,282.5,346.5,392.5,nan,nan
2023/2/27,11:51:44,,282.7,346.7,392.6,nan,nan
2023/2/27,11:51:54,,276.9,339.7,384.8,nan,nan
2023/2/27,11:52:4,,256.0,313.9,355.7,nan,nan
2023/2/27,11:52:14,,245.3,301.3,341.3,nan,nan
2023/2/27,11:52:24,,247.8,303.9,344.2,nan,nan
2023/2/27,11:52:34,,250.3,307.1,347.9,nan,nan
2023/2/27,11:52:44,,261.3,320.2,362.8,nan,nan
2023/2/27,11:52:54,,264.7,324.5,367.6,nan,nan
2023/2/27,11:53:4,,250.7,307.4,348.4,nan,nan
2023/2/27,11:53:15,,252.0,309.2,350.3,nan,nan
2023/2/27,11:53:25,,260.8,319.7,362.1,nan,nan
2023/2/27,11:53:35,,263.9,323.6,366.5,nan,nan
2023/2/27,11:53:45,,265.3,325.1,368.3,nan,nan
2023/2/27,11:53:55,,264.0,323.5,366.5,nan,nan
2023/2/27,11:54:5,,261.7,320.9,363.3,nan,nan
2023/2/27,11:54:15,,264.8,324.9,368.1,nan,nan
2023/2/27,11:54:25,,260.6,319.5,361.8,nan,nan
2023/2/27,11:54:35,,220.0,269.8,305.5,nan,nan
2023/2/27,11:54:46,,219.8,269.5,305.3,nan,nan
2023/2/27,11:54:56,,272.6,334.3,378.6,nan,nan
2023/2/27,11:55:6,,289.2,354.6,401.5,nan,nan
2023/2/27,11:55:16,,289.9,355.3,402.3,nan,nan
2023/2/27,11:55:26,,278.4,341.4,386.6,nan,nan
2023/2/27,11:55:36,,263.7,323.6,366.5,nan,nan
2023/2/27,11:55:46,,258.2,316.4,358.4,nan,nan
2023/2/27,11:55:56,,265.3,325.4,368.6,nan,nan
2023/2/27,11:56:6,,278.9,342.0,387.3,nan,nan
2023/2/27,11:56:17,,280.9,344.5,390.2,nan,nan
2023/2/27,11:56:27,,280.7,343.9,389.5,nan,nan
2023/2/27,11:56:37,,278.3,341.3,386.3,nan,nan
2023/2/27,11:56:47,,278.9,341.9,387.0,nan,nan
2023/2/27,11:56:57,,281.3,345.3,391.3,nan,nan
2023/2/27,11:57:7,,281.0,344.5,390.1,nan,nan
2023/2/27,11:57:17,,274.2,336.5,381.1,nan,nan
2023/2/27,11:57:27,,277.3,340.3,385.3,nan,nan
2023/2/27,11:57:37,,277.0,339.9,384.9,nan,nan
2023/2/27,11:57:48,,276.9,339.7,384.7,nan,nan
2023/2/27,11:57:58,,284.9,349.5,395.8,nan,nan
2023/2/27,11:58:8,,276.8,339.4,384.6,nan,nan
2023/2/27,11:58:18,,247.6,303.7,343.8,nan,nan
2023/2/27,11:58:28,,245.7,301.5,341.2,nan,nan
2023/2/27,11:58:38,,253.8,310.8,351.8,nan,nan
2023/2/27,11:58:48,,263.4,322.8,365.5,nan,nan
2023/2/27,11:58:58,,270.7,332.0,375.9,nan,nan
2023/2/27,11:59:8,,252.8,309.9,351.0,nan,nan
2023/2/27,11:59:19,,248.9,304.9,345.3,nan,nan
2023/2/27,11:59:29,,248.7,304.8,345.0,nan,nan
2023/2/27,11:59:39,,259.9,318.8,360.9,nan,nan
2023/2/27,11:59:49,,267.1,327.5,371.0,nan,nan
2023/2/27,11:59:59,,272.8,334.2,378.5,nan,nan
2023/2/27,12:0:9,,273.0,334.8,379.1,nan,nan
2023/2/27,12:0:19,,273.3,335.1,379.7,nan,nan
2023/2/27,12:0:29,,270.6,331.7,375.7,nan,nan
2023/2/27,12:0:40,,271.3,332.8,377.1,nan,nan
2023/2/27,12:0:50,,250.3,306.8,347.5,nan,nan
2023/2/27,12:1:0,,236.7,290.7,328.9,nan,nan
2023/2/27,12:1:10,,238.5,292.5,331.0,nan,nan
2023/2/27,12:1:20,,242.8,297.8,337.1,nan,nan
2023/2/27,12:1:30,,255.1,312.9,354.3,nan,nan
2023/2/27,12:1:40,,263.1,322.7,365.4,nan,nan
2023/2/27,12:1:50,,269.9,331.1,374.8,nan,nan
2023/2/27,12:2:0,,266.7,327.4,370.5,nan,nan
2023/2/27,12:2:11,,269.7,330.8,374.8,nan,nan
2023/2/27,12:2:21,,276.7,339.2,384.2,nan,nan
2023/2/27,12:2:31,,276.2,338.7,383.7,nan,nan
2023/2/27,12:2:41,,246.0,301.5,341.4,nan,nan
2023/2/27,12:2:51,,239.4,293.5,332.5,nan,nan
2023/2/27,12:3:1,,250.2,306.8,347.5,nan,nan
2023/2/27,12:3:11,,267.5,327.9,371.4,nan,nan
2023/2/27,12:3:21,,270.1,331.1,375.2,nan,nan
2023/2/27,12:3:31,,277.9,341.0,386.2,nan,nan
2023/2/27,12:3:42,,276.9,339.5,384.5,nan,nan
2023/2/27,12:3:52,,275.0,337.2,382.0,nan,nan
2023/2/27,12:4:2,,274.7,336.8,381.6,nan,nan
2023/2/27,12:4:12,,277.3,340.2,385.3,nan,nan
2023/2/27,12:4:22,,275.6,338.2,383.0,nan,nan
2023/2/27,12:4:32,,271.0,332.4,376.4,nan,nan
2023/2/27,12:4:42,,271.2,332.6,376.8,nan,nan
2023/2/27,12:4:52,,258.4,316.9,358.9,nan,nan
2023/2/27,12:5:2,,245.2,300.7,340.6,nan,nan
2023/2/27,12:5:13,,243.0,298.0,337.4,nan,nan
2023/2/27,12:5:23,,245.6,301.3,341.1,nan,nan
2023/2/27,12:5:33,,241.5,296.2,335.2,nan,nan
2023/2/27,12:5:43,,251.6,308.4,349.4,nan,nan
2023/2/27,12:5:53,,254.3,312.0,353.3,nan,nan
2023/2/27,12:6:3,,241.6,296.4,335.6,nan,nan
2023/2/27,12:6:13,,218.1,267.5,302.8,nan,nan
2023/2/27,12:6:23,,232.5,285.2,322.9,nan,nan
2023/2/27,12:6:33,,256.3,314.4,356.1,nan,nan
2023/2/27,12:6:44,,273.3,335.1,379.5,nan,nan
2023/2/27,12:6:54,,265.4,325.6,368.9,nan,nan
2023/2/27,12:7:4,,224.5,275.5,312.1,nan,nan
2023/2/27,12:7:14,,226.7,277.9,314.6,nan,nan
2023/2/27,12:7:24,,252.9,310.2,351.3,nan,nan
2023/2/27,12:7:34,,277.2,339.9,385.0,nan,nan
2023/2/27,12:7:44,,263.0,322.6,365.4,nan,nan
2023/2/27,12:7:54,,203.1,249.2,282.2,nan,nan
2023/2/27,12:8:4,,224.7,275.4,311.8,nan,nan
2023/2/27,12:8:15,,262.3,321.6,364.3,nan,nan
2023/2/27,12:8:25,,276.9,339.4,384.6,nan,nan
2023/2/27,12:8:35,,236.1,289.5,327.8,nan,nan
2023/2/27,12:8:45,,202.9,249.2,282.0,nan,nan
2023/2/27,12:8:55,,223.5,274.1,310.3,nan,nan
2023/2/27,12:9:5,,268.3,329.1,372.6,nan,nan
2023/2/27,12:9:15,,280.1,343.1,388.2,nan,nan
2023/2/27,12:9:25,,278.1,341.0,386.2,nan,nan
2023/2/27,12:9:35,,267.7,328.2,371.7,nan,nan
2023/2/27,12:9:46,,262.1,321.4,363.8,nan,nan
2023/2/27,12:9:56,,259.6,318.4,360.4,nan,nan
2023/2/27,12:10:6,,259.5,318.5,360.5,nan,nan
2023/2/27,12:10:16,,261.9,321.2,363.9,nan,nan
2023/2/27,12:10:26,,260.7,319.9,362.5,nan,nan
2023/2/27,12:10:36,,246.5,302.5,342.5,nan,nan
2023/2/27,12:10:46,,252.0,308.9,349.7,nan,nan
2023/2/27,12:10:56,,256.8,315.1,356.9,nan,nan
2023/2/27,12:11:7,,260.4,319.4,361.8,nan,nan
2023/2/27,12:11:17,,263.2,322.7,365.5,nan,nan
2023/2/27,12:11:27,,266.3,326.4,369.8,nan,nan
2023/2/27,12:11:37,,259.4,318.4,360.4,nan,nan
2023/2/27,12:11:47,,261.3,320.6,363.1,nan,nan
2023/2/27,12:11:57,,262.9,322.3,365.3,nan,nan
2023/2/27,12:12:7,,270.1,331.1,374.9,nan,nan
2023/2/27,12:12:17,,273.2,335.0,379.4,nan,nan
2023/2/27,12:12:27,,276.5,339.1,384.1,nan,nan
2023/2/27,12:12:38,,278.2,341.2,386.2,nan,nan
2023/2/27,12:12:48,,277.2,339.8,384.7,nan,nan
2023/2/27,12:12:58,,277.4,340.3,385.3,nan,nan
2023/2/27,12:13:8,,274.2,336.1,380.8,nan,nan
2023/2/27,12:13:18,,272.1,333.5,377.6,nan,nan
2023/2/27,12:13:28,,272.7,334.4,378.4,nan,nan
2023/2/27,12:13:38,,266.1,326.3,369.4,nan,nan
2023/2/27,12:13:48,,246.4,302.1,342.1,nan,nan
2023/2/27,12:13:58,,208.4,255.7,289.3,nan,nan
2023/2/27,12:14:9,,245.1,300.5,340.3,nan,nan
2023/2/27,12:14:19,,272.6,334.3,378.7,nan,nan
2023/2/27,12:14:29,,268.3,329.1,372.8,nan,nan
2023/2/27,12:14:39,,260.3,319.1,361.5,nan,nan
2023/2/27,12:14:49,,224.6,275.6,312.0,nan,nan
2023/2/27,12:14:59,,231.9,284.4,322.0,nan,nan
2023/2/27,12:15:9,,263.6,323.3,366.2,nan,nan
2023/2/27,12:15:19,,274.4,336.6,381.1,nan,nan
2023/2/27,12:15:29,,265.7,325.8,368.9,nan,nan
2023/2/27,12:15:40,,229.4,281.6,318.8,nan,nan
2023/2/27,12:15:50,,217.4,266.9,302.2,nan,nan
2023/2/27,12:16:0,,251.6,308.5,349.2,nan,nan
2023/2/27,12:16:10,,272.4,334.1,378.3,nan,nan
2023/2/27,12:16:20,,270.7,331.7,375.9,nan,nan
2023/2/27,12:16:30,,201.6,247.3,279.9,nan,nan
2023/2/27,12:16:40,,212.1,260.4,294.7,nan,nan
2023/2/27,12:16:50,,254.7,312.4,353.8,nan,nan
2023/2/27,12:17:0,,276.5,339.2,384.1,nan,nan
2023/2/27,12:17:11,,270.0,331.1,375.0,nan,nan
2023/2/27,12:17:21,,213.8,262.3,296.8,nan,nan
2023/2/27,12:17:31,,216.2,265.1,300.0,nan,nan
2023/2/27,12:17:41,,254.3,312.0,353.3,nan,nan
2023/2/27,12:17:51,,277.2,339.8,384.8,nan,nan
2023/2/27,12:18:1,,283.3,347.3,393.3,nan,nan
2023/2/27,12:18:11,,256.6,314.7,356.4,nan,nan
2023/2/27,12:18:21,,234.9,288.0,326.1,nan,nan
2023/2/27,12:18:31,,240.4,294.5,333.5,nan,nan
2023/2/27,12:18:42,,243.1,297.8,337.4,nan,nan
2023/2/27,12:18:52,,255.8,313.6,355.2,nan,nan
2023/2/27,12:19:2,,265.6,325.6,369.0,nan,nan
2023/2/27,12:19:12,,269.3,330.3,374.0,nan,nan
2023/2/27,12:19:22,,270.2,331.5,375.6,nan,nan
2023/2/27,12:19:32,,269.1,330.1,374.1,nan,nan
2023/2/27,12:19:42,,264.2,324.2,367.3,nan,nan
2023/2/27,12:19:52,,258.2,316.6,358.5,nan,nan
2023/2/27,12:20:2,,229.8,282.0,319.2,nan,nan
2023/2/27,12:20:13,,218.0,267.4,302.7,nan,nan
2023/2/27,12:20:23,,238.0,291.7,330.2,nan,nan
2023/2/27,12:20:33,,267.0,327.3,370.7,nan,nan
2023/2/27,12:20:43,,276.6,339.2,384.2,nan,nan
2023/2/27,12:20:53,,266.8,327.1,370.5,nan,nan
2023/2/27,12:21:3,,251.8,308.8,349.8,nan,nan
2023/2/27,12:21:13,,248.0,304.2,344.4,nan,nan
2023/2/27,12:21:23,,254.3,311.9,353.3,nan,nan
2023/2/27,12:21:34,,257.1,315.4,357.2,nan,nan
2023/2/27,12:21:44,,265.5,325.5,368.5,nan,nan
2023/2/27,12:21:54,,269.5,330.4,374.2,nan,nan
2023/2/27,12:22:4,,275.9,338.4,383.4,nan,nan
2023/2/27,12:22:14,,276.0,338.4,383.4,nan,nan
2023/2/27,12:22:24,,274.4,336.2,381.0,nan,nan
2023/2/27,12:22:34,,267.8,328.4,371.8,nan,nan
2023/2/27,12:22:44,,250.2,306.8,347.5,nan,nan
2023/2/27,12:22:54,,243.4,298.4,338.1,nan,nan
2023/2/27,12:23:5,,244.5,300.0,339.6,nan,nan
2023/2/27,12:23:15,,261.7,321.0,363.5,nan,nan
2023/2/27,12:23:25,,258.1,316.6,358.6,nan,nan
2023/2/27,12:23:35,,223.3,273.7,310.0,nan,nan
2023/2/27,12:23:45,,216.6,265.7,300.8,nan,nan
2023/2/27,12:23:55,,257.5,315.8,357.7,nan,nan
2023/2/27,12:24:5,,275.2,337.6,382.4,nan,nan
2023/2/27,12:24:15,,275.8,338.4,383.1,nan,nan
2023/2/27,12:24:25,,260.1,318.9,361.1,nan,nan
2023/2/27,12:24:36,,252.6,310.0,351.2,nan,nan
2023/2/27,12:24:46,,250.4,307.4,348.4,nan,nan
2023/2/27,12:24:56,,257.3,315.6,357.5,nan,nan
2023/2/27,12:25:6,,268.1,328.6,371.9,nan,nan
2023/2/27,12:25:16,,257.4,315.7,357.7,nan,nan
2023/2/27,12:25:26,,235.9,289.1,327.2,nan,nan
2023/2/27,12:25:36,,233.8,286.8,324.8,nan,nan
2023/2/27,12:25:46,,246.5,302.3,342.4,nan,nan
2023/2/27,12:25:56,,267.4,327.9,371.5,nan,nan
2023/2/27,12:26:7,,277.4,339.9,385.0,nan,nan
2023/2/27,12:26:17,,282.7,346.6,392.6,nan,nan
2023/2/27,12:26:27,,283.6,347.6,393.6,nan,nan
2023/2/27,12:26:37,,281.7,345.6,391.6,nan,nan
2023/2/27,12:26:47,,281.1,345.0,391.0,nan,nan
2023/2/27,12:26:57,,280.8,344.1,389.8,nan,nan
2023/2/27,12:27:7,,279.1,342.5,388.0,nan,nan
2023/2/27,12:27:17,,269.6,330.5,374.1,nan,nan
2023/2/27,12:27:27,,266.6,326.6,369.6,nan,nan
2023/2/27,12:27:38,,267.6,328.2,371.8,nan,nan
2023/2/27,12:27:48,,265.6,326.1,369.4,nan,nan
2023/2/27,12:27:58,,269.3,330.3,374.2,nan,nan
2023/2/27,12:28:8,,251.0,307.9,348.5,nan,nan
2023/2/27,12:28:18,,243.4,298.1,337.6,nan,nan
2023/2/27,12:28:28,,259.6,318.4,360.3,nan,nan
2023/2/27,12:28:38,,263.1,322.9,365.9,nan,nan
2023/2/27,12:28:48,,251.2,308.2,349.0,nan,nan
2023/2/27,12:28:58,,212.2,260.3,294.6,nan,nan
2023/2/27,12:29:9,,208.4,255.7,289.4,nan,nan
2023/2/27,12:29:19,,240.1,294.5,333.5,nan,nan
2023/2/27,12:29:29,,255.9,313.9,355.4,nan,nan
2023/2/27,12:29:39,,232.6,285.4,323.2,nan,nan
2023/2/27,12:29:49,,197.7,242.6,274.6,nan,nan
2023/2/27,12:29:59,,200.0,245.5,278.0,nan,nan
2023/2/27,12:30:9,,240.0,294.2,333.2,nan,nan
2023/2/27,12:30:19,,256.7,315.0,356.8,nan,nan
2023/2/27,12:30:30,,237.1,290.7,329.3,nan,nan
2023/2/27,12:30:40,,187.8,230.5,261.0,nan,nan
2023/2/27,12:30:50,,203.7,250.0,283.1,nan,nan
2023/2/27,12:31:0,,254.6,312.3,353.6,nan,nan
2023/2/27,12:31:10,,265.3,325.4,368.7,nan,nan
2023/2/27,12:31:20,,254.6,312.1,353.5,nan,nan
2023/2/27,12:31:30,,204.0,250.4,283.6,nan,nan
2023/2/27,12:31:40,,217.6,267.2,302.4,nan,nan
2023/2/27,12:31:50,,233.6,286.6,324.3,nan,nan
2023/2/27,12:32:1,,261.0,320.2,362.6,nan,nan
2023/2/27,12:32:11,,237.7,292.0,330.4,nan,nan
2023/2/27,12:32:21,,195.4,239.7,271.4,nan,nan
2023/2/27,12:32:31,,220.0,269.8,305.5,nan,nan
2023/2/27,12:32:41,,253.9,311.2,352.5,nan,nan
2023/2/27,12:32:51,,275.2,337.7,382.5,nan,nan
2023/2/27,12:33:1,,263.7,323.5,366.4,nan,nan
2023/2/27,12:33:11,,213.4,262.0,296.6,nan,nan
2023/2/27,12:33:21,,180.8,221.5,250.9,nan,nan
2023/2/27,12:33:32,,231.8,284.3,321.9,nan,nan
2023/2/27,12:33:42,,258.2,316.7,358.7,nan,nan
2023/2/27,12:33:52,,269.6,330.4,374.2,nan,nan
2023/2/27,12:34:2,,235.4,288.6,326.8,nan,nan
2023/2/27,12:34:12,,194.5,238.7,270.1,nan,nan
2023/2/27,12:34:22,,232.4,285.0,322.6,nan,nan
2023/2/27,12:34:32,,253.5,310.9,352.1,nan,nan
2023/2/27,12:34:42,,257.2,315.5,357.3,nan,nan
2023/2/27,12:34:52,,221.1,271.2,306.9,nan,nan
2023/2/27,12:35:3,,173.0,212.4,240.4,nan,nan
2023/2/27,12:35:13,,205.7,252.5,285.7,nan,nan
2023/2/27,12:35:23,,216.3,265.2,300.3,nan,nan
2023/2/27,12:35:33,,243.6,298.6,338.2,nan,nan
2023/2/27,12:35:43,,248.0,304.0,344.1,nan,nan
2023/2/27,12:35:53,,212.5,260.6,295.1,nan,nan
2023/2/27,12:36:3,,188.7,231.5,262.1,nan,nan
2023/2/27,12:36:13,,214.6,263.3,298.2,nan,nan
2023/2/27,12:36:23,,234.8,288.0,326.0,nan,nan
2023/2/27,12:36:34,,240.8,295.6,334.8,nan,nan
2023/2/27,12:36:44,,174.3,213.7,242.0,nan,nan
2023/2/27,12:36:54,,194.3,238.4,269.7,nan,nan
2023/2/27,12:37:4,,229.1,280.9,318.0,nan,nan
2023/2/27,12:37:14,,247.2,303.2,343.2,nan,nan
2023/2/27,12:37:24,,221.7,272.0,307.8,nan,nan
2023/2/27,12:37:34,,201.8,247.8,280.3,nan,nan
2023/2/27,12:37:44,,190.9,234.3,265.4,nan,nan
2023/2/27,12:37:54,,202.3,248.2,281.1,nan,nan
2023/2/27,12:38:5,,245.2,301.0,340.9,nan,nan
2023/2/27,12:38:15,,260.7,319.7,361.9,nan,nan
2023/2/27,12:38:25,,232.0,284.7,322.5,nan,nan
2023/2/27,12:38:35,,183.4,225.1,254.8,nan,nan
2023/2/27,12:38:45,,186.7,229.1,259.3,nan,nan
2023/2/27,12:38:55,,241.8,296.6,335.8,nan,nan
2023/2/27,12:39:5,,258.7,317.3,359.4,nan,nan
2023/2/27,12:39:15,,230.8,283.0,320.6,nan,nan
2023/2/27,12:39:25,,161.6,198.3,224.2,nan,nan
2023/2/27,12:39:36,,209.0,256.4,290.2,nan,nan
2023/2/27,12:39:46,,258.8,317.4,359.5,nan,nan
2023/2/27,12:39:56,,266.5,326.6,369.9,nan,nan
2023/2/27,12:40:6,,213.2,261.6,296.1,nan,nan
2023/2/27,12:40:16,,189.6,232.5,263.1,nan,nan
2023/2/27,12:40:26,,208.5,255.6,289.4,nan,nan
2023/2/27,12:40:36,,244.3,299.6,339.2,nan,nan
2023/2/27,12:40:46,,258.9,317.4,359.6,nan,nan
2023/2/27,12:40:56,,262.9,322.3,365.3,nan,nan
2023/2/27,12:41:7,,263.6,323.2,366.2,nan,nan
2023/2/27,12:41:17,,259.5,318.4,360.4,nan,nan
2023/2/27,12:41:27,,256.5,314.5,356.2,nan,nan
2023/2/27,12:41:37,,256.8,314.8,356.5,nan,nan
2023/2/27,12:41:47,,259.4,318.3,360.3,nan,nan
2023/2/27,12:41:57,,257.0,315.1,356.8,nan,nan
2023/2/27,12:42:7,,226.8,278.4,315.1,nan,nan
2023/2/27,12:42:17,,223.3,273.9,309.9,nan,nan
2023/2/27,12:42:27,,228.3,280.3,317.2,nan,nan
2023/2/27,12:42:38,,252.0,309.0,349.9,nan,nan
2023/2/27,12:42:48,,266.2,326.4,369.4,nan,nan
2023/2/27,12:42:58,,270.0,331.0,375.0,nan,nan
2023/2/27,12:43:8,,268.0,328.9,372.2,nan,nan
2023/2/27,12:43:18,,265.8,325.8,368.8,nan,nan
2023/2/27,12:43:28,,265.7,325.8,368.8,nan,nan
2023/2/27,12:43:38,,263.5,323.3,366.1,nan,nan
2023/2/27,12:43:48,,257.0,315.1,356.8,nan,nan
2023/2/27,12:43:59,,259.3,318.3,360.3,nan,nan
2023/2/27,12:44:9,,261.1,320.1,362.3,nan,nan
2023/2/27,12:44:19,,264.4,324.5,367.5,nan,nan
2023/2/27,12:44:29,,269.5,330.6,374.4,nan,nan
2023/2/27,12:44:39,,271.7,333.1,377.3,nan,nan
2023/2/27,12:44:49,,258.7,317.4,359.8,nan,nan
2023/2/27,12:44:59,,250.6,306.8,347.8,nan,nan
2023/2/27,12:45:9,,254.7,312.3,353.6,nan,nan
2023/2/27,12:45:19,,255.9,314.0,355.5,nan,nan
2023/2/27,12:45:30,,262.6,322.3,364.8,nan,nan
2023/2/27,12:45:40,,269.5,330.5,374.4,nan,nan
2023/2/27,12:45:50,,267.9,328.9,372.6,nan,nan
2023/2/27,12:46:0,,267.1,327.8,370.9,nan,nan
2023/2/27,12:46:10,,266.5,326.7,370.0,nan,nan
2023/2/27,12:46:20,,248.3,304.4,344.7,nan,nan
2023/2/27,12:46:30,,243.0,297.9,337.5,nan,nan
2023/2/27,12:46:40,,238.2,292.2,331.2,nan,nan
2023/2/27,12:46:50,,238.9,292.9,331.9,nan,nan
2023/2/27,12:47:1,,256.4,314.4,356.1,nan,nan
2023/2/27,12:47:11,,265.7,326.0,369.2,nan,nan
2023/2/27,12:47:21,,268.7,329.7,373.7,nan,nan
2023/2/27,12:47:31,,268.0,329.0,372.7,nan,nan
2023/2/27,12:47:41,,265.7,325.7,368.7,nan,nan
2023/2/27,12:47:51,,263.1,322.6,365.5,nan,nan
2023/2/27,12:48:1,,260.2,319.4,361.7,nan,nan
2023/2/27,12:48:11,,263.3,322.8,365.7,nan,nan
2023/2/27,12:48:21,,263.6,323.5,366.5,nan,nan
2023/2/27,12:48:32,,266.1,326.5,369.7,nan,nan
2023/2/27,12:48:42,,269.2,330.2,374.2,nan,nan
2023/2/27,12:48:52,,271.8,332.9,376.9,nan,nan
2023/2/27,12:49:2,,272.4,333.9,377.9,nan,nan
2023/2/27,12:49:12,,273.2,335.2,379.4,nan,nan
2023/2/27,12:49:22,,274.5,336.5,381.5,nan,nan
2023/2/27,12:49:32,,274.8,336.8,381.7,nan,nan
2023/2/27,12:49:42,,273.8,335.8,380.6,nan,nan
2023/2/27,12:49:52,,272.0,333.8,377.8,nan,nan
2023/2/27,12:50:3,,271.2,332.3,376.3,nan,nan
2023/2/27,12:50:13,,272.9,334.9,379.2,nan,nan
2023/2/27,12:50:23,,274.7,336.7,381.6,nan,nan
2023/2/27,12:50:33,,274.7,336.7,381.7,nan,nan
2023/2/27,12:50:43,,274.6,336.6,381.6,nan,nan
2023/2/27,12:50:53,,275.6,337.9,382.9,nan,nan
2023/2/27,12:51:3,,277.4,340.4,385.4,nan,nan
2023/2/27,12:51:13,,276.8,339.8,384.8,nan,nan
2023/2/27,12:51:24,,276.4,339.4,384.4,nan,nan
2023/2/27,12:51:34,,277.4,340.2,385.2,nan,nan
2023/2/27,12:51:44,,277.0,339.9,384.9,nan,nan
2023/2/27,12:51:54,,276.8,339.8,384.8,nan,nan
2023/2/27,12:52:4,,276.2,338.7,383.7,nan,nan
2023/2/27,12:52:14,,276.0,338.3,383.3,nan,nan
2023/2/27,12:52:24,,273.9,335.8,380.3,nan,nan
2023/2/27,12:52:34,,275.3,337.3,382.2,nan,nan
2023/2/27,12:52:44,,272.5,334.4,378.5,nan,nan
2023/2/27,12:52:55,,272.8,334.8,379.1,nan,nan
2023/2/27,12:53:5,,274.9,336.9,381.9,nan,nan
2023/2/27,12:53:15,,275.0,337.2,382.2,nan,nan
2023/2/27,12:53:25,,276.0,339.0,384.0,nan,nan
2023/2/27,12:53:35,,274.5,336.5,381.5,nan,nan
2023/2/27,12:53:45,,272.0,333.3,377.3,nan,nan
2023/2/27,12:53:55,,269.6,330.6,374.6,nan,nan
2023/2/27,12:54:5,,268.5,329.3,372.8,nan,nan
2023/2/27,12:54:15,,263.7,323.4,366.3,nan,nan
2023/2/27,12:54:26,,259.7,318.7,360.7,nan,nan
2023/2/27,12:54:36,,261.4,320.4,362.8,nan,nan
2023/2/27,12:54:46,,263.0,322.4,365.4,nan,nan
2023/2/27,12:54:56,,264.0,323.7,366.7,nan,nan
2023/2/27,12:55:6,,266.6,327.0,370.0,nan,nan
2023/2/27,12:55:16,,269.1,330.1,373.9,nan,nan
2023/2/27,12:55:26,,271.3,332.3,376.3,nan,nan
2023/2/27,12:55:36,,272.0,333.3,377.3,nan,nan
2023/2/27,12:55:46,,272.5,334.4,378.4,nan,nan
2023/2/27,12:55:57,,273.5,335.5,380.1,nan,nan
2023/2/27,12:56:7,,270.4,331.4,375.4,nan,nan
2023/2/27,12:56:17,,263.3,322.8,365.6,nan,nan
2023/2/27,12:56:27,,255.1,312.7,354.3,nan,nan
2023/2/27,12:56:37,,252.6,309.6,350.6,nan,nan
2023/2/27,12:56:47,,255.2,312.9,354.4,nan,nan
2023/2/27,12:56:57,,264.2,324.0,366.8,nan,nan
2023/2/27,12:57:7,,267.3,328.0,371.3,nan,nan
2023/2/27,12:57:17,,267.0,327.5,370.9,nan,nan
2023/2/27,12:57:28,,263.5,323.5,366.5,nan,nan
2023/2/27,12:57:38,,262.6,322.0,364.9,nan,nan
2023/2/27,12:57:48,,261.5,320.5,363.2,nan,nan
2023/2/27,12:57:58,,247.7,304.0,344.4,nan,nan
2023/2/27,12:58:8,,209.1,256.5,290.2,nan,nan
2023/2/27,12:58:18,,204.0,250.3,283.6,nan,nan
2023/2/27,12:58:28,,220.6,270.7,306.3,nan,nan
2023/2/27,12:58:38,,258.5,317.1,359.2,nan,nan
2023/2/27,12:58:48,,260.7,319.8,362.4,nan,nan
2023/2/27,12:58:59,,242.2,296.8,335.9,nan,nan
2023/2/27,12:59:9,,220.5,270.5,306.2,nan,nan
2023/2/27,12:59:19,,217.1,266.4,301.7,nan,nan
2023/2/27,12:59:29,,235.0,288.2,326.3,nan,nan
2023/2/27,12:59:39,,237.6,291.2,329.9,nan,nan
2023/2/27,12:59:49,,189.7,232.9,263.6,nan,nan
2023/2/27,12:59:59,,215.9,264.7,299.7,nan,nan
2023/2/27,13:0:9,,240.2,294.6,333.6,nan,nan
2023/2/27,13:0:20,,263.0,322.6,365.5,nan,nan
2023/2/27,13:0:30,,248.1,304.5,345.0,nan,nan
2023/2/27,13:0:40,,195.0,239.4,271.1,nan,nan
2023/2/27,13:0:50,,173.5,213.0,241.1,nan,nan
2023/2/27,13:1:0,,239.6,294.1,333.0,nan,nan
2023/2/27,13:1:10,,252.3,309.5,350.6,nan,nan
2023/2/27,13:1:20,,258.8,317.4,359.5,nan,nan
2023/2/27,13:1:30,,222.6,273.1,309.4,nan,nan
2023/2/27,13:1:40,,183.6,225.6,255.3,nan,nan
2023/2/27,13:1:51,,184.7,226.7,256.7,nan,nan
2023/2/27,13:2:1,,240.5,295.0,334.0,nan,nan
2023/2/27,13:2:11,,258.3,316.8,358.8,nan,nan
2023/2/27,13:2:21,,237.4,291.2,329.6,nan,nan
2023/2/27,13:2:31,,188.0,230.7,261.0,nan,nan
2023/2/27,13:2:41,,190.3,233.6,264.2,nan,nan
2023/2/27,13:2:51,,232.3,285.0,322.7,nan,nan
2023/2/27,13:3:1,,253.4,310.7,351.9,nan,nan
2023/2/27,13:3:11,,244.0,299.2,338.8,nan,nan
2023/2/27,13:3:22,,156.9,192.4,217.8,nan,nan
2023/2/27,13:3:32,,199.3,244.5,276.8,nan,nan
2023/2/27,13:3:42,,256.0,314.1,355.7,nan,nan
2023/2/27,13:3:52,,274.5,336.5,381.2,nan,nan
2023/2/27,13:4:2,,269.6,330.5,374.3,nan,nan
2023/2/27,13:4:12,,223.8,274.5,310.9,nan,nan
2023/2/27,13:4:22,,138.1,169.4,191.5,nan,nan
2023/2/27,13:4:32,,200.3,245.8,278.1,nan,nan
2023/2/27,13:4:42,,247.1,303.0,343.1,nan,nan
2023/2/27,13:4:53,,232.2,285.0,322.6,nan,nan
2023/2/27,13:5:3,,205.9,252.7,286.0,nan,nan
2023/2/27,13:5:13,,169.3,207.7,235.0,nan,nan
2023/2/27,13:5:23,,189.0,231.9,262.4,nan,nan
2023/2/27,13:5:33,,215.5,264.3,299.2,nan,nan
2023/2/27,13:5:43,,244.0,299.3,339.0,nan,nan
2023/2/27,13:5:53,,219.1,268.8,304.3,nan,nan
2023/2/27,13:6:3,,126.0,154.6,174.8,nan,nan
2023/2/27,13:6:13,,182.7,224.1,253.7,nan,nan
2023/2/27,13:6:24,,208.9,256.3,290.0,nan,nan
2023/2/27,13:6:34,,223.1,273.7,309.8,nan,nan
2023/2/27,13:6:44,,202.6,248.5,281.1,nan,nan
2023/2/27,13:6:54,,137.1,168.3,190.4,nan,nan
2023/2/27,13:7:4,,148.1,181.9,205.9,nan,nan
2023/2/27,13:7:14,,222.1,272.3,308.2,nan,nan
2023/2/27,13:7:24,,231.6,284.1,321.7,nan,nan
2023/2/27,13:7:34,,203.0,249.3,282.3,nan,nan
2023/2/27,13:7:44,,153.4,188.2,213.1,nan,nan
2023/2/27,13:7:55,,165.2,202.9,229.7,nan,nan
2023/2/27,13:8:5,,202.3,248.5,281.4,nan,nan
2023/2/27,13:8:15,,237.1,290.9,329.2,nan,nan
2023/2/27,13:8:25,,224.2,275.0,311.2,nan,nan
2023/2/27,13:8:35,,146.3,179.9,203.4,nan,nan
2023/2/27,13:8:45,,121.8,149.7,169.2,nan,nan
2023/2/27,13:8:55,,185.5,227.6,257.5,nan,nan
2023/2/27,13:9:5,,238.7,292.7,331.4,nan,nan
2023/2/27,13:9:15,,230.0,282.0,319.3,nan,nan
2023/2/27,13:9:26,,202.2,248.1,280.7,nan,nan
2023/2/27,13:9:36,,152.7,187.4,212.0,nan,nan
2023/2/27,13:9:46,,201.0,246.6,279.2,nan,nan
2023/2/27,13:9:56,,228.6,280.3,317.4,nan,nan
2023/2/27,13:10:6,,247.6,303.8,343.9,nan,nan
2023/2/27,13:10:16,,186.6,228.9,259.2,nan,nan
2023/2/27,13:10:26,,158.5,194.6,220.3,nan,nan
2023/2/27,13:10:36,,194.9,239.1,270.5,nan,nan
2023/2/27,13:10:46,,234.4,287.4,325.4,nan,nan
2023/2/27,13:10:57,,254.8,312.4,353.8,nan,nan
2023/2/27,13:11:7,,247.2,303.5,343.5,nan,nan
2023/2/27,13:11:17,,217.3,266.7,302.0,nan,nan
2023/2/27,13:11:27,,200.3,246.0,278.4,nan,nan
2023/2/27,13:11:37,,212.8,261.0,295.5,nan,nan
2023/2/27,13:11:47,,248.7,305.3,345.8,nan,nan
2023/2/27,13:11:57,,264.4,324.3,367.3,nan,nan
2023/2/27,13:12:7,,256.7,315.0,356.7,nan,nan
2023/2/27,13:12:17,,233.8,286.5,324.2,nan,nan
2023/2/27,13:12:28,,231.5,283.6,321.2,nan,nan
2023/2/27,13:12:38,,243.7,298.8,338.2,nan,nan
2023/2/27,13:12:48,,238.9,293.1,332.1,nan,nan
2023/2/27,13:12:58,,248.5,304.6,344.8,nan,nan
2023/2/27,13:13:8,,239.2,293.3,332.3,nan,nan
2023/2/27,13:13:18,,216.9,266.4,301.8,nan,nan
2023/2/27,13:13:28,,221.2,271.3,307.3,nan,nan
2023/2/27,13:13:38,,225.0,276.1,312.4,nan,nan
2023/2/27,13:13:48,,242.2,297.2,336.4,nan,nan
2023/2/27,13:13:59,,246.4,302.0,342.2,nan,nan
2023/2/27,13:14:9,,211.7,259.7,293.9,nan,nan
2023/2/27,13:14:19,,213.7,262.0,296.6,nan,nan
2023/2/27,13:14:29,,237.1,290.9,329.3,nan,nan
2023/2/27,13:14:39,,261.5,320.8,363.4,nan,nan
2023/2/27,13:14:49,,206.9,253.9,287.3,nan,nan
2023/2/27,13:14:59,,215.3,264.0,299.0,nan,nan
2023/2/27,13:15:9,,257.4,315.7,357.4,nan,nan
2023/2/27,13:15:20,,266.5,326.8,370.1,nan,nan
2023/2/27,13:15:30,,271.3,332.6,376.6,nan,nan
2023/2/27,13:15:40,,253.2,310.4,351.6,nan,nan
2023/2/27,13:15:50,,209.5,257.4,291.4,nan,nan
2023/2/27,13:16:0,,211.7,259.9,294.2,nan,nan
2023/2/27,13:16:10,,253.8,311.4,352.6,nan,nan
2023/2/27,13:16:20,,265.5,325.5,368.7,nan,nan
2023/2/27,13:16:30,,268.2,329.0,372.7,nan,nan
2023/2/27,13:16:40,,239.3,293.5,332.5,nan,nan
2023/2/27,13:16:51,,238.1,292.1,331.0,nan,nan
2023/2/27,13:17:1,,246.2,301.9,341.9,nan,nan
2023/2/27,13:17:11,,260.3,319.3,361.7,nan,nan
2023/2/27,13:17:21,,260.0,318.9,361.2,nan,nan
2023/2/27,13:17:31,,263.9,323.4,366.4,nan,nan
2023/2/27,13:17:41,,261.5,320.5,363.0,nan,nan
2023/2/27,13:17:51,,259.9,318.9,360.9,nan,nan
2023/2/27,13:18:1,,262.1,321.4,364.0,nan,nan
2023/2/27,13:18:11,,266.9,327.0,370.0,nan,nan
2023/2/27,13:18:22,,264.6,324.4,367.4,nan,nan
2023/2/27,13:18:32,,270.2,331.2,375.2,nan,nan
2023/2/27,13:18:42,,272.6,334.4,378.7,nan,nan
2023/2/27,13:18:52,,274.9,336.9,381.9,nan,nan
2023/2/27,13:19:2,,275.3,337.3,382.3,nan,nan
2023/2/27,13:19:12,,276.2,338.9,383.9,nan,nan
2023/2/27,13:19:22,,276.5,339.5,384.5,nan,nan
2023/2/27,13:19:32,,277.2,340.2,385.2,nan,nan
2023/2/27,13:19:43,,276.0,339.0,384.0,nan,nan
2023/2/27,13:19:53,,275.9,338.5,383.5,nan,nan
2023/2/27,13:20:3,,275.8,337.9,382.9,nan,nan
2023/2/27,13:20:13,,275.5,337.6,382.6,nan,nan
2023/2/27,13:20:23,,276.3,339.0,384.0,nan,nan
2023/2/27,13:20:33,,276.0,338.6,383.6,nan,nan
2023/2/27,13:20:43,,276.6,339.6,384.6,nan,nan
2023/2/27,13:20:53,,276.0,338.5,383.5,nan,nan
2023/2/27,13:21:3,,275.9,338.2,383.2,nan,nan
2023/2/27,13:21:14,,276.9,339.8,384.8,nan,nan
2023/2/27,13:21:24,,278.6,341.6,386.6,nan,nan
2023/2/27,13:21:34,,279.2,342.2,387.2,nan,nan
2023/2/27,13:21:44,,277.7,340.7,385.7,nan,nan
2023/2/27,13:21:54,,278.0,341.0,386.0,nan,nan
2023/2/27,13:22:4,,276.9,339.9,384.9,nan,nan
2023/2/27,13:22:14,,276.3,339.1,384.1,nan,nan
2023/2/27,13:22:24,,276.7,339.4,384.4,nan,nan
2023/2/27,13:22:34,,277.6,340.6,385.6,nan,nan
2023/2/27,13:22:45,,276.8,339.8,384.8,nan,nan
2023/2/27,13:22:55,,276.0,338.5,383.5,nan,nan
2023/2/27,13:23:5,,276.0,338.4,383.4,nan,nan
2023/2/27,13:23:15,,276.1,338.8,383.8,nan,nan
2023/2/27,13:23:25,,276.2,339.2,384.2,nan,nan
2023/2/27,13:23:35,,276.1,338.7,383.7,nan,nan
2023/2/27,13:23:45,,278.6,341.6,386.6,nan,nan
2023/2/27,13:23:55,,278.0,341.0,386.0,nan,nan
2023/2/27,13:24:5,,279.2,342.2,387.2,nan,nan
2023/2/27,13:24:16,,279.4,342.4,387.4,nan,nan
2023/2/27,13:24:26,,279.1,342.1,387.1,nan,nan
2023/2/27,13:24:36,,280.7,343.7,389.4,nan,nan
2023/2/27,13:24:46,,280.1,343.1,388.3,nan,nan
2023/2/27,13:24:56,,280.9,343.9,389.8,nan,nan
2023/2/27,13:25:6,,280.8,343.8,389.6,nan,nan
2023/2/27,13:25:16,,280.2,343.2,388.4,nan,nan
2023/2/27,13:25:26,,279.3,342.3,387.3,nan,nan
2023/2/27,13:25:37,,277.2,340.2,385.2,nan,nan
2023/2/27,13:25:47,,277.2,340.2,385.2,nan,nan
2023/2/27,13:25:57,,277.1,340.1,385.1,nan,nan
2023/2/27,13:26:7,,276.4,339.4,384.4,nan,nan
2023/2/27,13:26:17,,276.3,339.2,384.2,nan,nan
2023/2/27,13:26:27,,276.2,339.0,384.0,nan,nan
2023/2/27,13:26:37,,276.0,339.0,384.0,nan,nan
2023/2/27,13:26:47,,276.0,338.8,383.8,nan,nan
2023/2/27,13:26:57,,276.0,338.8,383.8,nan,nan
2023/2/27,13:27:8,,276.1,339.1,384.1,nan,nan
2023/2/27,13:27:18,,276.0,338.8,383.8,nan,nan
2023/2/27,13:27:28,,274.7,336.7,381.7,nan,nan
2023/2/27,13:27:38,,273.1,335.1,379.3,nan,nan
2023/2/27,13:27:48,,273.6,335.6,380.2,nan,nan
2023/2/27,13:27:58,,273.2,335.2,379.5,nan,nan
2023/2/27,13:28:8,,271.1,332.6,376.6,nan,nan
2023/2/27,13:28:18,,271.5,332.5,376.5,nan,nan
2023/2/27,13:28:28,,266.9,327.4,370.9,nan,nan
2023/2/27,13:28:39,,263.0,322.9,365.9,nan,nan
2023/2/27,13:28:49,,263.6,323.6,366.6,nan,nan
2023/2/27,13:28:59,,266.5,327.1,370.4,nan,nan
2023/2/27,13:29:9,,247.5,303.6,343.8,nan,nan
2023/2/27,13:29:19,,206.0,253.0,286.3,nan,nan
2023/2/27,13:29:29,,207.0,253.9,287.5,nan,nan
2023/2/27,13:29:39,,247.4,303.3,343.5,nan,nan
2023/2/27,13:29:49,,264.3,324.2,367.2,nan,nan
2023/2/27,13:29:59,,249.2,305.7,346.1,nan,nan
2023/2/27,13:30:10,,222.1,272.1,308.0,nan,nan
2023/2/27,13:30:20,,212.2,260.2,294.5,nan,nan
2023/2/27,13:30:30,,222.7,273.2,309.3,nan,nan
2023/2/27,13:30:40,,242.8,297.8,337.1,nan,nan
2023/2/27,13:30:50,,261.3,320.2,362.9,nan,nan
2023/2/27,13:31:0,,259.6,318.2,360.5,nan,nan
2023/2/27,13:31:10,,254.5,312.3,353.7,nan,nan
2023/2/27,13:31:20,,253.1,310.1,351.1,nan,nan
2023/2/27,13:31:30,,251.8,308.7,349.5,nan,nan
2023/2/27,13:31:41,,237.4,291.2,329.7,nan,nan
2023/2/27,13:31:51,,211.9,260.0,294.2,nan,nan
2023/2/27,13:32:1,,211.1,258.9,293.0,nan,nan
2023/2/27,13:32:11,,242.2,297.0,336.2,nan,nan
2023/2/27,13:32:21,,269.5,330.4,374.1,nan,nan
2023/2/27,13:32:31,,272.2,333.5,377.5,nan,nan
2023/2/27,13:32:41,,242.7,297.7,337.0,nan,nan
2023/2/27,13:32:51,,205.7,252.3,285.9,nan,nan
2023/2/27,13:33:1,,206.1,253.2,286.6,nan,nan
2023/2/27,13:33:12,,238.3,292.0,330.7,nan,nan
2023/2/27,13:33:22,,256.5,314.5,356.2,nan,nan
2023/2/27,13:33:32,,247.0,302.9,343.1,nan,nan
2023/2/27,13:33:42,,226.8,278.5,315.3,nan,nan
2023/2/27,13:33:52,,221.2,271.3,307.1,nan,nan
2023/2/27,13:34:2,,230.2,282.2,319.6,nan,nan
2023/2/27,13:34:12,,240.9,295.5,334.6,nan,nan
2023/2/27,13:34:22,,206.0,252.7,285.9,nan,nan
2023/2/27,13:34:32,,183.5,225.3,255.0,nan,nan
2023/2/27,13:34:43,,233.5,286.6,324.3,nan,nan
2023/2/27,13:34:53,,248.7,305.1,345.6,nan,nan
2023/2/27,13:35:3,,255.8,313.7,355.2,nan,nan
2023/2/27,13:35:13,,239.7,294.0,333.0,nan,nan
2023/2/27,13:35:23,,185.8,227.9,258.0,nan,nan
2023/2/27,13:35:33,,202.0,247.7,280.4,nan,nan
2023/2/27,13:35:43,,241.6,296.3,335.4,nan,nan
2023/2/27,13:35:53,,263.3,322.8,365.7,nan,nan
2023/2/27,13:36:4,,248.7,305.0,345.4,nan,nan
2023/2/27,13:36:14,,169.2,207.6,235.1,nan,nan
2023/2/27,13:36:24,,185.6,227.7,257.8,nan,nan
2023/2/27,13:36:34,,229.5,281.6,318.8,nan,nan
2023/2/27,13:36:44,,241.1,295.8,335.1,nan,nan
2023/2/27,13:36:54,,205.5,252.3,285.5,nan,nan
2023/2/27,13:37:4,,174.0,213.5,241.8,nan,nan
2023/2/27,13:37:14,,161.6,198.5,224.5,nan,nan
2023/2/27,13:37:24,,206.8,253.7,287.1,nan,nan
2023/2/27,13:37:35,,217.9,267.1,302.2,nan,nan
2023/2/27,13:37:45,,213.8,262.4,297.0,nan,nan
2023/2/27,13:37:55,,180.1,221.1,250.2,nan,nan
2023/2/27,13:38:5,,158.2,194.2,219.9,nan,nan
2023/2/27,13:38:15,,166.4,204.3,231.0,nan,nan
2023/2/27,13:38:25,,197.1,241.9,274.0,nan,nan
2023/2/27,13:38:35,,218.1,267.6,302.9,nan,nan
2023/2/27,13:38:45,,215.1,263.8,298.6,nan,nan
2023/2/27,13:38:55,,172.6,211.8,239.6,nan,nan
2023/2/27,13:39:6,,204.2,250.5,283.6,nan,nan
2023/2/27,13:39:16,,232.4,285.1,322.8,nan,nan
2023/2/27,13:39:26,,243.1,298.1,337.7,nan,nan
2023/2/27,13:39:36,,217.1,266.6,301.7,nan,nan
2023/2/27,13:39:46,,164.0,201.3,227.8,nan,nan
2023/2/27,13:39:56,,190.9,234.3,265.3,nan,nan
2023/2/27,13:40:6,,210.8,258.6,292.8,nan,nan
2023/2/27,13:40:16,,239.2,293.3,332.1,nan,nan
2023/2/27,13:40:26,,226.1,277.1,313.9,nan,nan
2023/2/27,13:40:37,,184.6,226.4,256.2,nan,nan
2023/2/27,13:40:47,,172.3,211.6,239.4,nan,nan
2023/2/27,13:40:57,,220.6,270.5,306.2,nan,nan
2023/2/27,13:41:7,,247.9,303.9,344.1,nan,nan
2023/2/27,13:41:17,,242.4,297.3,336.6,nan,nan
2023/2/27,13:41:27,,221.6,271.9,307.7,nan,nan
2023/2/27,13:41:37,,175.2,214.9,243.2,nan,nan
2023/2/27,13:41:47,,204.2,250.5,283.6,nan,nan
2023/2/27,13:41:57,,242.1,296.6,335.8,nan,nan
2023/2/27,13:42:8,,250.9,307.9,348.7,nan,nan
2023/2/27,13:42:18,,250.7,307.5,348.2,nan,nan
2023/2/27,13:42:28,,209.8,257.5,291.4,nan,nan
2023/2/27,13:42:38,,215.5,264.5,299.5,nan,nan
2023/2/27,13:42:48,,213.5,262.1,296.8,nan,nan
2023/2/27,13:42:58,,237.6,291.3,329.8,nan,nan
2023/2/27,13:43:8,,229.3,281.2,318.5,nan,nan
2023/2/27,13:43:18,,207.8,255.1,288.6,nan,nan
2023/2/27,13:43:28,,190.6,234.1,265.1,nan,nan
2023/2/27,13:43:39,,223.9,274.7,311.0,nan,nan
2023/2/27,13:43:49,,244.1,299.4,339.1,nan,nan
2023/2/27,13:43:59,,247.9,304.0,344.2,nan,nan
2023/2/27,13:44:9,,204.3,250.7,283.8,nan,nan
2023/2/27,13:44:19,,173.4,212.7,240.8,nan,nan
2023/2/27,13:44:29,,208.1,255.4,289.1,nan,nan
2023/2/27,13:44:39,,240.5,295.2,334.3,nan,nan
2023/2/27,13:44:49,,253.8,311.2,352.6,nan,nan
2023/2/27,13:44:59,,253.5,311.0,352.2,nan,nan
2023/2/27,13:45:10,,215.8,264.7,299.6,nan,nan
2023/2/27,13:45:20,,198.4,243.5,275.5,nan,nan
2023/2/27,13:45:30,,208.8,256.3,290.0,nan,nan
2023/2/27,13:45:40,,238.6,292.8,331.5,nan,nan
2023/2/27,13:45:50,,242.4,297.4,336.7,nan,nan
2023/2/27,13:46:0,,169.3,207.8,235.0,nan,nan
2023/2/27,13:46:10,,205.6,252.4,285.6,nan,nan
2023/2/27,13:46:20,,250.7,307.5,348.2,nan,nan
2023/2/27,13:46:30,,261.2,320.3,362.7,nan,nan
2023/2/27,13:46:41,,256.0,314.0,355.8,nan,nan
2023/2/27,13:46:51,,225.7,276.7,313.3,nan,nan
2023/2/27,13:47:1,,192.8,236.6,267.7,nan,nan
2023/2/27,13:47:11,,236.2,289.6,327.8,nan,nan
2023/2/27,13:47:21,,257.6,316.1,357.9,nan,nan
2023/2/27,13:47:31,,269.4,330.3,374.1,nan,nan
2023/2/27,13:47:41,,268.1,328.9,372.5,nan,nan
2023/2/27,13:47:51,,264.8,324.8,367.9,nan,nan
2023/2/27,13:48:1,,258.6,317.3,359.3,nan,nan
2023/2/27,13:48:12,,262.9,322.3,365.2,nan,nan
2023/2/27,13:48:22,,265.4,325.4,368.4,nan,nan
2023/2/27,13:48:32,,267.4,328.2,371.5,nan,nan
2023/2/27,13:48:42,,270.8,332.0,376.0,nan,nan
2023/2/27,13:48:52,,273.4,335.4,379.9,nan,nan
2023/2/27,13:49:2,,275.5,337.5,382.5,nan,nan
2023/2/27,13:49:12,,276.1,338.9,383.9,nan,nan
2023/2/27,13:49:22,,276.1,338.8,383.8,nan,nan
2023/2/27,13:49:33,,274.5,336.5,381.2,nan,nan
2023/2/27,13:49:43,,272.2,333.7,377.7,nan,nan
2023/2/27,13:49:53,,270.8,331.8,375.8,nan,nan
2023/2/27,13:50:3,,270.2,331.2,375.2,nan,nan
2023/2/27,13:50:13,,269.5,330.5,374.5,nan,nan
2023/2/27,13:50:23,,270.1,331.1,375.1,nan,nan
2023/2/27,13:50:33,,272.0,333.1,377.1,nan,nan
2023/2/27,13:50:43,,272.5,334.3,378.3,nan,nan
2023/2/27,13:50:53,,272.9,334.9,378.9,nan,nan
2023/2/27,13:51:4,,273.1,335.1,379.4,nan,nan
2023/2/27,13:51:14,,273.6,335.6,380.2,nan,nan
2023/2/27,13:51:24,,271.9,333.4,377.7,nan,nan
2023/2/27,13:51:34,,250.7,307.4,348.1,nan,nan
2023/2/27,13:51:44,,237.4,291.4,329.7,nan,nan
2023/2/27,13:51:54,,238.0,292.0,330.4,nan,nan
2023/2/27,13:52:4,,246.8,302.5,342.7,nan,nan
2023/2/27,13:52:14,,266.7,327.0,370.4,nan,nan
2023/2/27,13:52:24,,266.3,326.5,369.8,nan,nan
2023/2/27,13:52:35,,258.0,316.5,358.1,nan,nan
2023/2/27,13:52:45,,255.1,313.1,354.3,nan,nan
2023/2/27,13:52:55,,256.7,315.1,356.5,nan,nan
2023/2/27,13:53:5,,266.9,327.3,370.6,nan,nan
2023/2/27,13:53:15,,271.7,333.0,377.0,nan,nan
2023/2/27,13:53:25,,272.4,334.4,378.5,nan,nan
2023/2/27,13:53:35,,273.5,335.5,380.0,nan,nan
2023/2/27,13:53:45,,272.7,334.7,378.7,nan,nan
2023/2/27,13:53:55,,272.0,333.5,377.5,nan,nan
2023/2/27,13:54:6,,271.9,333.0,377.0,nan,nan
2023/2/27,13:54:16,,271.2,332.5,376.5,nan,nan
2023/2/27,13:54:26,,273.1,335.1,379.3,nan,nan
2023/2/27,13:54:36,,273.8,335.8,380.5,nan,nan
2023/2/27,13:54:46,,273.0,335.0,379.1,nan,nan
2023/2/27,13:54:56,,269.6,330.7,374.7,nan,nan
2023/2/27,13:55:6,,266.5,326.7,369.7,nan,nan
2023/2/27,13:55:16,,266.1,326.1,369.1,nan,nan
2023/2/27,13:55:26,,267.5,328.5,372.0,nan,nan
2023/2/27,13:55:37,,269.0,330.0,374.0,nan,nan
2023/2/27,13:55:47,,271.2,332.5,376.5,nan,nan
2023/2/27,13:55:57,,272.3,334.2,378.2,nan,nan
2023/2/27,13:56:7,,273.0,335.0,379.0,nan,nan
2023/2/27,13:56:17,,273.7,335.7,380.3,nan,nan
2023/2/27,13:56:27,,273.5,335.5,380.0,nan,nan
2023/2/27,13:56:37,,272.9,334.9,378.9,nan,nan
2023/2/27,13:56:47,,271.8,333.1,377.1,nan,nan
2023/2/27,13:56:57,,272.0,333.5,377.5,nan,nan
2023/2/27,13:57:8,,272.2,333.9,377.9,nan,nan
2023/2/27,13:57:18,,272.5,334.5,378.5,nan,nan
2023/2/27,13:57:28,,273.1,335.1,379.2,nan,nan
2023/2/27,13:57:38,,273.2,335.2,379.5,nan,nan
2023/2/27,13:57:48,,271.3,332.6,376.6,nan,nan
2023/2/27,13:57:58,,269.0,330.0,373.9,nan,nan
2023/2/27,13:58:8,,267.7,328.6,372.3,nan,nan
2023/2/27,13:58:18,,265.4,325.4,368.4,nan,nan
2023/2/27,13:58:29,,260.8,319.7,362.2,nan,nan
2023/2/27,13:58:39,,253.8,311.3,352.5,nan,nan
2023/2/27,13:58:49,,253.6,310.8,351.8,nan,nan
2023/2/27,13:58:59,,257.8,316.0,357.9,nan,nan
2023/2/27,13:59:9,,262.4,321.7,364.6,nan,nan
2023/2/27,13:59:19,,264.5,324.5,367.5,nan,nan
2023/2/27,13:59:29,,263.5,323.2,366.2,nan,nan
2023/2/27,13:59:39,,259.6,318.7,361.0,nan,nan
2023/2/27,13:59:49,,255.3,313.0,354.4,nan,nan
2023/2/27,14:0:0,,256.5,314.5,356.5,nan,nan
2023/2/27,14:0:10,,254.1,311.4,352.5,nan,nan
2023/2/27,14:0:20,,248.0,303.9,344.4,nan,nan
2023/2/27,14:0:30,,249.6,306.0,346.6,nan,nan
2023/2/27,14:0:40,,247.3,303.4,343.6,nan,nan
2023/2/27,14:0:50,,245.0,300.1,340.1,nan,nan
2023/2/27,14:1:0,,246.4,302.1,342.1,nan,nan
2023/2/27,14:1:10,,247.3,303.3,343.4,nan,nan
2023/2/27,14:1:20,,245.1,300.6,340.4,nan,nan
2023/2/27,14:1:31,,225.9,276.8,313.3,nan,nan
2023/2/27,14:1:41,,228.0,279.7,316.7,nan,nan
2023/2/27,14:1:51,,250.3,307.1,347.5,nan,nan
2023/2/27,14:2:1,,263.5,323.2,366.0,nan,nan
2023/2/27,14:2:11,,271.8,333.6,377.6,nan,nan
2023/2/27,14:2:21,,274.5,336.5,381.4,nan,nan
2023/2/27,14:2:31,,274.3,336.3,381.3,nan,nan
2023/2/27,14:2:41,,273.5,335.5,379.9,nan,nan
2023/2/27,14:2:51,,273.2,335.2,379.6,nan,nan
2023/2/27,14:3:2,,274.2,336.2,381.2,nan,nan
2023/2/27,14:3:12,,275.9,338.4,383.4,nan,nan
2023/2/27,14:3:22,,276.6,339.6,384.6,nan,nan
2023/2/27,14:3:32,,276.0,339.0,384.0,nan,nan
2023/2/27,14:3:42,,276.3,339.3,384.3,nan,nan
2023/2/27,14:3:52,,272.6,334.4,378.7,nan,nan
2023/2/27,14:4:2,,258.9,317.8,359.9,nan,nan
2023/2/27,14:4:12,,263.0,322.9,365.9,nan,nan
2023/2/27,14:4:22,,264.1,324.0,367.0,nan,nan
2023/2/27,14:4:33,,268.1,328.7,372.1,nan,nan
2023/2/27,14:4:43,,275.8,338.3,383.3,nan,nan
2023/2/27,14:4:53,,278.9,341.9,386.9,nan,nan
2023/2/27,14:5:3,,277.1,340.0,385.0,nan,nan
2023/2/27,14:5:13,,276.3,338.9,383.9,nan,nan
2023/2/27,14:5:23,,275.5,338.0,383.0,nan,nan
2023/2/27,14:5:33,,268.5,329.1,373.0,nan,nan
2023/2/27,14:5:43,,253.4,310.8,351.9,nan,nan
2023/2/27,14:5:53,,223.1,273.6,309.8,nan,nan
2023/2/27,14:6:4,,222.3,272.6,308.7,nan,nan
2023/2/27,14:6:14,,249.4,306.0,346.5,nan,nan
2023/2/27,14:6:24,,267.4,327.8,371.3,nan,nan
2023/2/27,14:6:34,,215.8,265.0,299.9,nan,nan
2023/2/27,14:6:44,,183.4,225.0,254.6,nan,nan
2023/2/27,14:6:54,,240.4,294.9,333.8,nan,nan
2023/2/27,14:7:4,,266.3,326.7,370.1,nan,nan
2023/2/27,14:7:14,,271.0,332.4,376.4,nan,nan
2023/2/27,14:7:24,,269.8,331.1,374.8,nan,nan
2023/2/27,14:7:35,,260.9,320.0,362.5,nan,nan
2023/2/27,14:7:45,,252.7,310.0,351.1,nan,nan
2023/2/27,14:7:55,,250.9,307.9,348.9,nan,nan
2023/2/27,14:8:5,,250.5,306.9,347.8,nan,nan
2023/2/27,14:8:15,,246.9,302.9,343.2,nan,nan
2023/2/27,14:8:25,,203.6,249.9,282.8,nan,nan
2023/2/27,14:8:35,,193.9,238.2,269.3,nan,nan
2023/2/27,14:8:45,,250.3,307.0,347.7,nan,nan
2023/2/27,14:8:55,,270.4,331.7,375.5,nan,nan
2023/2/27,14:9:6,,257.2,315.6,357.2,nan,nan
2023/2/27,14:9:16,,240.6,295.3,334.2,nan,nan
2023/2/27,14:9:26,,196.0,240.5,272.2,nan,nan
2023/2/27,14:9:36,,209.0,256.4,290.1,nan,nan
2023/2/27,14:9:46,,227.5,278.9,315.9,nan,nan
2023/2/27,14:9:56,,245.2,300.7,340.5,nan,nan
2023/2/27,14:10:6,,249.8,306.3,346.9,nan,nan
2023/2/27,14:10:16,,247.5,303.3,343.3,nan,nan
2023/2/27,14:10:27,,243.3,298.3,337.9,nan,nan
2023/2/27,14:10:37,,238.9,292.9,331.7,nan,nan
2023/2/27,14:10:47,,238.8,292.9,331.6,nan,nan
2023/2/27,14:10:57,,211.9,260.1,294.4,nan,nan
2023/2/27,14:11:7,,190.9,234.6,265.6,nan,nan
2023/2/27,14:11:17,,198.0,242.9,275.1,nan,nan
2023/2/27,14:11:27,,234.8,288.0,326.1,nan,nan
2023/2/27,14:11:37,,253.1,310.3,351.4,nan,nan
2023/2/27,14:11:47,,251.6,308.8,349.5,nan,nan
2023/2/27,14:11:58,,208.7,256.2,290.0,nan,nan
2023/2/27,14:12:8,,199.0,244.3,276.7,nan,nan
2023/2/27,14:12:18,,252.9,310.4,351.6,nan,nan
2023/2/27,14:12:28,,265.5,325.8,368.9,nan,nan
2023/2/27,14:12:38,,265.6,325.9,369.3,nan,nan
2023/2/27,14:12:48,,253.2,310.7,351.8,nan,nan
2023/2/27,14:12:58,,235.6,288.9,326.9,nan,nan
2023/2/27,14:13:8,,221.1,271.4,307.1,nan,nan
2023/2/27,14:13:18,,248.5,304.8,345.2,nan,nan
2023/2/27,14:13:29,,254.9,312.7,354.0,nan,nan
2023/2/27,14:13:39,,226.1,277.2,313.9,nan,nan
2023/2/27,14:13:49,,184.8,226.7,256.5,nan,nan
2023/2/27,14:13:59,,227.5,279.1,316.0,nan,nan
2023/2/27,14:14:9,,261.7,320.9,363.4,nan,nan
2023/2/27,14:14:19,,269.9,330.9,374.9,nan,nan
2023/2/27,14:14:29,,227.4,278.9,315.8,nan,nan
2023/2/27,14:14:39,,166.4,204.1,231.0,nan,nan
2023/2/27,14:14:49,,218.9,268.5,304.1,nan,nan
2023/2/27,14:15:0,,243.2,298.2,337.6,nan,nan
2023/2/27,14:15:10,,248.5,304.7,345.0,nan,nan
2023/2/27,14:15:20,,238.5,292.6,331.4,nan,nan
2023/2/27,14:15:30,,220.0,269.7,305.5,nan,nan
2023/2/27,14:15:40,,215.3,264.1,299.1,nan,nan
2023/2/27,14:15:50,,212.6,260.9,295.2,nan,nan
2023/2/27,14:16:0,,246.6,302.4,342.5,nan,nan
2023/2/27,14:16:10,,255.6,313.6,354.9,nan,nan
2023/2/27,14:16:20,,236.6,290.3,328.6,nan,nan
2023/2/27,14:16:31,,174.3,213.9,242.1,nan,nan
2023/2/27,14:16:41,,198.2,243.1,275.3,nan,nan
2023/2/27,14:16:51,,235.1,288.2,326.4,nan,nan
2023/2/27,14:17:1,,246.4,302.3,342.4,nan,nan
2023/2/27,14:17:11,,225.4,276.5,313.2,nan,nan
2023/2/27,14:17:21,,187.7,230.2,260.4,nan,nan
2023/2/27,14:17:31,,190.1,233.2,263.9,nan,nan
2023/2/27,14:17:41,,226.5,277.9,314.7,nan,nan
2023/2/27,14:17:51,,247.2,303.2,343.3,nan,nan
2023/2/27,14:18:2,,259.4,318.2,360.2,nan,nan
2023/2/27,14:18:12,,216.6,265.6,300.8,nan,nan
2023/2/27,14:18:22,,203.0,249.4,282.2,nan,nan
2023/2/27,14:18:32,,216.3,265.5,300.5,nan,nan
2023/2/27,14:18:42,,254.9,312.9,354.3,nan,nan
2023/2/27,14:18:52,,248.7,305.1,345.5,nan,nan
2023/2/27,14:19:2,,201.7,247.5,280.2,nan,nan
2023/2/27,14:19:12,,193.5,237.5,268.9,nan,nan
2023/2/27,14:19:22,,240.6,295.0,334.0,nan,nan
2023/2/27,14:19:33,,260.2,319.1,361.3,nan,nan
2023/2/27,14:19:43,,268.6,329.4,373.2,nan,nan
2023/2/27,14:19:53,,253.1,310.4,351.4,nan,nan
2023/2/27,14:20:3,,237.6,291.4,330.1,nan,nan
2023/2/27,14:20:13,,229.8,282.1,319.4,nan,nan
2023/2/27,14:20:23,,235.2,288.3,326.3,nan,nan
2023/2/27,14:20:33,,237.5,291.3,329.8,nan,nan
2023/2/27,14:20:43,,250.4,307.1,347.7,nan,nan
2023/2/27,14:20:54,,234.0,286.9,325.0,nan,nan
2023/2/27,14:21:4,,229.2,281.1,318.3,nan,nan
2023/2/27,14:21:14,,235.1,288.5,326.8,nan,nan
2023/2/27,14:21:24,,240.5,294.9,333.9,nan,nan
2023/2/27,14:21:34,,249.6,306.2,346.7,nan,nan
2023/2/27,14:21:44,,353.7,411.2,460.5,nan,nan
2023/2/27,14:21:54,,1000.0,1000.0,1000.0,nan,nan
2023/2/27,14:22:4,,1000.0,1000.0,1000.0,nan,nan
2023/2/27,14:22:14,,1000.0,1000.0,1000.0,nan,nan
2023/2/27,14:22:25,,1000.0,1000.0,1000.0,nan,nan
2023/2/27,14:22:35,,1000.0,1000.0,1000.0,nan,nan
2023/2/27,14:22:45,,1000.0,1000.0,1000.0,nan,nan
2023/2/27,14:22:55,,1000.0,1000.0,1000.0,nan,nan
2023/2/27,14:23:5,,1000.0,1000.0,1000.0,nan,nan
2023/2/27,14:23:15,,1000.0,1000.0,1000.0,nan,nan
2023/2/27,14:23:25,,1000.0,1000.0,1000.0,nan,nan
2023/2/27,14:23:35,,1000.0,1000.0,1000.0,nan,nan
2023/2/27,14:23:45,,1000.0,1000.0,1000.0,nan,nan
2023/2/27,14:23:56,,1000.0,1000.0,1000.0,nan,nan
2023/2/27,14:24:6,,1000.0,1000.0,1000.0,nan,nan
2023/2/27,14:24:16,,1000.0,1000.0,1000.0,nan,nan
2023/2/27,14:24:26,,1000.0,1000.0,1000.0,nan,nan
2023/2/27,14:24:36,,1000.0,1000.0,1000.0,nan,nan
2023/2/27,14:24:46,,1000.0,1000.0,1000.0,nan,nan
2023/2/27,14:24:56,,1000.0,1000.0,1000.0,nan,nan
2023/2/27,14:25:6,,1000.0,1000.0,1000.0,nan,nan
2023/2/27,14:25:16,,1000.0,1000.0,1000.0,nan,nan
2023/2/27,14:25:27,,1000.0,1000.0,1000.0,nan,nan
2023/2/27,14:25:37,,1000.0,1000.0,1000.0,nan,nan
2023/2/27,14:25:47,,1000.0,1000.0,1000.0,nan,nan
2023/2/27,14:25:57,,1000.0,1000.0,1000.0,nan,nan
2023/2/27,14:26:7,,1000.0,1000.0,1000.0,nan,nan
2023/2/27,14:26:17,,1000.0,1000.0,1000.0,nan,nan
2023/2/27,14:26:27,,1000.0,1000.0,1000.0,nan,nan
2023/2/27,14:26:37,,1000.0,1000.0,1000.0,nan,nan
2023/2/27,14:26:47,,1000.0,1000.0,1000.0,nan,nan
2023/2/27,14:26:58,,1000.0,1000.0,1000.0,nan,nan
2023/2/27,14:27:8,,1000.0,1000.0,1000.0,nan,nan
2023/2/27,14:27:18,,1000.0,1000.0,1000.0,nan,nan
2023/2/27,14:27:28,,1000.0,1000.0,1000.0,nan,nan
2023/2/27,14:27:38,,1000.0,1000.0,1000.0,nan,nan
2023/2/27,14:27:48,,1000.0,1000.0,1000.0,nan,nan
2023/2/27,14:27:58,,1000.0,1000.0,1000.0,nan,nan
2023/2/27,14:28:8,,1000.0,1000.0,1000.0,nan,nan
2023/2/27,14:28:18,,1000.0,1000.0,1000.0,nan,nan
2023/2/27,14:28:29,,1000.0,1000.0,1000.0,nan,nan
2023/2/27,14:28:39,,1000.0,1000.0,1000.0,nan,nan
2023/2/27,14:28:49,,1000.0,1000.0,1000.0,nan,nan
2023/2/27,14:28:59,,996.8,1000.0,1000.0,nan,nan
2023/2/27,14:29:9,,982.5,1000.0,1000.0,nan,nan
2023/2/27,14:29:19,,979.0,1000.0,1000.0,nan,nan
2023/2/27,14:29:29,,966.2,1000.0,1000.0,nan,nan
2023/2/27,14:29:39,,945.6,1000.0,1000.0,nan,nan
2023/2/27,14:29:49,,890.8,1000.0,1000.0,nan,nan
2023/2/27,14:30:0,,867.6,1000.0,1000.0,nan,nan
2023/2/27,14:30:10,,866.6,1000.0,1000.0,nan,nan
2023/2/27,14:30:20,,870.2,1000.0,1000.0,nan,nan
2023/2/27,14:30:30,,864.0,1000.0,1000.0,nan,nan
2023/2/27,14:30:40,,843.5,1000.0,1000.0,nan,nan
2023/2/27,14:30:50,,800.4,980.1,1000.0,nan,nan
2023/2/27,14:31:0,,783.4,959.4,1000.0,nan,nan
2023/2/27,14:31:10,,780.8,956.4,1000.0,nan,nan
2023/2/27,14:31:20,,776.4,951.2,1000.0,nan,nan
2023/2/27,14:31:31,,727.1,890.7,992.1,nan,nan
2023/2/27,14:31:41,,684.9,838.8,955.0,nan,nan
2023/2/27,14:31:51,,671.2,822.1,932.9,nan,nan
2023/2/27,14:32:1,,682.3,835.8,947.4,nan,nan
2023/2/27,14:32:11,,696.1,852.8,966.6,nan,nan
2023/2/27,14:32:21,,664.1,813.5,922.3,nan,nan
2023/2/27,14:32:31,,622.5,762.6,866.1,nan,nan
2023/2/27,14:32:41,,612.5,750.1,852.9,nan,nan
2023/2/27,14:32:51,,616.2,754.6,855.2,nan,nan
2023/2/27,14:33:2,,619.0,758.2,859.2,nan,nan
2023/2/27,14:33:12,,609.1,746.2,845.7,nan,nan
2023/2/27,14:33:22,,573.6,702.5,796.8,nan,nan
2023/2/27,14:33:32,,561.9,688.0,780.0,nan,nan
2023/2/27,14:33:42,,571.3,699.9,793.3,nan,nan
2023/2/27,14:33:52,,588.7,720.9,817.0,nan,nan
2023/2/27,14:34:2,,560.8,687.0,778.6,nan,nan
2023/2/27,14:34:12,,478.1,585.6,663.6,nan,nan
2023/2/27,14:34:22,,499.5,611.9,693.5,nan,nan
2023/2/27,14:34:33,,557.3,682.4,773.3,nan,nan
2023/2/27,14:34:43,,559.6,685.6,777.0,nan,nan
2023/2/27,14:34:53,,490.6,601.1,681.1,nan,nan
2023/2/27,14:35:3,,457.8,561.0,635.4,nan,nan
2023/2/27,14:35:13,,450.8,552.4,625.9,nan,nan
2023/2/27,14:35:23,,495.9,607.4,688.4,nan,nan
2023/2/27,14:35:33,,513.2,628.6,712.2,nan,nan
2023/2/27,14:35:43,,479.2,587.2,665.5,nan,nan
2023/2/27,14:35:53,,401.3,492.0,557.5,nan,nan
2023/2/27,14:36:4,,408.8,501.1,567.8,nan,nan
2023/2/27,14:36:14,,456.5,559.2,633.6,nan,nan
2023/2/27,14:36:24,,480.7,588.9,667.4,nan,nan
2023/2/27,14:36:34,,452.6,554.5,628.5,nan,nan
2023/2/27,14:36:44,,361.6,443.5,502.5,nan,nan
2023/2/27,14:36:54,,354.8,434.8,492.6,nan,nan
2023/2/27,14:37:4,,406.4,498.1,564.2,nan,nan
2023/2/27,14:37:14,,433.8,531.5,602.3,nan,nan
2023/2/27,14:37:24,,431.1,528.4,598.7,nan,nan
2023/2/27,14:37:35,,390.5,478.9,542.7,nan,nan
2023/2/27,14:37:45,,327.8,402.0,455.3,nan,nan
2023/2/27,14:37:55,,357.0,437.6,495.9,nan,nan
2023/2/27,14:38:5,,413.8,507.0,574.6,nan,nan
2023/2/27,14:38:15,,419.9,514.7,583.2,nan,nan
2023/2/27,14:38:25,,408.4,500.5,567.2,nan,nan
2023/2/27,14:38:35,,323.8,397.2,449.8,nan,nan
2023/2/27,14:38:45,,325.1,398.4,451.4,nan,nan
2023/2/27,14:38:56,,380.8,466.7,528.7,nan,nan
2023/2/27,14:39:6,,397.9,487.8,552.7,nan,nan
2023/2/27,14:39:16,,347.4,426.0,482.4,nan,nan
2023/2/27,14:39:26,,277.8,340.7,385.9,nan,nan
2023/2/27,14:39:36,,300.4,368.6,417.5,nan,nan
2023/2/27,14:39:46,,343.4,421.1,477.2,nan,nan
2023/2/27,14:39:56,,369.6,453.0,513.4,nan,nan
2023/2/27,14:40:6,,349.8,428.8,485.9,nan,nan
2023/2/27,14:40:16,,260.7,319.7,362.1,nan,nan
2023/2/27,14:40:27,,281.0,344.4,390.1,nan,nan
2023/2/27,14:40:37,,322.4,395.2,447.7,nan,nan
2023/2/27,14:40:47,,357.1,437.8,495.9,nan,nan
2023/2/27,14:40:57,,352.6,432.3,489.7,nan,nan
2023/2/27,14:41:7,,262.7,322.2,364.8,nan,nan
2023/2/27,14:41:17,,308.8,378.8,429.1,nan,nan
2023/2/27,14:41:27,,331.0,405.8,459.7,nan,nan
2023/2/27,14:41:37,,341.5,418.7,474.3,nan,nan
2023/2/27,14:41:47,,323.5,396.4,449.0,nan,nan
2023/2/27,14:41:58,,312.8,383.7,434.6,nan,nan
2023/2/27,14:42:8,,320.7,393.0,445.0,nan,nan
2023/2/27,14:42:18,,320.7,393.2,445.3,nan,nan
2023/2/27,14:42:28,,320.2,392.3,444.3,nan,nan
2023/2/27,14:42:38,,322.5,395.4,447.9,nan,nan
2023/2/27,14:42:48,,294.5,361.1,409.0,nan,nan
2023/2/27,14:42:58,,236.0,289.4,327.6,nan,nan
2023/2/27,14:43:8,,308.5,378.2,428.4,nan,nan
2023/2/27,14:43:18,,327.5,401.5,454.7,nan,nan
2023/2/27,14:43:29,,327.7,401.7,454.7,nan,nan
2023/2/27,14:43:39,,324.7,398.2,451.0,nan,nan
2023/2/27,14:43:49,,318.6,390.7,442.7,nan,nan
2023/2/27,14:43:59,,311.0,381.3,431.7,nan,nan
2023/2/27,14:44:9,,309.4,379.4,429.5,nan,nan
2023/2/27,14:44:19,,307.4,376.8,426.8,nan,nan
2023/2/27,14:44:29,,308.3,378.1,428.1,nan,nan
2023/2/27,14:44:39,,306.2,375.2,425.1,nan,nan
2023/2/27,14:44:49,,302.0,370.4,419.4,nan,nan
2023/2/27,14:45:0,,300.9,368.9,417.9,nan,nan
2023/2/27,14:45:10,,302.5,370.5,419.5,nan,nan
2023/2/27,14:45:20,,301.2,369.3,418.1,nan,nan
2023/2/27,14:45:30,,300.5,368.2,417.0,nan,nan
2023/2/27,14:45:40,,298.7,365.9,414.6,nan,nan
2023/2/27,14:45:50,,297.9,365.2,413.7,nan,nan
2023/2/27,14:46:0,,293.5,359.9,407.9,nan,nan
2023/2/27,14:46:10,,293.7,360.1,408.1,nan,nan
2023/2/27,14:46:21,,293.7,360.3,407.9,nan,nan
2023/2/27,14:46:31,,295.4,362.1,410.0,nan,nan
2023/2/27,14:46:41,,292.6,358.7,406.3,nan,nan
2023/2/27,14:46:51,,287.4,352.4,399.4,nan,nan
2023/2/27,14:47:1,,285.4,350.1,396.5,nan,nan
2023/2/27,14:47:11,,286.1,350.9,397.7,nan,nan
2023/2/27,14:47:21,,286.4,351.4,398.0,nan,nan
2023/2/27,14:47:31,,278.6,341.6,386.7,nan,nan
2023/2/27,14:47:41,,275.0,337.2,382.2,nan,nan
2023/2/27,14:47:52,,274.3,336.3,381.3,nan,nan
2023/2/27,14:48:2,,276.5,339.1,383.9,nan,nan
2023/2/27,14:48:12,,278.7,341.5,386.8,nan,nan
2023/2/27,14:48:22,,273.5,335.4,379.7,nan,nan
2023/2/27,14:48:32,,256.5,314.3,356.0,nan,nan
2023/2/27,14:48:42,,252.8,310.2,351.2,nan,nan
2023/2/27,14:48:52,,258.2,316.7,358.5,nan,nan
2023/2/27,14:49:2,,262.9,322.7,365.5,nan,nan
2023/2/27,14:49:12,,275.9,338.4,383.2,nan,nan
2023/2/27,14:49:23,,280.5,343.9,389.5,nan,nan
2023/2/27,14:49:33,,281.1,344.7,390.5,nan,nan
2023/2/27,14:49:43,,281.9,345.9,391.9,nan,nan
2023/2/27,14:49:53,,282.4,346.3,392.3,nan,nan
2023/2/27,14:50:3,,279.9,343.0,388.2,nan,nan
2023/2/27,14:50:13,,277.8,340.8,385.8,nan,nan
2023/2/27,14:50:23,,282.0,345.9,391.9,nan,nan
2023/2/27,14:50:33,,281.9,345.9,391.9,nan,nan
2023/2/27,14:50:43,,281.5,345.1,391.1,nan,nan
2023/2/27,14:50:54,,283.0,347.0,393.0,nan,nan
2023/2/27,14:51:4,,283.5,347.5,393.5,nan,nan
2023/2/27,14:51:14,,284.8,349.3,395.3,nan,nan
2023/2/27,14:51:24,,285.3,350.3,396.6,nan,nan
2023/2/27,14:51:34,,284.3,348.4,394.4,nan,nan
2023/2/27,14:51:44,,284.3,348.3,394.3,nan,nan
2023/2/27,14:51:54,,284.4,348.4,394.4,nan,nan
2023/2/27,14:52:4,,283.3,347.3,393.3,nan,nan
2023/2/27,14:52:15,,281.7,345.7,391.7,nan,nan
2023/2/27,14:52:25,,279.6,342.6,388.0,nan,nan
2023/2/27,14:52:35,,278.4,341.4,386.4,nan,nan
2023/2/27,14:52:45,,277.2,340.1,385.1,nan,nan
2023/2/27,14:52:55,,276.6,339.4,384.4,nan,nan
2023/2/27,14:53:5,,276.9,339.9,384.9,nan,nan
2023/2/27,14:53:15,,276.2,338.8,383.8,nan,nan
2023/2/27,14:53:25,,276.8,339.6,384.6,nan,nan
2023/2/27,14:53:35,,278.1,341.1,386.1,nan,nan
2023/2/27,14:53:46,,276.8,339.8,384.8,nan,nan
2023/2/27,14:53:56,,268.2,329.1,372.6,nan,nan
2023/2/27,14:54:6,,258.8,317.6,359.6,nan,nan
2023/2/27,14:54:16,,255.2,313.3,354.4,nan,nan
2023/2/27,14:54:26,,259.3,318.3,360.3,nan,nan
2023/2/27,14:54:36,,265.5,325.6,368.6,nan,nan
2023/2/27,14:54:46,,275.5,337.7,382.7,nan,nan
2023/2/27,14:54:56,,277.3,340.3,385.3,nan,nan
2023/2/27,14:55:6,,275.3,337.4,382.4,nan,nan
2023/2/27,14:55:17,,274.0,335.9,380.8,nan,nan
2023/2/27,14:55:27,,267.6,327.9,371.1,nan,nan
2023/2/27,14:55:37,,264.9,325.0,368.0,nan,nan
2023/2/27,14:55:47,,257.7,316.2,358.0,nan,nan
2023/2/27,14:55:57,,259.4,318.0,360.2,nan,nan
2023/2/27,14:56:7,,256.6,314.7,356.7,nan,nan
2023/2/27,14:56:17,,265.6,325.6,368.6,nan,nan
2023/2/27,14:56:27,,259.9,318.9,360.9,nan,nan
2023/2/27,14:56:37,,259.4,318.4,360.5,nan,nan
2023/2/27,14:56:48,,265.7,325.9,369.1,nan,nan
2023/2/27,14:56:58,,267.7,328.6,372.0,nan,nan
2023/2/27,14:57:8,,264.6,324.6,367.6,nan,nan
2023/2/27,14:57:18,,268.7,329.7,373.4,nan,nan
2023/2/27,14:57:28,,268.6,329.6,373.4,nan,nan
2023/2/27,14:57:38,,264.6,324.3,367.4,nan,nan
2023/2/27,14:57:48,,256.8,315.1,357.0,nan,nan
2023/2/27,14:57:58,,258.0,316.6,358.6,nan,nan
2023/2/27,14:58:8,,262.9,322.3,365.0,nan,nan
2023/2/27,14:58:19,,260.6,319.6,361.8,nan,nan
2023/2/27,14:58:29,,261.8,320.9,363.7,nan,nan
2023/2/27,14:58:39,,243.8,299.2,338.7,nan,nan
2023/2/27,14:58:49,,236.2,290.2,328.2,nan,nan
2023/2/27,14:58:59,,245.0,300.2,340.1,nan,nan
2023/2/27,14:59:9,,254.5,312.1,353.3,nan,nan
2023/2/27,14:59:19,,248.4,304.7,344.9,nan,nan
2023/2/27,14:59:29,,253.5,310.8,352.0,nan,nan
2023/2/27,14:59:40,,250.0,306.3,347.3,nan,nan
2023/2/27,14:59:50,,250.3,306.9,347.7,nan,nan
2023/2/27,15:0:0,,243.8,298.8,338.5,nan,nan
2023/2/27,15:0:10,,247.2,303.0,343.2,nan,nan
2023/2/27,15:0:20,,234.7,287.7,325.6,nan,nan
2023/2/27,15:0:30,,222.4,272.7,308.8,nan,nan
2023/2/27,15:0:40,,227.1,278.5,315.3,nan,nan
2023/2/27,15:0:50,,243.7,298.8,338.3,nan,nan
2023/2/27,15:1:0,,230.2,282.4,319.8,nan,nan
2023/2/27,15:1:11,,176.9,217.0,245.6,nan,nan
2023/2/27,15:1:21,,164.4,201.7,228.0,nan,nan
2023/2/27,15:1:31,,233.7,286.6,324.6,nan,nan
2023/2/27,15:1:41,,259.3,317.9,360.0,nan,nan
2023/2/27,15:1:51,,231.0,283.4,321.0,nan,nan
2023/2/27,15:2:1,,158.1,194.4,219.6,nan,nan
2023/2/27,15:2:11,,153.3,188.3,213.0,nan,nan
2023/2/27,15:2:21,,196.9,241.6,273.5,nan,nan
2023/2/27,15:2:31,,229.4,281.4,318.6,nan,nan
2023/2/27,15:2:42,,217.1,266.3,301.3,nan,nan
2023/2/27,15:2:52,,197.8,242.7,274.8,nan,nan
2023/2/27,15:3:2,,143.7,176.5,199.5,nan,nan
2023/2/27,15:3:12,,173.9,213.5,241.6,nan,nan
2023/2/27,15:3:22,,212.1,260.3,294.8,nan,nan
2023/2/27,15:3:32,,236.8,290.3,328.7,nan,nan
2023/2/27,15:3:42,,211.8,259.9,294.2,nan,nan
2023/2/27,15:3:52,,144.9,178.1,201.6,nan,nan
2023/2/27,15:4:2,,199.3,244.6,276.9,nan,nan
2023/2/27,15:4:13,,232.1,284.4,321.7,nan,nan
2023/2/27,15:4:23,,237.7,291.4,329.9,nan,nan
2023/2/27,15:4:33,,216.5,265.5,300.6,nan,nan
2023/2/27,15:4:43,,176.5,216.7,245.1,nan,nan
2023/2/27,15:4:53,,175.4,215.3,243.8,nan,nan
2023/2/27,15:5:3,,208.4,255.7,289.5,nan,nan
2023/2/27,15:5:13,,243.9,298.8,338.3,nan,nan
2023/2/27,15:5:23,,239.5,293.8,332.6,nan,nan
2023/2/27,15:5:33,,186.1,228.2,258.3,nan,nan
2023/2/27,15:5:44,,158.3,194.5,219.9,nan,nan
2023/2/27,15:5:54,,211.3,259.3,293.6,nan,nan
2023/2/27,15:6:4,,238.4,292.5,331.1,nan,nan
2023/2/27,15:6:14,,246.2,301.8,341.7,nan,nan
2023/2/27,15:6:24,,238.5,292.3,331.0,nan,nan
2023/2/27,15:6:34,,199.6,244.8,277.1,nan,nan
2023/2/27,15:6:44,,183.1,224.6,254.3,nan,nan
2023/2/27,15:6:54,,220.5,270.5,306.3,nan,nan
2023/2/27,15:7:4,,230.5,282.5,320.0,nan,nan
2023/2/27,15:7:15,,231.2,283.7,321.1,nan,nan
2023/2/27,15:7:25,,172.0,211.0,238.8,nan,nan
2023/2/27,15:7:35,,205.3,251.9,285.1,nan,nan
2023/2/27,15:7:45,,232.7,285.2,323.0,nan,nan
2023/2/27,15:7:55,,250.3,306.9,347.5,nan,nan
2023/2/27,15:8:5,,257.8,316.2,358.0,nan,nan
2023/2/27,15:8:15,,220.2,270.1,305.9,nan,nan
2023/2/27,15:8:25,,174.9,214.7,242.9,nan,nan
2023/2/27,15:8:35,,198.7,244.0,276.2,nan,nan
2023/2/27,15:8:46,,238.6,292.6,331.3,nan,nan
2023/2/27,15:8:56,,248.4,304.6,345.1,nan,nan
2023/2/27,15:9:6,,219.3,268.8,304.3,nan,nan
2023/2/27,15:9:16,,190.4,233.5,264.5,nan,nan
2023/2/27,15:9:26,,207.5,254.8,288.3,nan,nan
2023/2/27,15:9:36,,241.8,296.5,335.8,nan,nan
2023/2/27,15:9:46,,254.0,311.4,352.7,nan,nan
2023/2/27,15:9:56,,243.5,298.5,338.2,nan,nan
2023/2/27,15:10:6,,177.2,217.5,246.1,nan,nan
2023/2/27,15:10:17,,169.4,208.3,235.7,nan,nan
2023/2/27,15:10:27,,200.9,246.6,279.2,nan,nan
2023/2/27,15:10:37,,247.9,304.0,344.2,nan,nan
2023/2/27,15:10:47,,236.9,290.4,328.9,nan,nan
2023/2/27,15:10:57,,181.1,222.2,251.4,nan,nan
2023/2/27,15:11:7,,189.8,232.9,263.6,nan,nan
2023/2/27,15:11:17,,236.8,290.2,328.7,nan,nan
2023/2/27,15:11:27,,265.5,325.6,368.7,nan,nan
2023/2/27,15:11:37,,263.7,323.2,365.9,nan,nan
2023/2/27,15:11:48,,247.1,303.1,343.3,nan,nan
2023/2/27,15:11:58,,189.8,233.0,263.8,nan,nan
2023/2/27,15:12:8,,217.4,266.7,302.0,nan,nan
2023/2/27,15:12:18,,244.2,299.6,339.1,nan,nan
2023/2/27,15:12:28,,257.0,315.3,357.1,nan,nan
2023/2/27,15:12:38,,253.3,310.7,351.9,nan,nan
2023/2/27,15:12:48,,215.0,263.6,298.1,nan,nan
2023/2/27,15:12:58,,210.4,257.9,292.0,nan,nan
2023/2/27,15:13:8,,230.1,282.2,319.5,nan,nan
2023/2/27,15:13:19,,255.6,313.5,355.0,nan,nan
2023/2/27,15:13:29,,263.9,323.6,366.5,nan,nan
2023/2/27,15:13:39,,267.2,327.8,371.3,nan,nan
2023/2/27,15:13:49,,265.6,325.6,368.6,nan,nan
2023/2/27,15:13:59,,263.2,323.1,366.1,nan,nan
2023/2/27,15:14:9,,263.8,323.4,366.4,nan,nan
2023/2/27,15:14:19,,266.3,326.5,369.5,nan,nan
2023/2/27,15:14:29,,269.0,330.0,373.9,nan,nan
2023/2/27,15:14:39,,273.2,335.2,379.7,nan,nan
2023/2/27,15:14:50,,276.4,339.2,384.2,nan,nan
2023/2/27,15:15:0,,278.0,341.0,386.0,nan,nan
2023/2/27,15:15:10,,277.6,340.6,385.6,nan,nan
2023/2/27,15:15:20,,276.7,339.4,384.3,nan,nan
2023/2/27,15:15:30,,269.0,330.1,373.7,nan,nan
2023/2/27,15:15:40,,256.2,314.0,355.6,nan,nan
2023/2/27,15:15:50,,254.8,312.3,353.5,nan,nan
2023/2/27,15:16:0,,261.2,320.4,363.0,nan,nan
2023/2/27,15:16:10,,262.8,322.1,364.8,nan,nan
2023/2/27,15:16:21,,266.6,326.8,369.8,nan,nan
2023/2/27,15:16:31,,268.5,329.1,372.6,nan,nan
2023/2/27,15:16:41,,269.8,330.8,374.8,nan,nan
2023/2/27,15:16:51,,269.6,330.6,374.6,nan,nan
2023/2/27,15:17:1,,270.4,331.4,375.4,nan,nan
2023/2/27,15:17:11,,268.4,329.3,373.0,nan,nan
2023/2/27,15:17:21,,272.3,334.0,378.0,nan,nan
2023/2/27,15:17:31,,271.9,333.0,377.0,nan,nan
2023/2/27,15:17:42,,272.0,333.7,377.7,nan,nan
2023/2/27,15:17:52,,270.4,331.4,375.2,nan,nan
2023/2/27,15:18:2,,266.3,326.5,369.7,nan,nan
2023/2/27,15:18:12,,253.9,311.5,352.5,nan,nan
2023/2/27,15:18:22,,250.9,307.5,348.1,nan,nan
2023/2/27,15:18:32,,250.0,306.6,347.2,nan,nan
2023/2/27,15:18:42,,260.1,318.9,361.2,nan,nan
2023/2/27,15:18:52,,263.6,323.5,366.5,nan,nan
2023/2/27,15:19:2,,267.6,328.2,371.7,nan,nan
2023/2/27,15:19:13,,272.9,334.6,379.0,nan,nan
2023/2/27,15:19:23,,276.0,338.4,383.4,nan,nan
2023/2/27,15:19:33,,275.8,338.1,383.1,nan,nan
2023/2/27,15:19:43,,275.4,337.4,382.4,nan,nan
2023/2/27,15:19:53,,276.0,338.6,383.6,nan,nan
2023/2/27,15:20:3,,276.0,339.0,384.0,nan,nan
2023/2/27,15:20:13,,276.0,338.1,383.1,nan,nan
2023/2/27,15:20:23,,275.5,337.5,382.5,nan,nan
2023/2/27,15:20:33,,274.8,336.8,381.8,nan,nan
2023/2/27,15:20:44,,275.0,337.0,382.0,nan,nan
2023/2/27,15:20:54,,275.7,338.1,383.1,nan,nan
2023/2/27,15:21:4,,276.2,339.0,384.0,nan,nan
2023/2/27,15:21:14,,277.0,340.0,385.0,nan,nan
2023/2/27,15:21:24,,277.7,340.7,385.7,nan,nan
2023/2/27,15:21:34,,280.2,343.3,388.8,nan,nan
2023/2/27,15:21:44,,280.7,344.0,389.7,nan,nan
2023/2/27,15:21:54,,281.0,344.5,390.5,nan,nan
2023/2/27,15:22:4,,280.5,343.6,389.1,nan,nan
2023/2/27,15:22:15,,278.8,341.8,386.8,nan,nan
2023/2/27,15:22:25,,278.3,341.3,386.3,nan,nan
2023/2/27,15:22:35,,277.7,340.7,385.7,nan,nan
2023/2/27,15:22:45,,278.0,341.0,386.0,nan,nan
2023/2/27,15:22:55,,278.8,341.8,386.8,nan,nan
2023/2/27,15:23:5,,279.6,342.6,387.6,nan,nan
2023/2/27,15:23:15,,280.4,343.4,388.8,nan,nan
2023/2/27,15:23:25,,281.0,344.6,390.6,nan,nan
2023/2/27,15:23:35,,281.0,344.1,390.1,nan,nan
2023/2/27,15:23:46,,280.9,344.4,390.3,nan,nan
2023/2/27,15:23:56,,280.9,344.2,390.1,nan,nan
2023/2/27,15:59:7,,254.0,311.6,352.9,nan,nan
2023/2/27,15:59:17,,266.6,327.0,370.3,nan,nan
2023/2/27,15:59:37,,287.8,352.8,399.6,nan,nan
2023/2/27,15:59:47,,293.0,359.4,407.0,nan,nan
2023/2/27,15:59:57,,298.4,365.9,414.6,nan,nan
2023/2/27,16:0:8,,299.2,366.9,415.8,nan,nan
2023/2/27,16:0:18,,302.1,370.1,419.1,nan,nan
2023/2/27,16:0:28,,303.1,371.5,420.5,nan,nan
2023/2/27,16:0:38,,300.1,367.7,416.3,nan,nan
2023/2/27,16:0:48,,299.9,367.6,416.6,nan,nan
2023/2/27,16:0:58,,302.2,370.2,419.2,nan,nan
2023/2/27,16:1:8,,303.5,372.5,421.5,nan,nan
2023/2/27,16:1:18,,305.6,374.6,424.6,nan,nan
2023/2/27,16:1:29,,306.3,375.3,425.3,nan,nan
2023/2/27,16:1:39,,306.3,375.3,425.3,nan,nan
2023/2/27,16:1:49,,305.3,374.3,424.2,nan,nan
2023/2/27,16:1:59,,303.3,371.9,420.9,nan,nan
2023/2/27,16:2:9,,302.8,371.1,420.1,nan,nan
2023/2/27,16:2:19,,302.2,370.6,419.6,nan,nan
2023/2/27,16:2:29,,302.2,370.5,419.6,nan,nan
2023/2/27,16:2:39,,304.0,372.9,422.2,nan,nan
2023/2/27,16:2:49,,299.9,367.8,416.7,nan,nan
2023/2/27,16:3:0,,299.3,366.9,415.9,nan,nan
2023/2/27,16:3:10,,298.3,365.5,414.0,nan,nan
2023/2/27,16:3:20,,297.6,364.6,412.8,nan,nan
2023/2/27,16:3:30,,297.1,364.1,412.1,nan,nan
2023/2/27,16:3:40,,293.9,360.2,408.2,nan,nan
2023/2/27,16:3:50,,293.4,359.5,407.4,nan,nan
2023/2/27,16:4:0,,291.0,356.5,404.0,nan,nan
2023/2/27,16:4:10,,277.5,340.1,385.2,nan,nan
2023/2/27,16:4:20,,271.2,332.5,376.7,nan,nan
2023/2/27,16:4:31,,272.2,334.0,378.0,nan,nan
2023/2/27,16:4:41,,269.0,330.0,373.8,nan,nan
2023/2/27,16:4:51,,270.0,331.1,374.8,nan,nan
2023/2/27,16:5:1,,281.0,344.4,390.1,nan,nan
2023/2/27,16:5:11,,283.7,347.7,393.6,nan,nan
2023/2/27,16:5:21,,286.3,351.3,398.2,nan,nan
2023/2/27,16:5:31,,286.5,351.5,398.3,nan,nan
2023/2/27,16:5:41,,287.2,352.2,399.1,nan,nan
2023/2/27,16:5:52,,288.8,353.9,400.9,nan,nan
2023/2/27,16:6:2,,292.1,358.1,405.4,nan,nan
2023/2/27,16:6:12,,292.5,358.5,406.0,nan,nan
2023/2/27,16:6:22,,291.6,357.6,404.9,nan,nan
2023/2/27,16:6:32,,292.7,358.7,406.2,nan,nan
2023/2/27,16:6:42,,294.3,360.9,408.9,nan,nan
2023/2/27,16:6:52,,293.5,359.7,407.7,nan,nan
2023/2/27,16:7:2,,293.4,359.6,407.6,nan,nan
2023/2/27,16:7:12,,294.4,361.3,409.3,nan,nan
2023/2/27,16:7:23,,293.5,359.6,407.5,nan,nan
2023/2/27,16:7:33,,290.4,356.3,403.3,nan,nan
2023/2/27,16:7:43,,290.2,355.9,402.9,nan,nan
2023/2/27,16:7:53,,289.1,354.3,401.3,nan,nan
2023/2/27,16:8:3,,287.2,352.2,399.2,nan,nan
2023/2/27,16:8:13,,273.1,335.0,379.4,nan,nan
2023/2/27,16:8:23,,205.3,251.9,285.1,nan,nan
2023/2/27,16:8:33,,239.8,294.1,333.1,nan,nan
2023/2/27,16:8:43,,228.5,280.5,317.7,nan,nan
2023/2/27,16:8:54,,203.1,249.1,282.1,nan,nan
2023/2/27,16:9:4,,256.2,314.2,355.8,nan,nan
2023/2/27,16:9:14,,208.8,256.2,290.1,nan,nan
2023/2/27,16:9:24,,199.0,244.1,276.3,nan,nan
2023/2/27,16:9:34,,267.7,328.2,371.6,nan,nan
2023/2/27,16:9:44,,206.5,253.3,286.7,nan,nan
2023/2/27,16:9:54,,238.8,292.9,331.6,nan,nan
2023/2/27,16:10:4,,252.4,309.4,350.4,nan,nan
2023/2/27,16:10:14,,218.4,267.8,303.2,nan,nan
2023/2/27,16:10:25,,235.5,288.8,326.9,nan,nan
2023/2/27,16:10:35,,241.0,295.6,334.6,nan,nan
2023/2/27,16:10:45,,213.5,261.9,296.4,nan,nan
2023/2/27,16:10:55,,271.9,333.2,377.5,nan,nan
2023/2/27,16:11:5,,233.6,286.3,324.3,nan,nan
2023/2/27,16:11:15,,232.8,285.6,323.4,nan,nan
2023/2/27,16:11:25,,262.9,322.3,364.9,nan,nan
2023/2/27,16:11:35,,263.2,322.8,365.6,nan,nan
2023/2/27,16:11:45,,235.7,289.1,327.1,nan,nan
2023/2/27,16:11:56,,224.2,274.9,311.2,nan,nan
