2000/26/0,0:53:0,,26.0,39.2,52.0,nan,nan
2000/27/0,0:53:0,,26.0,39.7,52.2,nan,nan
2000/31/0,0:53:0,,27.6,39.3,52.7,nan,nan
2000/30/0,0:53:0,,28.0,40.0,52.9,nan,nan
2000/26/0,0:53:0,,26.4,39.3,51.7,nan,nan
2000/26/0,0:53:0,,26.0,39.0,51.0,nan,nan
2000/29/0,0:53:0,,26.3,39.4,50.3,nan,nan
2000/33/0,0:53:0,,28.5,41.6,52.0,nan,nan
2000/32/0,0:53:0,,32.0,45.4,54.8,nan,nan
2000/33/0,0:53:0,,30.8,43.4,53.5,nan,nan
2023/2/27,11:6:46,,23.0,30.1,41.3,nan,nan
2023/2/27,11:6:49,,44.8,61.6,64.6,nan,nan
2023/2/27,11:7:17,,35.4,50.3,61.0,nan,nan
2023/2/27,11:7:27,,37.2,53.1,64.3,nan,nan
2023/2/27,11:8:1,,37.5,56.4,67.4,nan,nan
2023/2/27,11:8:37,,40.4,59.2,69.8,nan,nan
2023/2/27,11:9:17,,44.5,61.9,68.6,nan,nan
2023/2/27,11:9:27,,41.7,58.9,66.2,nan,nan
2000/14/0,0:53:0,,23.7,31.7,37.1,nan,nan
2000/15/0,0:53:0,,16.8,23.0,25.6,nan,nan
2000/34/0,0:53:0,,24.8,36.0,44.0,nan,nan
2000/36/0,0:53:0,,36.6,50.6,61.2,nan,nan
2000/31/0,0:53:0,,33.2,47.0,56.8,nan,nan
2000/32/0,0:53:0,,31.1,45.1,56.9,nan,nan
2000/30/0,0:53:0,,28.6,42.4,55.3,nan,nan
2000/28/0,0:53:0,,27.3,42.0,54.5,nan,nan
2000/27/0,0:53:0,,27.0,41.5,53.4,nan,nan
2000/28/0,0:53:0,,27.0,41.1,52.7,nan,nan
2000/27/0,0:53:0,,27.0,42.0,53.0,nan,nan
2000/27/0,0:53:0,,26.4,41.3,52.6,nan,nan
2000/28/0,0:53:0,,27.0,40.9,52.1,nan,nan
2000/29/0,0:53:0,,27.0,40.0,51.8,nan,nan
2000/29/0,0:53:0,,27.0,40.1,52.0,nan,nan
2000/31/0,0:53:0,,28.0,41.5,53.6,nan,nan
2000/29/0,0:53:0,,27.8,41.8,54.0,nan,nan
2000/29/0,0:53:0,,27.0,41.0,51.8,nan,nan
2000/28/0,0:53:0,,27.0,41.0,52.2,nan,nan
2000/27/0,0:53:0,,27.0,41.0,52.0,nan,nan
2000/27/0,0:53:0,,27.1,40.8,52.0,nan,nan
2000/27/0,0:53:0,,26.7,40.5,51.7,nan,nan
2000/26/0,0:53:0,,26.8,41.3,52.1,nan,nan
2000/27/0,0:53:0,,27.0,41.4,52.3,nan,nan
2000/27/0,0:53:0,,27.0,41.0,52.0,nan,nan
2000/28/0,0:53:0,,27.8,41.8,51.3,nan,nan
2000/28/0,0:53:0,,27.1,41.1,52.0,nan,nan
2000/27/0,0:53:0,,27.0,41.0,52.3,nan,nan
2000/26/0,0:53:0,,26.9,41.0,53.0,nan,nan
2000/27/0,0:53:0,,26.7,41.0,53.3,nan,nan
2000/28/0,0:53:0,,27.0,41.9,53.6,nan,nan
2000/28/0,0:53:0,,27.0,41.0,52.8,nan,nan
2000/26/0,0:53:0,,26.4,40.0,51.0,nan,nan
2000/25/0,0:53:0,,26.3,39.9,50.0,nan,nan
2000/26/0,0:53:0,,26.0,39.4,50.0,nan,nan
2000/27/0,0:53:0,,26.3,40.0,50.7,nan,nan
2000/28/0,0:53:0,,26.6,40.6,51.3,nan,nan
2000/30/0,0:53:0,,28.6,42.2,53.3,nan,nan
2000/35/0,0:53:0,,31.5,45.0,55.6,nan,nan
2000/31/0,0:53:0,,30.3,42.8,53.8,nan,nan
2000/29/0,0:53:0,,27.7,41.3,52.6,nan,nan
2000/29/0,0:53:0,,27.0,42.0,52.0,nan,nan
2000/27/0,0:53:0,,27.0,40.6,51.9,nan,nan
2000/27/0,0:53:0,,26.7,40.3,51.0,nan,nan
2000/26/0,0:53:0,,26.7,40.8,50.4,nan,nan
2000/27/0,0:53:0,,26.1,40.1,49.7,nan,nan
2000/28/0,0:53:0,,26.9,40.5,51.0,nan,nan
2000/28/0,0:53:0,,27.0,40.0,51.0,nan,nan
2000/27/0,0:53:0,,27.0,40.4,52.7,nan,nan
2000/27/0,0:53:0,,26.1,40.5,51.2,nan,nan
2000/26/0,0:53:0,,26.0,40.0,50.1,nan,nan
2000/25/0,0:53:0,,26.0,40.0,50.2,nan,nan
2000/25/0,0:53:0,,26.0,40.0,50.6,nan,nan
2000/27/0,0:53:0,,26.2,39.7,49.6,nan,nan
2000/26/0,0:53:0,,26.5,40.3,49.8,nan,nan
2000/24/0,0:53:0,,26.0,40.5,50.3,nan,nan
2000/25/0,0:53:0,,26.0,40.4,49.8,nan,nan
2000/26/0,0:53:0,,26.0,41.0,51.2,nan,nan
2000/26/0,0:53:0,,26.0,41.0,52.8,nan,nan
2000/26/0,0:53:0,,26.0,40.7,53.3,nan,nan
2000/27/0,0:53:0,,26.7,40.6,52.5,nan,nan
2000/32/0,0:53:0,,27.6,40.7,52.3,nan,nan
2000/29/0,0:53:0,,28.1,41.0,52.5,nan,nan
2000/26/0,0:53:0,,26.9,39.9,51.2,nan,nan
2000/26/0,0:53:0,,26.0,39.4,50.0,nan,nan
2000/29/0,0:53:0,,26.2,40.6,51.2,nan,nan
2000/30/0,0:53:0,,27.4,41.3,52.5,nan,nan
2000/28/0,0:53:0,,27.5,40.5,51.6,nan,nan
2000/26/0,0:53:0,,26.7,40.0,50.3,nan,nan
2000/26/0,0:53:0,,27.0,40.0,50.0,nan,nan
2000/27/0,0:53:0,,27.0,40.3,51.4,nan,nan
2000/31/0,0:53:0,,27.3,41.2,52.8,nan,nan
2000/27/0,0:53:0,,27.4,41.4,52.7,nan,nan
2000/26/0,0:53:0,,26.5,39.8,51.0,nan,nan
2000/28/0,0:53:0,,26.4,39.0,51.0,nan,nan
2000/31/0,0:53:0,,27.4,40.5,52.1,nan,nan
2000/30/0,0:53:0,,28.0,41.6,52.5,nan,nan
2000/26/0,0:53:0,,27.1,40.3,51.1,nan,nan
2000/24/0,0:53:0,,26.0,39.6,50.3,nan,nan
2000/27/0,0:53:0,,26.4,39.5,50.5,nan,nan
2000/30/0,0:53:0,,27.5,40.8,51.9,nan,nan
2000/30/0,0:53:0,,27.9,41.0,52.7,nan,nan
2000/28/0,0:53:0,,27.0,40.4,52.2,nan,nan
2000/27/0,0:53:0,,26.1,40.1,51.5,nan,nan
2000/27/0,0:53:0,,26.6,39.8,49.8,nan,nan
2000/29/0,0:53:0,,26.8,40.2,50.5,nan,nan
2000/26/0,0:53:0,,26.7,40.7,51.1,nan,nan
2000/26/0,0:53:0,,26.4,40.7,51.3,nan,nan
2000/26/0,0:53:0,,26.2,40.7,52.7,nan,nan
2000/27/0,0:53:0,,26.3,40.3,52.7,nan,nan
2000/27/0,0:53:0,,26.7,40.4,51.4,nan,nan
2000/26/0,0:53:0,,26.5,40.2,50.8,nan,nan
2000/26/0,0:53:0,,26.6,40.0,50.7,nan,nan
2000/26/0,0:53:0,,26.0,40.8,51.2,nan,nan
2000/27/0,0:53:0,,26.8,41.3,50.9,nan,nan
2000/28/0,0:53:0,,27.0,41.0,52.0,nan,nan
2000/28/0,0:53:0,,27.0,41.0,52.1,nan,nan
2000/27/0,0:53:0,,26.8,41.0,51.1,nan,nan
2000/27/0,0:53:0,,26.6,40.9,51.0,nan,nan
2000/27/0,0:53:0,,26.9,41.0,51.6,nan,nan
2000/26/0,0:53:0,,26.5,40.0,51.5,nan,nan
2000/25/0,0:53:0,,26.1,40.0,50.0,nan,nan
2000/26/0,0:53:0,,26.4,40.3,51.2,nan,nan
2000/25/0,0:53:0,,26.7,40.3,51.4,nan,nan
2000/28/0,0:53:0,,26.7,41.3,52.7,nan,nan
2000/26/0,0:53:0,,26.8,42.0,53.7,nan,nan
2000/27/0,0:53:0,,26.3,42.0,53.6,nan,nan
2000/27/0,0:53:0,,26.6,41.0,53.0,nan,nan
2000/27/0,0:53:0,,27.0,41.4,52.8,nan,nan
2000/28/0,0:53:0,,27.0,42.0,51.9,nan,nan
2000/27/0,0:53:0,,27.0,41.4,52.0,nan,nan
2000/27/0,0:53:0,,27.0,41.0,51.3,nan,nan
2000/27/0,0:53:0,,27.1,40.8,51.6,nan,nan
2000/26/0,0:53:0,,26.1,39.5,50.5,nan,nan
2000/27/0,0:53:0,,25.9,39.4,50.0,nan,nan
2000/27/0,0:53:0,,26.8,40.0,50.4,nan,nan
2000/27/0,0:53:0,,26.7,39.5,49.9,nan,nan
2000/30/0,0:53:0,,27.0,40.0,50.6,nan,nan
2000/30/0,0:53:0,,27.5,40.0,51.2,nan,nan
2000/27/0,0:53:0,,26.4,40.0,50.1,nan,nan
2000/27/0,0:53:0,,27.0,39.7,50.7,nan,nan
2000/27/0,0:53:0,,27.0,39.8,50.4,nan,nan
2000/25/0,0:53:0,,26.1,39.0,49.0,nan,nan
2000/26/0,0:53:0,,26.0,40.0,49.7,nan,nan
2000/25/0,0:53:0,,26.0,40.0,50.7,nan,nan
2000/25/0,0:53:0,,26.0,40.5,51.7,nan,nan
2000/26/0,0:53:0,,26.0,39.6,50.8,nan,nan
2000/27/0,0:53:0,,26.1,39.8,50.7,nan,nan
2000/26/0,0:53:0,,26.7,39.1,51.0,nan,nan
2000/25/0,0:53:0,,26.0,39.2,51.0,nan,nan
2000/24/0,0:53:0,,26.0,38.5,50.2,nan,nan
2000/26/0,0:53:0,,26.0,39.2,51.5,nan,nan
2000/29/0,0:53:0,,26.9,40.1,51.7,nan,nan
2000/28/0,0:53:0,,27.0,41.0,51.4,nan,nan
2000/27/0,0:53:0,,27.0,40.0,50.0,nan,nan
2000/27/0,0:53:0,,27.0,40.1,50.3,nan,nan
2000/28/0,0:53:0,,27.0,40.5,52.0,nan,nan
2000/29/0,0:53:0,,27.0,41.1,52.9,nan,nan
2000/28/0,0:53:0,,27.0,40.7,51.0,nan,nan
2000/26/0,0:53:0,,26.6,40.0,50.3,nan,nan
2000/27/0,0:53:0,,26.2,40.0,50.6,nan,nan
2000/27/0,0:53:0,,27.0,39.1,50.7,nan,nan
2000/27/0,0:53:0,,27.0,39.8,51.0,nan,nan
2000/27/0,0:53:0,,27.0,39.9,51.0,nan,nan
2000/26/0,0:53:0,,26.6,39.9,50.5,nan,nan
2000/26/0,0:53:0,,26.0,39.5,49.0,nan,nan
2000/25/0,0:53:0,,25.7,39.2,49.0,nan,nan
2000/25/0,0:53:0,,25.9,39.0,48.9,nan,nan
2000/35/0,0:53:0,,29.2,41.9,52.3,nan,nan
2000/37/0,0:53:0,,37.5,50.2,58.1,nan,nan
2000/30/0,0:53:0,,33.6,46.5,56.2,nan,nan
2000/30/0,0:53:0,,32.5,46.2,56.4,nan,nan
2000/37/0,0:53:0,,33.9,46.7,56.3,nan,nan
2000/32/0,0:53:0,,34.9,47.5,57.2,nan,nan
2000/33/0,0:53:0,,30.2,42.6,54.2,nan,nan
2000/35/0,0:53:0,,30.4,42.1,53.9,nan,nan
2000/32/0,0:53:0,,29.7,41.0,52.4,nan,nan
2000/30/0,0:53:0,,30.8,42.2,53.7,nan,nan
2000/32/0,0:53:0,,30.2,42.1,52.7,nan,nan
2000/29/0,0:53:0,,27.4,40.4,52.0,nan,nan
2000/27/0,0:53:0,,26.2,40.0,51.7,nan,nan
2000/26/0,0:53:0,,26.5,39.9,50.2,nan,nan
2000/28/0,0:53:0,,26.3,39.2,50.4,nan,nan
2000/29/0,0:53:0,,27.0,40.0,51.7,nan,nan
2000/28/0,0:53:0,,26.8,40.0,51.0,nan,nan
2000/26/0,0:53:0,,26.6,39.6,50.6,nan,nan
2000/25/0,0:53:0,,26.0,39.3,49.3,nan,nan
2000/31/0,0:53:0,,26.9,40.0,51.3,nan,nan
2000/30/0,0:53:0,,29.6,42.1,52.7,nan,nan
2000/33/0,0:53:0,,31.1,43.9,53.8,nan,nan
2000/28/0,0:53:0,,27.9,41.2,52.4,nan,nan
2000/28/0,0:53:0,,26.6,40.0,52.2,nan,nan
2000/33/0,0:53:0,,27.7,40.8,53.1,nan,nan
2000/31/0,0:53:0,,31.1,42.8,54.9,nan,nan
2000/34/0,0:53:0,,31.6,42.7,54.5,nan,nan
2000/30/0,0:53:0,,28.6,41.0,53.3,nan,nan
2000/30/0,0:53:0,,28.0,40.0,53.0,nan,nan
2000/34/0,0:53:0,,31.2,42.6,54.8,nan,nan
2000/33/0,0:53:0,,34.3,46.0,56.1,nan,nan
2000/34/0,0:53:0,,33.5,45.3,54.7,nan,nan
2000/39/0,0:53:0,,36.4,47.7,56.0,nan,nan
2000/45/0,0:53:0,,39.5,50.6,58.5,nan,nan
2000/53/0,0:53:0,,46.8,58.3,62.6,nan,nan
2000/54/0,0:53:0,,52.4,64.5,69.3,nan,nan
2000/46/0,0:53:0,,49.0,60.9,66.9,nan,nan
2000/41/0,0:53:0,,42.9,54.4,60.1,nan,nan
2000/44/0,0:53:0,,43.9,54.9,60.5,nan,nan
2000/53/0,0:53:0,,47.3,58.1,62.5,nan,nan
2000/54/0,0:53:0,,53.7,64.7,69.6,nan,nan
2000/52/0,0:53:0,,54.9,66.4,70.2,nan,nan
2000/47/0,0:53:0,,49.2,61.2,63.5,nan,nan
2000/46/0,0:53:0,,46.5,58.1,61.0,nan,nan
2000/52/0,0:53:0,,47.9,59.9,62.7,nan,nan
2000/51/0,0:53:0,,52.1,64.3,66.8,nan,nan
2000/55/0,0:53:0,,53.5,65.7,67.5,nan,nan
2000/47/0,0:53:0,,49.0,60.2,62.1,nan,nan
2000/43/0,0:53:0,,44.8,55.4,59.3,nan,nan
2000/49/0,0:53:0,,46.1,56.8,60.2,nan,nan
2000/54/0,0:53:0,,52.7,63.2,66.2,nan,nan
2000/54/0,0:53:0,,56.6,67.4,70.8,nan,nan
2000/50/0,0:53:0,,52.2,63.0,67.4,nan,nan
2000/42/0,0:53:0,,45.6,59.1,62.7,nan,nan
2000/46/0,0:53:0,,44.0,57.5,60.8,nan,nan
2000/52/0,0:53:0,,50.7,63.2,65.0,nan,nan
2000/55/0,0:53:0,,55.8,67.7,69.7,nan,nan
2000/50/0,0:53:0,,52.5,65.4,67.6,nan,nan
2000/45/0,0:53:0,,44.3,57.3,62.5,nan,nan
2000/43/0,0:53:0,,42.1,54.7,59.5,nan,nan
2000/54/0,0:53:0,,48.6,61.6,64.5,nan,nan
2000/52/0,0:53:0,,53.9,66.9,69.8,nan,nan
2000/53/0,0:53:0,,53.0,66.0,68.8,nan,nan
2000/40/0,0:53:0,,46.3,58.7,62.9,nan,nan
2000/40/0,0:53:0,,40.7,52.9,58.8,nan,nan
2000/52/0,0:53:0,,46.7,59.7,63.1,nan,nan
2000/52/0,0:53:0,,52.7,66.6,68.4,nan,nan
2000/50/0,0:53:0,,52.2,65.3,68.1,nan,nan
2000/45/0,0:53:0,,44.8,56.9,60.9,nan,nan
2000/41/0,0:53:0,,41.5,53.2,59.3,nan,nan
2000/52/0,0:53:0,,46.4,57.9,62.7,nan,nan
2000/50/0,0:53:0,,52.7,64.4,68.5,nan,nan
2000/50/0,0:53:0,,51.0,63.3,67.0,nan,nan
2000/41/0,0:53:0,,46.1,57.6,62.0,nan,nan
2000/43/0,0:53:0,,42.1,54.3,58.8,nan,nan
2000/51/0,0:53:0,,47.4,58.6,61.2,nan,nan
2000/50/0,0:53:0,,52.2,62.9,66.7,nan,nan
2000/48/0,0:53:0,,50.7,61.8,64.8,nan,nan
2000/45/0,0:53:0,,44.6,56.4,60.4,nan,nan
2000/45/0,0:53:0,,41.1,52.3,59.2,nan,nan
2000/47/0,0:53:0,,44.1,55.4,60.4,nan,nan
2000/50/0,0:53:0,,51.5,62.3,66.9,nan,nan
2000/51/0,0:53:0,,51.7,64.3,69.5,nan,nan
2000/41/0,0:53:0,,45.7,58.5,64.2,nan,nan
2000/42/0,0:53:0,,43.1,55.7,61.1,nan,nan
2000/53/0,0:53:0,,46.9,58.4,62.8,nan,nan
2000/53/0,0:53:0,,54.0,66.1,69.3,nan,nan
2000/54/0,0:53:0,,53.1,64.3,68.6,nan,nan
2000/47/0,0:53:0,,48.7,60.8,64.5,nan,nan
2000/47/0,0:53:0,,46.2,57.6,61.8,nan,nan
2000/53/0,0:53:0,,48.6,61.4,65.4,nan,nan
2000/51/0,0:53:0,,52.6,64.5,70.1,nan,nan
2000/55/0,0:53:0,,52.4,64.9,70.2,nan,nan
2000/46/0,0:53:0,,49.4,61.9,67.2,nan,nan
2000/46/0,0:53:0,,45.6,57.0,62.1,nan,nan
2000/54/0,0:53:0,,48.6,60.3,65.3,nan,nan
2000/52/0,0:53:0,,53.5,65.3,70.3,nan,nan
2000/53/0,0:53:0,,53.0,65.6,69.9,nan,nan
2000/43/0,0:53:0,,47.0,59.8,63.1,nan,nan
2000/41/0,0:53:0,,43.1,54.7,60.1,nan,nan
2000/52/0,0:53:0,,47.0,57.5,61.5,nan,nan
2000/51/0,0:53:0,,52.9,63.0,67.3,nan,nan
2000/55/0,0:53:0,,52.9,64.0,68.4,nan,nan
2000/49/0,0:53:0,,50.6,62.3,66.1,nan,nan
2000/49/0,0:53:0,,47.4,58.8,62.0,nan,nan
2000/52/0,0:53:0,,51.1,61.9,65.4,nan,nan
2000/53/0,0:53:0,,55.6,65.4,69.6,nan,nan
2000/54/0,0:53:0,,54.4,64.6,68.2,nan,nan
2000/43/0,0:53:0,,46.7,58.2,62.3,nan,nan
2000/46/0,0:53:0,,45.1,56.3,60.1,nan,nan
2000/54/0,0:53:0,,48.9,58.6,61.9,nan,nan
2000/52/0,0:53:0,,53.7,64.2,67.6,nan,nan
2000/50/0,0:53:0,,54.1,65.0,68.5,nan,nan
2000/47/0,0:53:0,,49.1,60.1,64.8,nan,nan
2000/46/0,0:53:0,,46.5,57.5,62.9,nan,nan
2000/55/0,0:53:0,,49.2,60.9,65.8,nan,nan
2000/51/0,0:53:0,,53.4,66.2,70.1,nan,nan
2000/48/0,0:53:0,,51.6,63.8,66.1,nan,nan
2000/45/0,0:53:0,,46.2,57.0,61.0,nan,nan
2000/47/0,0:53:0,,45.5,56.1,60.3,nan,nan
2000/50/0,0:53:0,,50.8,61.4,65.3,nan,nan
2000/50/0,0:53:0,,53.7,64.9,69.2,nan,nan
2000/50/0,0:53:0,,50.5,61.9,66.3,nan,nan
2000/43/0,0:53:0,,46.7,57.0,61.9,nan,nan
2000/46/0,0:53:0,,44.7,54.8,60.1,nan,nan
2000/54/0,0:53:0,,49.2,59.0,62.5,nan,nan
2000/53/0,0:53:0,,51.6,62.5,65.5,nan,nan
2000/45/0,0:53:0,,48.6,59.6,62.3,nan,nan
2000/45/0,0:53:0,,42.9,53.2,58.1,nan,nan
2000/47/0,0:53:0,,43.6,54.6,58.9,nan,nan
2000/51/0,0:53:0,,51.1,62.9,64.5,nan,nan
2000/50/0,0:53:0,,53.4,65.3,68.0,nan,nan
2000/49/0,0:53:0,,49.8,61.3,65.5,nan,nan
2000/45/0,0:53:0,,46.5,57.9,62.1,nan,nan
2000/51/0,0:53:0,,47.6,58.5,63.1,nan,nan
2000/55/0,0:53:0,,53.4,63.6,67.7,nan,nan
2000/54/0,0:53:0,,56.6,67.7,72.4,nan,nan
2000/52/0,0:53:0,,52.1,64.1,68.3,nan,nan
2000/45/0,0:53:0,,48.3,60.1,63.0,nan,nan
2000/52/0,0:53:0,,47.4,59.7,62.6,nan,nan
2000/54/0,0:53:0,,53.4,66.8,68.4,nan,nan
2000/53/0,0:53:0,,56.1,70.2,71.9,nan,nan
2000/49/0,0:53:0,,51.3,64.5,66.4,nan,nan
2000/45/0,0:53:0,,46.5,58.6,61.5,nan,nan
2000/52/0,0:53:0,,47.6,60.7,63.1,nan,nan
2000/53/0,0:53:0,,53.3,66.1,68.3,nan,nan
2000/55/0,0:53:0,,53.6,65.9,69.1,nan,nan
2000/50/0,0:53:0,,50.0,62.0,64.7,nan,nan
2000/45/0,0:53:0,,47.2,59.1,62.1,nan,nan
2000/45/0,0:53:0,,45.1,57.5,61.3,nan,nan
2000/54/0,0:53:0,,48.6,61.0,64.0,nan,nan
2000/50/0,0:53:0,,53.3,66.0,68.9,nan,nan
2000/51/0,0:53:0,,50.6,63.5,67.3,nan,nan
2000/44/0,0:53:0,,47.8,59.3,63.5,nan,nan
2000/47/0,0:53:0,,44.8,57.0,61.2,nan,nan
2000/50/0,0:53:0,,50.3,62.5,65.2,nan,nan
2000/52/0,0:53:0,,54.1,66.1,68.6,nan,nan
2000/46/0,0:53:0,,50.6,61.9,65.8,nan,nan
2000/41/0,0:53:0,,43.8,54.5,59.0,nan,nan
2000/46/0,0:53:0,,43.9,55.7,60.1,nan,nan
2000/50/0,0:53:0,,50.3,61.6,65.2,nan,nan
2000/52/0,0:53:0,,53.8,65.6,70.5,nan,nan
2000/49/0,0:53:0,,51.7,64.0,69.5,nan,nan
2000/44/0,0:53:0,,43.6,54.9,60.8,nan,nan
2000/45/0,0:53:0,,42.6,52.5,58.9,nan,nan
2000/55/0,0:53:0,,50.1,61.1,64.0,nan,nan
2000/50/0,0:53:0,,53.8,65.7,68.7,nan,nan
2000/45/0,0:53:0,,49.0,60.1,64.0,nan,nan
2000/45/0,0:53:0,,43.1,53.5,59.7,nan,nan
2000/44/0,0:53:0,,42.2,52.0,59.2,nan,nan
2000/50/0,0:53:0,,49.5,59.5,65.5,nan,nan
2000/55/0,0:53:0,,55.5,66.1,71.9,nan,nan
2000/51/0,0:53:0,,53.2,63.8,69.6,nan,nan
2000/44/0,0:53:0,,46.0,56.4,62.0,nan,nan
2000/48/0,0:53:0,,45.6,57.7,61.6,nan,nan
2000/51/0,0:53:0,,51.1,62.6,66.2,nan,nan
2000/54/0,0:53:0,,55.1,66.6,70.3,nan,nan
2000/51/0,0:53:0,,53.4,65.3,68.6,nan,nan
2000/48/0,0:53:0,,48.3,59.3,63.1,nan,nan
2000/49/0,0:53:0,,47.5,57.7,61.4,nan,nan
2000/53/0,0:53:0,,52.0,61.9,64.3,nan,nan
2000/58/0,0:53:0,,57.5,68.0,70.3,nan,nan
2000/55/0,0:53:0,,55.3,66.6,70.5,nan,nan
2000/47/0,0:53:0,,48.8,59.9,65.3,nan,nan
2000/46/0,0:53:0,,46.5,58.4,62.8,nan,nan
2000/52/0,0:53:0,,48.5,60.1,63.6,nan,nan
2000/50/0,0:53:0,,51.8,63.2,66.6,nan,nan
2000/53/0,0:53:0,,54.2,64.8,68.8,nan,nan
2000/52/0,0:53:0,,53.2,62.9,66.2,nan,nan
2000/51/0,0:53:0,,49.2,59.2,62.3,nan,nan
2000/54/0,0:53:0,,50.4,59.9,64.0,nan,nan
2000/55/0,0:53:0,,54.2,64.6,68.2,nan,nan
2000/52/0,0:53:0,,56.8,67.0,69.8,nan,nan
2000/46/0,0:53:0,,49.7,60.3,63.6,nan,nan
2000/42/0,0:53:0,,44.8,55.2,61.0,nan,nan
2000/47/0,0:53:0,,45.7,55.6,61.3,nan,nan
2000/52/0,0:53:0,,50.8,60.4,64.9,nan,nan
2000/54/0,0:53:0,,55.6,64.9,68.6,nan,nan
2000/55/0,0:53:0,,54.3,64.8,67.8,nan,nan
2000/44/0,0:53:0,,47.5,58.6,62.3,nan,nan
2000/52/0,0:53:0,,47.5,57.3,62.4,nan,nan
2000/51/0,0:53:0,,52.2,62.6,66.9,nan,nan
2000/54/0,0:53:0,,54.7,65.4,69.5,nan,nan
2000/50/0,0:53:0,,54.3,64.6,69.8,nan,nan
2000/45/0,0:53:0,,49.2,59.0,64.6,nan,nan
2000/51/0,0:53:0,,47.3,56.6,61.3,nan,nan
2000/51/0,0:53:0,,51.9,62.0,64.3,nan,nan
2000/53/0,0:53:0,,54.3,65.6,67.9,nan,nan
2000/52/0,0:53:0,,54.9,65.4,68.0,nan,nan
2000/49/0,0:53:0,,51.6,61.7,64.8,nan,nan
2000/45/0,0:53:0,,45.6,56.3,60.8,nan,nan
2000/50/0,0:53:0,,47.2,58.5,61.9,nan,nan
2000/54/0,0:53:0,,49.9,61.0,64.2,nan,nan
2000/52/0,0:53:0,,50.7,62.2,65.6,nan,nan
2000/45/0,0:53:0,,47.3,58.3,62.0,nan,nan
2000/47/0,0:53:0,,45.6,56.5,60.2,nan,nan
2000/49/0,0:53:0,,48.3,59.5,61.6,nan,nan
2000/54/0,0:53:0,,49.7,61.0,63.8,nan,nan
2000/54/0,0:53:0,,52.0,63.6,66.8,nan,nan
2000/49/0,0:53:0,,49.9,61.0,64.8,nan,nan
2000/46/0,0:53:0,,47.0,57.1,61.6,nan,nan
2000/48/0,0:53:0,,47.3,55.8,61.0,nan,nan
2000/49/0,0:53:0,,47.1,56.3,61.7,nan,nan
2000/55/0,0:53:0,,51.0,61.0,66.0,nan,nan
2000/55/0,0:53:0,,52.9,63.9,68.2,nan,nan
2000/48/0,0:53:0,,50.2,62.1,66.6,nan,nan
2000/46/0,0:53:0,,46.4,57.3,61.4,nan,nan
2000/46/0,0:53:0,,46.1,56.4,60.8,nan,nan
2000/54/0,0:53:0,,49.4,60.1,64.1,nan,nan
2000/50/0,0:53:0,,53.5,63.9,67.5,nan,nan
2000/48/0,0:53:0,,50.4,60.4,63.4,nan,nan
2000/42/0,0:53:0,,45.4,55.0,59.6,nan,nan
2000/41/0,0:53:0,,42.8,52.6,58.3,nan,nan
2000/50/0,0:53:0,,46.6,56.8,60.5,nan,nan
2000/51/0,0:53:0,,52.0,62.5,64.9,nan,nan
2000/51/0,0:53:0,,52.5,62.4,65.0,nan,nan
2000/44/0,0:53:0,,46.1,55.9,59.7,nan,nan
2000/42/0,0:53:0,,44.3,54.4,59.3,nan,nan
2000/49/0,0:53:0,,45.4,55.5,59.8,nan,nan
2000/53/0,0:53:0,,52.4,62.3,64.9,nan,nan
2000/54/0,0:53:0,,54.0,64.0,66.4,nan,nan
2000/42/0,0:53:0,,47.5,57.6,61.3,nan,nan
2000/40/0,0:53:0,,41.4,50.9,57.8,nan,nan
2000/49/0,0:53:0,,45.5,55.6,60.1,nan,nan
2000/51/0,0:53:0,,51.1,61.2,63.6,nan,nan
2000/50/0,0:53:0,,51.4,60.8,62.4,nan,nan
2000/44/0,0:53:0,,44.3,54.3,59.6,nan,nan
2000/45/0,0:53:0,,40.6,51.1,58.0,nan,nan
2000/47/0,0:53:0,,44.0,54.1,59.5,nan,nan
2000/52/0,0:53:0,,49.4,59.5,61.9,nan,nan
2000/47/0,0:53:0,,49.0,58.7,61.9,nan,nan
2000/40/0,0:53:0,,41.5,50.4,57.5,nan,nan
2000/37/0,0:53:0,,36.7,45.7,54.4,nan,nan
2000/43/0,0:53:0,,40.6,49.2,56.3,nan,nan
2000/53/0,0:53:0,,48.5,56.5,60.7,nan,nan
2000/46/0,0:53:0,,49.0,57.9,60.8,nan,nan
2000/42/0,0:53:0,,42.6,52.2,57.7,nan,nan
2000/36/0,0:53:0,,36.4,45.9,54.3,nan,nan
2000/44/0,0:53:0,,40.1,49.5,55.8,nan,nan
2000/53/0,0:53:0,,49.1,58.1,60.8,nan,nan
2000/50/0,0:53:0,,50.5,60.2,62.1,nan,nan
2000/45/0,0:53:0,,44.5,54.3,59.5,nan,nan
2000/42/0,0:53:0,,39.9,49.7,56.4,nan,nan
2000/47/0,0:53:0,,42.6,51.6,57.8,nan,nan
2000/55/0,0:53:0,,50.0,59.0,62.6,nan,nan
2000/50/0,0:53:0,,51.0,60.9,64.7,nan,nan
2000/40/0,0:53:0,,45.6,55.4,60.1,nan,nan
2000/41/0,0:53:0,,39.3,48.5,56.5,nan,nan
2000/44/0,0:53:0,,41.5,50.1,56.8,nan,nan
2000/55/0,0:53:0,,49.5,58.4,61.0,nan,nan
2000/52/0,0:53:0,,51.5,60.9,62.7,nan,nan
2000/43/0,0:53:0,,47.2,56.0,59.9,nan,nan
2000/44/0,0:53:0,,42.0,51.1,57.0,nan,nan
2000/42/0,0:53:0,,41.5,49.9,57.1,nan,nan
2000/50/0,0:53:0,,47.2,56.2,60.6,nan,nan
2000/49/0,0:53:0,,49.3,58.3,61.6,nan,nan
2000/42/0,0:53:0,,46.2,54.4,59.4,nan,nan
2000/40/0,0:53:0,,42.1,51.0,57.2,nan,nan
2000/45/0,0:53:0,,43.4,51.7,57.5,nan,nan
2000/54/0,0:53:0,,49.1,57.2,60.0,nan,nan
2000/53/0,0:53:0,,51.7,60.1,61.0,nan,nan
2000/42/0,0:53:0,,47.3,54.9,59.1,nan,nan
2000/41/0,0:53:0,,40.5,48.4,56.3,nan,nan
2000/40/0,0:53:0,,40.1,48.4,55.7,nan,nan
2000/51/0,0:53:0,,46.5,54.4,59.4,nan,nan
2000/48/0,0:53:0,,48.9,58.6,61.4,nan,nan
2000/45/0,0:53:0,,44.6,53.0,58.7,nan,nan
2000/41/0,0:53:0,,38.9,48.3,55.4,nan,nan
2000/42/0,0:53:0,,40.6,49.9,56.2,nan,nan
2000/50/0,0:53:0,,47.1,55.5,59.7,nan,nan
2000/50/0,0:53:0,,49.8,57.6,60.9,nan,nan
2000/42/0,0:53:0,,44.2,51.0,57.3,nan,nan
2000/42/0,0:53:0,,39.1,45.6,54.5,nan,nan
2000/42/0,0:53:0,,40.9,48.0,55.9,nan,nan
2000/52/0,0:53:0,,47.8,55.0,59.6,nan,nan
2000/47/0,0:53:0,,49.4,56.2,60.3,nan,nan
2000/42/0,0:53:0,,43.1,49.5,56.7,nan,nan
2000/41/0,0:53:0,,38.7,45.7,54.8,nan,nan
2000/45/0,0:53:0,,42.2,50.0,57.0,nan,nan
2000/51/0,0:53:0,,48.5,56.8,60.4,nan,nan
2000/49/0,0:53:0,,49.4,58.1,60.9,nan,nan
2000/42/0,0:53:0,,45.8,54.1,59.2,nan,nan
2000/41/0,0:53:0,,42.7,51.1,57.9,nan,nan
2000/47/0,0:53:0,,45.1,53.9,59.1,nan,nan
2000/50/0,0:53:0,,48.0,57.3,60.9,nan,nan
2000/45/0,0:53:0,,47.6,56.3,60.5,nan,nan
2000/41/0,0:53:0,,43.9,51.3,57.9,nan,nan
2000/44/0,0:53:0,,44.1,52.2,58.2,nan,nan
2000/51/0,0:53:0,,47.2,54.8,59.8,nan,nan
2000/53/0,0:53:0,,50.4,58.0,61.4,nan,nan
2000/49/0,0:53:0,,49.8,56.9,61.1,nan,nan
2000/44/0,0:53:0,,46.1,53.3,59.4,nan,nan
2000/45/0,0:53:0,,44.9,53.0,58.7,nan,nan
2000/49/0,0:53:0,,46.7,55.6,59.9,nan,nan
2000/52/0,0:53:0,,49.3,59.0,61.7,nan,nan
2000/48/0,0:53:0,,49.7,58.7,61.6,nan,nan
2000/44/0,0:53:0,,43.7,51.5,58.0,nan,nan
2000/45/0,0:53:0,,40.8,48.1,56.3,nan,nan
2000/41/0,0:53:0,,42.1,48.8,56.8,nan,nan
2000/46/0,0:53:0,,44.6,51.5,58.9,nan,nan
2000/42/0,0:53:0,,44.6,52.2,59.3,nan,nan
2000/44/0,0:53:0,,42.5,50.1,57.8,nan,nan
2000/45/0,0:53:0,,41.4,49.5,56.5,nan,nan
2000/44/0,0:53:0,,43.0,51.8,57.8,nan,nan
2000/51/0,0:53:0,,47.3,55.6,60.1,nan,nan
2000/48/0,0:53:0,,48.9,55.8,60.5,nan,nan
2000/45/0,0:53:0,,44.3,50.6,57.7,nan,nan
2000/42/0,0:53:0,,39.8,46.5,55.0,nan,nan
2000/44/0,0:53:0,,42.1,49.1,56.6,nan,nan
2000/51/0,0:53:0,,47.7,55.3,59.9,nan,nan
2000/46/0,0:53:0,,48.9,56.2,60.4,nan,nan
2000/40/0,0:53:0,,43.1,50.6,57.2,nan,nan
2000/40/0,0:53:0,,42.0,49.2,56.4,nan,nan
2000/45/0,0:53:0,,43.5,50.8,57.3,nan,nan
2000/49/0,0:53:0,,47.6,54.7,59.7,nan,nan
2000/44/0,0:53:0,,47.5,55.0,60.6,nan,nan
2000/43/0,0:53:0,,42.0,49.6,57.7,nan,nan
2000/45/0,0:53:0,,41.4,48.1,56.0,nan,nan
2000/44/0,0:53:0,,43.4,50.4,56.7,nan,nan
2000/49/0,0:53:0,,47.3,54.3,59.1,nan,nan
2000/45/0,0:53:0,,47.5,55.0,59.4,nan,nan
2000/43/0,0:53:0,,42.9,50.1,56.9,nan,nan
2000/43/0,0:53:0,,39.7,47.4,55.0,nan,nan
2000/48/0,0:53:0,,43.5,51.2,56.9,nan,nan
2000/53/0,0:53:0,,49.5,57.8,60.5,nan,nan
2000/50/0,0:53:0,,50.5,59.7,61.9,nan,nan
2000/45/0,0:53:0,,45.1,53.3,59.1,nan,nan
2000/38/0,0:53:0,,38.3,46.6,55.1,nan,nan
2000/45/0,0:53:0,,39.5,46.9,54.8,nan,nan
2000/46/0,0:53:0,,44.5,51.1,57.7,nan,nan
2000/43/0,0:53:0,,45.7,52.4,58.1,nan,nan
2000/45/0,0:53:0,,42.3,49.0,56.1,nan,nan
2000/40/0,0:53:0,,42.0,49.2,55.6,nan,nan
2000/48/0,0:53:0,,44.8,53.0,58.1,nan,nan
2000/55/0,0:53:0,,50.4,58.9,61.7,nan,nan
2000/54/0,0:53:0,,51.2,59.7,62.3,nan,nan
2000/50/0,0:53:0,,50.8,58.1,61.7,nan,nan
2000/49/0,0:53:0,,47.6,54.8,60.3,nan,nan
2000/52/0,0:53:0,,49.5,56.8,61.5,nan,nan
2000/50/0,0:53:0,,51.6,59.3,63.9,nan,nan
2000/54/0,0:53:0,,52.8,59.9,63.6,nan,nan
2000/49/0,0:53:0,,49.8,56.9,60.7,nan,nan
2000/46/0,0:53:0,,46.1,53.9,58.8,nan,nan
2000/46/0,0:53:0,,46.2,53.7,59.1,nan,nan
2000/43/0,0:53:0,,44.8,52.4,58.3,nan,nan
2000/48/0,0:53:0,,45.8,53.3,58.2,nan,nan
2000/48/0,0:53:0,,47.3,54.3,59.5,nan,nan
2000/45/0,0:53:0,,47.3,54.1,59.3,nan,nan
2000/46/0,0:53:0,,46.3,53.1,59.0,nan,nan
2000/42/0,0:53:0,,45.2,51.8,57.8,nan,nan
2000/45/0,0:53:0,,44.0,51.0,57.2,nan,nan
2000/49/0,0:53:0,,47.3,54.4,59.0,nan,nan
2000/50/0,0:53:0,,48.5,54.8,59.6,nan,nan
2000/43/0,0:53:0,,47.4,54.6,59.2,nan,nan
2000/41/0,0:53:0,,43.4,50.9,57.1,nan,nan
2000/43/0,0:53:0,,43.4,51.4,57.3,nan,nan
2000/48/0,0:53:0,,46.1,53.7,58.4,nan,nan
2000/51/0,0:53:0,,48.8,55.9,59.6,nan,nan
2000/43/0,0:53:0,,48.0,55.8,59.7,nan,nan
2000/42/0,0:53:0,,40.2,47.6,54.8,nan,nan
2000/41/0,0:53:0,,41.3,47.7,55.0,nan,nan
2000/51/0,0:53:0,,47.2,53.7,58.5,nan,nan
2000/51/0,0:53:0,,50.0,56.5,60.2,nan,nan
2000/47/0,0:53:0,,49.3,55.8,60.6,nan,nan
2000/45/0,0:53:0,,43.7,50.0,57.2,nan,nan
2000/41/0,0:53:0,,42.0,48.2,56.9,nan,nan
2000/50/0,0:53:0,,45.7,52.3,58.8,nan,nan
2000/53/0,0:53:0,,51.3,59.5,62.1,nan,nan
2000/47/0,0:53:0,,49.2,57.4,60.7,nan,nan
2000/45/0,0:53:0,,43.8,51.3,57.5,nan,nan
2000/45/0,0:53:0,,40.8,48.0,56.2,nan,nan
2000/48/0,0:53:0,,44.7,52.1,57.9,nan,nan
2000/52/0,0:53:0,,49.5,57.2,60.7,nan,nan
2000/50/0,0:53:0,,49.9,58.5,61.0,nan,nan
2000/45/0,0:53:0,,45.3,52.8,58.7,nan,nan
2000/37/0,0:53:0,,38.2,46.7,55.3,nan,nan
2000/45/0,0:53:0,,38.3,46.5,54.4,nan,nan
2000/50/0,0:53:0,,46.2,53.7,59.0,nan,nan
2000/53/0,0:53:0,,50.0,56.8,60.5,nan,nan
2000/46/0,0:53:0,,49.6,55.6,60.3,nan,nan
2000/41/0,0:53:0,,41.4,47.8,55.7,nan,nan
2000/40/0,0:53:0,,39.7,46.8,54.7,nan,nan
2000/51/0,0:53:0,,46.7,54.0,59.4,nan,nan
2000/51/0,0:53:0,,50.3,57.7,61.7,nan,nan
2000/41/0,0:53:0,,46.5,53.5,59.6,nan,nan
2000/38/0,0:53:0,,38.7,45.1,54.2,nan,nan
2000/41/0,0:53:0,,36.9,43.5,53.6,nan,nan
2000/47/0,0:53:0,,43.3,49.6,58.3,nan,nan
2000/51/0,0:53:0,,49.0,55.3,60.6,nan,nan
2000/40/0,0:53:0,,46.5,53.9,59.3,nan,nan
2000/35/0,0:53:0,,37.4,44.5,53.6,nan,nan
2000/42/0,0:53:0,,36.8,43.4,53.7,nan,nan
2000/46/0,0:53:0,,42.9,50.2,57.3,nan,nan
2000/51/0,0:53:0,,49.1,57.1,60.5,nan,nan
2000/44/0,0:53:0,,47.3,54.8,59.7,nan,nan
2000/40/0,0:53:0,,41.0,48.7,56.3,nan,nan
2000/41/0,0:53:0,,37.8,45.6,54.3,nan,nan
2000/48/0,0:53:0,,43.3,50.8,57.1,nan,nan
2000/55/0,0:53:0,,50.5,57.9,60.9,nan,nan
2000/43/0,0:53:0,,48.5,55.8,60.1,nan,nan
2000/35/0,0:53:0,,39.0,46.4,54.5,nan,nan
2000/37/0,0:53:0,,34.6,42.0,51.7,nan,nan
2000/42/0,0:53:0,,40.2,46.8,55.2,nan,nan
2000/49/0,0:53:0,,47.2,53.7,59.5,nan,nan
2000/45/0,0:53:0,,47.6,54.6,59.7,nan,nan
2000/38/0,0:53:0,,41.2,47.6,55.5,nan,nan
2000/36/0,0:53:0,,35.4,41.1,50.9,nan,nan
2000/41/0,0:53:0,,39.2,45.4,53.7,nan,nan
2000/51/0,0:53:0,,47.2,54.3,59.0,nan,nan
2000/44/0,0:53:0,,47.0,55.0,59.8,nan,nan
2000/36/0,0:53:0,,39.6,47.2,55.6,nan,nan
2000/34/0,0:53:0,,33.7,41.3,51.6,nan,nan
2000/43/0,0:53:0,,36.4,44.1,53.4,nan,nan
2000/50/0,0:53:0,,45.7,53.9,59.2,nan,nan
2000/48/0,0:53:0,,48.7,56.4,60.2,nan,nan
2000/39/0,0:53:0,,42.1,49.5,56.2,nan,nan
2000/36/0,0:53:0,,36.5,43.7,52.3,nan,nan
2000/42/0,0:53:0,,37.5,44.7,53.3,nan,nan
2000/48/0,0:53:0,,43.9,50.7,57.3,nan,nan
2000/50/0,0:53:0,,48.7,56.2,60.4,nan,nan
2000/41/0,0:53:0,,46.0,52.6,58.6,nan,nan
2000/39/0,0:53:0,,39.2,46.2,54.4,nan,nan
2000/43/0,0:53:0,,38.2,45.1,53.5,nan,nan
2000/50/0,0:53:0,,45.3,51.6,58.2,nan,nan
2000/52/0,0:53:0,,50.5,56.8,61.7,nan,nan
2000/46/0,0:53:0,,48.8,55.7,60.5,nan,nan
2000/39/0,0:53:0,,41.3,47.5,56.2,nan,nan
2000/39/0,0:53:0,,36.5,43.5,53.1,nan,nan
2000/46/0,0:53:0,,42.2,49.2,56.3,nan,nan
2000/51/0,0:53:0,,49.2,56.3,60.3,nan,nan
2000/44/0,0:53:0,,47.8,55.8,59.6,nan,nan
2000/42/0,0:53:0,,41.5,49.2,55.5,nan,nan
2000/43/0,0:53:0,,39.7,46.4,54.1,nan,nan
2000/47/0,0:53:0,,44.0,50.9,57.3,nan,nan
2000/51/0,0:53:0,,49.2,56.6,60.6,nan,nan
2000/47/0,0:53:0,,48.5,56.1,59.9,nan,nan
2000/42/0,0:53:0,,42.5,49.6,56.2,nan,nan
2000/41/0,0:53:0,,39.1,45.6,54.1,nan,nan
2000/46/0,0:53:0,,42.3,48.7,55.6,nan,nan
2000/54/0,0:53:0,,50.1,57.0,60.0,nan,nan
2000/48/0,0:53:0,,50.1,57.2,60.3,nan,nan
2000/44/0,0:53:0,,43.6,51.0,56.9,nan,nan
2000/43/0,0:53:0,,40.0,47.5,54.7,nan,nan
2000/46/0,0:53:0,,44.0,50.6,56.5,nan,nan
2000/51/0,0:53:0,,48.3,54.9,59.6,nan,nan
2000/48/0,0:53:0,,49.0,55.4,60.1,nan,nan
2000/45/0,0:53:0,,44.6,51.5,58.3,nan,nan
2000/40/0,0:53:0,,40.5,47.9,56.2,nan,nan
2000/47/0,0:53:0,,44.6,52.4,59.1,nan,nan
2000/52/0,0:53:0,,49.2,56.3,61.3,nan,nan
2000/45/0,0:53:0,,48.5,56.3,60.2,nan,nan
2000/43/0,0:53:0,,43.1,50.3,56.8,nan,nan
2000/39/0,0:53:0,,37.8,44.9,53.6,nan,nan
2000/43/0,0:53:0,,41.4,48.5,55.2,nan,nan
2000/47/0,0:53:0,,46.1,53.1,57.7,nan,nan
2000/48/0,0:53:0,,47.7,54.1,58.9,nan,nan
2000/45/0,0:53:0,,43.7,50.9,57.1,nan,nan
2000/43/0,0:53:0,,42.6,49.0,56.2,nan,nan
2000/46/0,0:53:0,,45.2,51.2,57.8,nan,nan
2000/50/0,0:53:0,,48.2,54.5,59.5,nan,nan
2000/45/0,0:53:0,,46.7,53.1,59.0,nan,nan
2000/40/0,0:53:0,,44.0,50.5,56.7,nan,nan
2000/45/0,0:53:0,,41.4,47.9,55.4,nan,nan
2000/48/0,0:53:0,,45.0,50.6,58.0,nan,nan
2000/46/0,0:53:0,,47.7,52.9,59.4,nan,nan
2000/44/0,0:53:0,,45.8,52.1,58.4,nan,nan
2000/42/0,0:53:0,,43.7,49.1,56.4,nan,nan
2000/43/0,0:53:0,,44.1,50.8,56.9,nan,nan
2000/47/0,0:53:0,,45.4,52.0,58.0,nan,nan
2000/48/0,0:53:0,,48.3,53.8,59.3,nan,nan
2000/48/0,0:53:0,,48.0,54.6,59.2,nan,nan
2000/42/0,0:53:0,,44.9,51.1,57.7,nan,nan
2000/42/0,0:53:0,,44.0,50.0,56.0,nan,nan
2000/44/0,0:53:0,,45.3,50.0,56.6,nan,nan
2000/44/0,0:53:0,,44.3,49.0,56.0,nan,nan
2000/47/0,0:53:0,,45.9,50.7,57.9,nan,nan
2000/45/0,0:53:0,,46.7,51.9,58.8,nan,nan
2000/42/0,0:53:0,,43.9,50.1,57.1,nan,nan
2000/46/0,0:53:0,,44.9,51.7,58.5,nan,nan
2000/48/0,0:53:0,,47.0,52.8,58.7,nan,nan
2000/44/0,0:53:0,,46.5,51.6,57.7,nan,nan
2000/43/0,0:53:0,,42.5,48.4,55.5,nan,nan
2000/44/0,0:53:0,,40.8,46.8,54.8,nan,nan
2000/44/0,0:53:0,,40.3,46.3,54.8,nan,nan
2000/44/0,0:53:0,,43.6,50.3,56.8,nan,nan
2000/47/0,0:53:0,,46.3,53.9,58.4,nan,nan
2000/43/0,0:53:0,,45.5,52.6,57.9,nan,nan
2000/45/0,0:53:0,,44.2,50.5,57.0,nan,nan
2000/45/0,0:53:0,,45.3,51.5,57.0,nan,nan
2000/47/0,0:53:0,,45.9,51.7,57.4,nan,nan
2000/52/0,0:53:0,,48.1,54.6,58.9,nan,nan
2000/47/0,0:53:0,,49.3,55.9,59.8,nan,nan
2000/43/0,0:53:0,,45.3,51.1,57.6,nan,nan
2000/43/0,0:53:0,,43.1,49.3,56.7,nan,nan
2000/52/0,0:53:0,,47.7,54.2,59.1,nan,nan
2000/54/0,0:53:0,,51.2,58.1,60.9,nan,nan
2000/48/0,0:53:0,,49.1,56.4,59.8,nan,nan
2000/46/0,0:53:0,,47.0,53.3,58.6,nan,nan
2000/48/0,0:53:0,,46.6,52.3,58.1,nan,nan
2000/53/0,0:53:0,,49.7,55.2,58.7,nan,nan
2000/50/0,0:53:0,,50.2,55.4,59.0,nan,nan
2000/44/0,0:53:0,,47.1,52.9,57.8,nan,nan
2000/43/0,0:53:0,,41.6,47.8,55.2,nan,nan
2000/43/0,0:53:0,,42.2,48.9,55.9,nan,nan
2000/51/0,0:53:0,,48.0,54.1,58.8,nan,nan
2000/50/0,0:53:0,,49.9,56.0,59.5,nan,nan
2000/43/0,0:53:0,,46.8,54.0,58.5,nan,nan
2000/42/0,0:53:0,,41.7,48.9,55.8,nan,nan
2000/41/0,0:53:0,,40.4,46.9,54.4,nan,nan
2000/51/0,0:53:0,,46.8,53.3,58.5,nan,nan
2000/48/0,0:53:0,,48.7,55.8,59.4,nan,nan
2000/46/0,0:53:0,,47.8,55.0,58.9,nan,nan
2000/45/0,0:53:0,,43.8,50.1,55.9,nan,nan
2000/42/0,0:53:0,,42.4,49.1,55.7,nan,nan
2000/48/0,0:53:0,,46.6,54.0,59.1,nan,nan
2000/48/0,0:53:0,,48.0,55.2,60.4,nan,nan
2000/43/0,0:53:0,,45.8,53.4,58.8,nan,nan
2000/45/0,0:53:0,,42.4,50.5,57.1,nan,nan
2000/44/0,0:53:0,,43.6,50.2,57.0,nan,nan
2000/46/0,0:53:0,,46.3,51.7,57.3,nan,nan
2000/44/0,0:53:0,,44.6,50.8,57.0,nan,nan
2000/45/0,0:53:0,,45.5,52.2,58.4,nan,nan
2000/44/0,0:53:0,,45.1,52.2,58.0,nan,nan
2000/42/0,0:53:0,,44.9,51.9,58.1,nan,nan
2000/43/0,0:53:0,,43.0,49.6,56.2,nan,nan
2000/46/0,0:53:0,,45.4,51.5,57.9,nan,nan
2000/49/0,0:53:0,,47.8,53.7,59.2,nan,nan
2000/49/0,0:53:0,,49.2,54.9,60.3,nan,nan
2000/47/0,0:53:0,,46.6,53.4,59.1,nan,nan
2000/48/0,0:53:0,,47.2,54.0,59.0,nan,nan
2000/50/0,0:53:0,,47.9,54.8,59.3,nan,nan
2000/48/0,0:53:0,,47.8,54.3,58.8,nan,nan
2000/47/0,0:53:0,,47.9,53.3,58.9,nan,nan
2000/43/0,0:53:0,,45.6,52.8,58.1,nan,nan
2000/43/0,0:53:0,,43.7,51.3,57.0,nan,nan
2000/45/0,0:53:0,,45.4,52.2,57.2,nan,nan
2000/47/0,0:53:0,,46.4,52.9,57.6,nan,nan
2000/47/0,0:53:0,,47.3,54.2,58.3,nan,nan
2000/42/0,0:53:0,,45.3,52.3,58.3,nan,nan
2000/43/0,0:53:0,,43.6,50.0,57.0,nan,nan
2000/44/0,0:53:0,,44.2,49.6,56.5,nan,nan
2000/48/0,0:53:0,,46.8,52.1,58.5,nan,nan
2000/50/0,0:53:0,,48.3,54.2,58.8,nan,nan
2000/47/0,0:53:0,,48.3,54.4,58.9,nan,nan
2000/42/0,0:53:0,,44.8,51.1,56.7,nan,nan
2000/41/0,0:53:0,,43.5,49.2,55.8,nan,nan
2000/40/0,0:53:0,,42.5,48.7,56.3,nan,nan
2000/45/0,0:53:0,,43.2,50.0,56.9,nan,nan
2000/45/0,0:53:0,,46.0,53.2,58.7,nan,nan
2000/41/0,0:53:0,,43.9,51.1,57.3,nan,nan
2000/42/0,0:53:0,,42.1,48.8,55.6,nan,nan
2000/48/0,0:53:0,,46.3,52.1,57.8,nan,nan
2000/51/0,0:53:0,,48.6,54.0,59.6,nan,nan
2000/50/0,0:53:0,,51.0,56.3,59.6,nan,nan
2000/54/0,0:53:0,,53.0,59.2,60.8,nan,nan
2000/47/0,0:53:0,,48.9,54.7,58.6,nan,nan
2000/40/0,0:53:0,,44.4,51.2,56.6,nan,nan
2000/45/0,0:53:0,,42.8,49.6,56.4,nan,nan
2000/48/0,0:53:0,,47.3,53.9,59.2,nan,nan
2000/45/0,0:53:0,,47.7,53.4,59.0,nan,nan
2000/43/0,0:53:0,,42.9,48.5,55.8,nan,nan
2000/44/0,0:53:0,,39.7,45.3,53.4,nan,nan
2000/46/0,0:53:0,,43.4,49.2,56.4,nan,nan
2000/53/0,0:53:0,,49.1,55.1,59.9,nan,nan
2000/50/0,0:53:0,,50.4,56.7,59.8,nan,nan
2000/44/0,0:53:0,,44.2,51.5,56.9,nan,nan
2000/40/0,0:53:0,,38.9,45.2,53.7,nan,nan
2000/40/0,0:53:0,,40.1,46.1,54.3,nan,nan
2000/51/0,0:53:0,,46.6,51.9,58.1,nan,nan
2000/49/0,0:53:0,,49.5,54.7,59.3,nan,nan
2000/41/0,0:53:0,,42.8,47.5,55.1,nan,nan
2000/37/0,0:53:0,,36.8,41.8,50.7,nan,nan
2000/44/0,0:53:0,,38.3,43.8,52.2,nan,nan
2000/49/0,0:53:0,,45.3,52.3,57.2,nan,nan
2000/51/0,0:53:0,,49.9,57.5,60.3,nan,nan
2000/44/0,0:53:0,,45.5,52.1,58.5,nan,nan
2000/38/0,0:53:0,,38.2,45.2,53.9,nan,nan
2000/45/0,0:53:0,,39.4,46.8,54.1,nan,nan
2000/51/0,0:53:0,,45.9,52.8,57.7,nan,nan
2000/52/0,0:53:0,,51.0,57.1,60.6,nan,nan
2000/41/0,0:53:0,,46.3,52.0,57.6,nan,nan
2000/38/0,0:53:0,,39.2,44.2,52.2,nan,nan
2000/40/0,0:53:0,,37.8,42.8,51.5,nan,nan
2000/47/0,0:53:0,,42.7,48.2,55.3,nan,nan
2000/51/0,0:53:0,,49.0,55.5,59.2,nan,nan
2000/45/0,0:53:0,,45.6,52.7,57.6,nan,nan
2000/32/0,0:53:0,,36.6,43.4,52.2,nan,nan
2000/35/0,0:53:0,,33.2,40.5,50.1,nan,nan
2000/42/0,0:53:0,,39.2,45.8,53.8,nan,nan
2000/50/0,0:53:0,,47.5,54.3,59.3,nan,nan
2000/43/0,0:53:0,,47.1,53.4,59.2,nan,nan
2000/34/0,0:53:0,,39.1,46.3,54.3,nan,nan
2000/35/0,0:53:0,,33.2,40.7,50.9,nan,nan
2000/40/0,0:53:0,,38.5,44.9,54.1,nan,nan
2000/50/0,0:53:0,,47.0,52.5,59.3,nan,nan
2000/44/0,0:53:0,,47.1,53.2,59.3,nan,nan
2000/37/0,0:53:0,,40.3,46.5,55.5,nan,nan
2000/38/0,0:53:0,,35.8,42.6,52.5,nan,nan
2000/40/0,0:53:0,,39.3,46.4,54.7,nan,nan
2000/51/0,0:53:0,,46.3,52.6,58.6,nan,nan
2000/48/0,0:53:0,,48.7,56.0,60.4,nan,nan
2000/39/0,0:53:0,,42.8,50.1,56.7,nan,nan
2000/31/0,0:53:0,,33.0,40.6,49.8,nan,nan
2000/42/0,0:53:0,,35.9,43.1,51.5,nan,nan
2000/47/0,0:53:0,,43.7,50.4,56.8,nan,nan
2000/49/0,0:53:0,,49.0,56.5,60.0,nan,nan
2000/45/0,0:53:0,,45.1,52.3,57.6,nan,nan
2000/33/0,0:53:0,,36.6,43.0,51.7,nan,nan
2000/38/0,0:53:0,,34.5,40.9,49.7,nan,nan
2000/45/0,0:53:0,,41.5,47.5,54.4,nan,nan
2000/50/0,0:53:0,,48.5,54.8,59.4,nan,nan
2000/45/0,0:53:0,,45.9,53.0,58.6,nan,nan
2000/35/0,0:53:0,,35.2,42.8,51.8,nan,nan
2000/32/0,0:53:0,,30.9,39.8,49.8,nan,nan
2000/42/0,0:53:0,,38.3,44.6,54.1,nan,nan
2000/50/0,0:53:0,,47.0,53.1,59.0,nan,nan
2000/42/0,0:53:0,,47.0,53.2,59.7,nan,nan
2000/37/0,0:53:0,,39.6,44.9,55.0,nan,nan
2000/35/0,0:53:0,,34.5,40.5,50.9,nan,nan
2000/41/0,0:53:0,,39.3,46.1,54.2,nan,nan
2000/50/0,0:53:0,,46.7,53.5,58.2,nan,nan
2000/46/0,0:53:0,,48.2,54.4,59.6,nan,nan
2000/39/0,0:53:0,,41.2,47.3,55.3,nan,nan
2000/32/0,0:53:0,,33.8,40.1,50.4,nan,nan
2000/42/0,0:53:0,,38.5,43.4,53.7,nan,nan
2000/51/0,0:53:0,,47.7,52.5,59.6,nan,nan
2000/46/0,0:53:0,,48.9,54.3,60.3,nan,nan
2000/39/0,0:53:0,,41.4,48.2,56.8,nan,nan
2000/38/0,0:53:0,,36.2,43.4,52.7,nan,nan
2000/43/0,0:53:0,,40.1,46.5,54.7,nan,nan
2000/52/0,0:53:0,,48.4,54.6,60.0,nan,nan
2000/47/0,0:53:0,,49.5,55.5,60.6,nan,nan
2000/42/0,0:53:0,,43.1,48.4,56.1,nan,nan
2000/36/0,0:53:0,,36.4,41.7,51.1,nan,nan
2000/42/0,0:53:0,,39.4,44.4,53.7,nan,nan
2000/51/0,0:53:0,,47.8,53.6,58.7,nan,nan
2000/48/0,0:53:0,,49.2,55.4,59.9,nan,nan
2000/41/0,0:53:0,,44.6,51.2,58.1,nan,nan
2000/45/0,0:53:0,,42.0,48.2,55.9,nan,nan
2000/42/0,0:53:0,,42.2,48.0,55.6,nan,nan
2000/48/0,0:53:0,,46.5,52.1,57.5,nan,nan
2000/53/0,0:53:0,,49.9,55.1,58.7,nan,nan
2000/51/0,0:53:0,,50.1,55.2,58.8,nan,nan
2000/47/0,0:53:0,,48.0,53.3,57.9,nan,nan
2000/45/0,0:53:0,,46.6,51.8,57.8,nan,nan
2000/47/0,0:53:0,,45.9,53.0,58.2,nan,nan
2000/50/0,0:53:0,,48.3,55.1,59.3,nan,nan
2000/48/0,0:53:0,,48.0,54.7,59.0,nan,nan
2000/44/0,0:53:0,,46.7,52.6,59.2,nan,nan
2000/46/0,0:53:0,,44.6,50.7,57.1,nan,nan
2000/52/0,0:53:0,,49.0,54.7,59.3,nan,nan
2000/54/0,0:53:0,,52.0,57.8,61.2,nan,nan
2000/49/0,0:53:0,,49.2,55.7,60.2,nan,nan
2000/42/0,0:53:0,,46.5,52.8,58.7,nan,nan
2000/41/0,0:53:0,,43.3,50.0,57.3,nan,nan
2000/42/0,0:53:0,,43.4,50.1,57.4,nan,nan
2000/45/0,0:53:0,,44.8,51.8,58.1,nan,nan
2000/46/0,0:53:0,,45.8,51.7,58.0,nan,nan
2000/44/0,0:53:0,,45.5,51.4,57.5,nan,nan
2000/42/0,0:53:0,,43.5,48.6,56.4,nan,nan
2000/42/0,0:53:0,,44.0,49.0,56.6,nan,nan
2000/49/0,0:53:0,,45.9,50.5,57.3,nan,nan
2000/47/0,0:53:0,,48.5,52.9,59.5,nan,nan
2000/41/0,0:53:0,,44.8,50.6,58.0,nan,nan
2000/42/0,0:53:0,,42.9,48.6,57.0,nan,nan
2000/46/0,0:53:0,,45.1,51.0,58.3,nan,nan
2000/48/0,0:53:0,,46.8,53.0,58.8,nan,nan
2000/49/0,0:53:0,,48.4,53.3,59.0,nan,nan
2000/49/0,0:53:0,,49.0,53.6,59.0,nan,nan
2000/48/0,0:53:0,,47.6,52.0,58.1,nan,nan
2000/49/0,0:53:0,,48.3,52.5,58.7,nan,nan
2000/47/0,0:53:0,,47.2,52.0,57.5,nan,nan
2000/48/0,0:53:0,,47.6,52.6,58.1,nan,nan
2000/52/0,0:53:0,,48.6,54.9,59.3,nan,nan
2000/50/0,0:53:0,,49.5,56.0,60.5,nan,nan
2000/46/0,0:53:0,,47.7,54.0,59.9,nan,nan
2000/43/0,0:53:0,,45.3,52.2,58.1,nan,nan
2000/42/0,0:53:0,,44.5,51.6,57.7,nan,nan
2000/45/0,0:53:0,,44.0,49.9,56.5,nan,nan
2000/54/0,0:53:0,,49.2,53.9,59.1,nan,nan
2000/48/0,0:53:0,,49.5,54.9,60.2,nan,nan
2000/41/0,0:53:0,,44.7,51.2,58.0,nan,nan
2000/45/0,0:53:0,,42.0,48.9,56.7,nan,nan
2000/43/0,0:53:0,,43.2,49.4,56.7,nan,nan
2000/47/0,0:53:0,,46.3,53.4,58.9,nan,nan
2000/42/0,0:53:0,,45.7,52.4,58.2,nan,nan
2000/38/0,0:53:0,,40.0,46.6,55.3,nan,nan
2000/37/0,0:53:0,,36.1,42.1,52.2,nan,nan
2000/42/0,0:53:0,,39.8,45.9,54.9,nan,nan
2000/51/0,0:53:0,,47.2,53.6,59.4,nan,nan
2000/49/0,0:53:0,,49.2,55.8,60.7,nan,nan
2000/45/0,0:53:0,,47.5,53.2,58.9,nan,nan
2000/43/0,0:53:0,,42.3,47.9,55.7,nan,nan
2000/44/0,0:53:0,,42.5,49.6,57.1,nan,nan
2000/53/0,0:53:0,,48.7,55.6,60.0,nan,nan
2000/49/0,0:53:0,,50.6,56.1,60.1,nan,nan
2000/43/0,0:53:0,,46.3,51.2,57.6,nan,nan
2000/43/0,0:53:0,,41.2,45.7,54.7,nan,nan
2000/46/0,0:53:0,,43.2,49.1,56.1,nan,nan
2000/51/0,0:53:0,,48.4,53.9,59.2,nan,nan
2000/47/0,0:53:0,,48.5,55.4,59.7,nan,nan
2000/45/0,0:53:0,,43.5,50.5,56.9,nan,nan
2000/44/0,0:53:0,,40.7,47.4,55.0,nan,nan
2000/46/0,0:53:0,,43.7,48.6,56.6,nan,nan
2000/49/0,0:53:0,,48.3,52.6,59.2,nan,nan
2000/45/0,0:53:0,,47.7,52.3,58.3,nan,nan
2000/41/0,0:53:0,,43.7,49.2,56.0,nan,nan
2000/43/0,0:53:0,,41.2,48.2,56.0,nan,nan
2000/42/0,0:53:0,,41.3,47.9,56.0,nan,nan
2000/49/0,0:53:0,,46.2,53.0,58.9,nan,nan
2000/52/0,0:53:0,,49.8,57.1,61.2,nan,nan
2000/46/0,0:53:0,,47.7,54.8,60.2,nan,nan
2000/43/0,0:53:0,,44.7,52.5,58.6,nan,nan
2000/44/0,0:53:0,,44.5,51.7,57.4,nan,nan
2000/49/0,0:53:0,,46.8,52.9,58.0,nan,nan
2000/51/0,0:53:0,,49.5,55.9,59.6,nan,nan
2000/44/0,0:53:0,,46.9,53.5,58.5,nan,nan
2000/43/0,0:53:0,,44.4,50.0,56.3,nan,nan
2000/44/0,0:53:0,,43.8,49.5,56.2,nan,nan
2000/49/0,0:53:0,,47.5,53.0,58.5,nan,nan
2000/48/0,0:53:0,,48.7,54.8,59.9,nan,nan
2000/42/0,0:53:0,,44.9,51.6,57.7,nan,nan
2000/43/0,0:53:0,,44.0,50.4,57.2,nan,nan
2000/44/0,0:53:0,,45.1,50.5,57.3,nan,nan
2000/48/0,0:53:0,,45.4,50.7,57.3,nan,nan
2000/47/0,0:53:0,,47.0,53.3,58.3,nan,nan
2000/46/0,0:53:0,,46.8,52.3,57.5,nan,nan
2000/45/0,0:53:0,,43.1,49.0,56.2,nan,nan
2000/41/0,0:53:0,,41.4,47.1,56.2,nan,nan
2000/48/0,0:53:0,,44.5,49.8,57.3,nan,nan
2000/53/0,0:53:0,,50.1,55.9,60.6,nan,nan
2000/46/0,0:53:0,,48.2,53.6,58.8,nan,nan
2000/42/0,0:53:0,,45.0,50.5,57.4,nan,nan
2000/43/0,0:53:0,,44.1,50.5,56.7,nan,nan
2000/49/0,0:53:0,,46.1,52.3,57.9,nan,nan
2000/52/0,0:53:0,,49.7,56.3,60.6,nan,nan
2000/45/0,0:53:0,,48.0,54.1,59.4,nan,nan
2000/43/0,0:53:0,,42.5,48.7,56.0,nan,nan
2000/44/0,0:53:0,,39.8,46.5,54.6,nan,nan
2000/43/0,0:53:0,,42.7,49.5,56.8,nan,nan
2000/52/0,0:53:0,,48.1,53.9,59.5,nan,nan
2000/44/0,0:53:0,,47.1,52.1,58.5,nan,nan
2000/40/0,0:53:0,,41.8,46.7,54.9,nan,nan
2000/45/0,0:53:0,,38.4,43.7,53.6,nan,nan
2000/52/0,0:53:0,,46.3,51.8,58.7,nan,nan
2000/51/0,0:53:0,,52.7,58.8,61.7,nan,nan
2000/46/0,0:53:0,,50.0,56.4,60.1,nan,nan
2000/43/0,0:53:0,,42.6,49.6,56.2,nan,nan
2000/43/0,0:53:0,,41.6,47.9,55.0,nan,nan
2000/53/0,0:53:0,,47.5,53.6,58.4,nan,nan
2000/55/0,0:53:0,,52.1,57.8,61.4,nan,nan
2000/48/0,0:53:0,,50.5,55.9,60.8,nan,nan
2000/45/0,0:53:0,,43.9,49.0,56.4,nan,nan
2000/43/0,0:53:0,,40.2,45.3,54.0,nan,nan
2000/50/0,0:53:0,,44.8,50.4,56.8,nan,nan
2000/55/0,0:53:0,,51.4,57.5,61.1,nan,nan
2000/47/0,0:53:0,,49.6,56.1,60.4,nan,nan
2000/40/0,0:53:0,,43.9,50.5,57.0,nan,nan
2000/45/0,0:53:0,,42.0,47.9,55.0,nan,nan
2000/48/0,0:53:0,,44.9,50.2,56.7,nan,nan
2000/52/0,0:53:0,,49.5,55.1,60.4,nan,nan
2000/49/0,0:53:0,,49.6,56.7,60.8,nan,nan
2000/40/0,0:53:0,,44.8,52.2,57.9,nan,nan
2000/40/0,0:53:0,,41.1,47.5,55.6,nan,nan
2000/45/0,0:53:0,,44.0,50.3,57.1,nan,nan
2000/52/0,0:53:0,,48.5,54.9,59.7,nan,nan
2000/49/0,0:53:0,,50.0,56.3,60.1,nan,nan
2000/41/0,0:53:0,,46.0,52.1,56.8,nan,nan
2000/41/0,0:53:0,,42.1,48.1,55.2,nan,nan
2000/45/0,0:53:0,,44.4,50.5,56.7,nan,nan
2000/49/0,0:53:0,,47.6,53.2,58.6,nan,nan
2000/49/0,0:53:0,,48.7,54.9,59.9,nan,nan
2000/42/0,0:53:0,,45.9,52.7,57.9,nan,nan
2000/42/0,0:53:0,,40.8,46.2,54.2,nan,nan
2000/44/0,0:53:0,,42.1,46.7,54.4,nan,nan
2000/53/0,0:53:0,,48.6,54.3,59.1,nan,nan
2000/52/0,0:53:0,,51.4,56.9,60.5,nan,nan
2000/44/0,0:53:0,,47.2,54.0,58.6,nan,nan
2000/38/0,0:53:0,,40.3,47.1,54.9,nan,nan
2000/42/0,0:53:0,,37.4,44.3,53.4,nan,nan
2000/46/0,0:53:0,,43.4,50.2,57.6,nan,nan
2000/51/0,0:53:0,,49.1,56.1,61.4,nan,nan
2000/42/0,0:53:0,,47.1,54.3,60.1,nan,nan
2000/39/0,0:53:0,,40.0,46.5,55.2,nan,nan
2000/43/0,0:53:0,,38.6,44.8,53.8,nan,nan
2000/47/0,0:53:0,,43.6,49.6,56.8,nan,nan
2000/51/0,0:53:0,,50.8,56.2,61.0,nan,nan
2000/46/0,0:53:0,,50.4,55.7,60.7,nan,nan
2000/39/0,0:53:0,,41.1,47.1,55.5,nan,nan
2000/36/0,0:53:0,,35.8,41.3,51.3,nan,nan
2000/41/0,0:53:0,,39.3,45.3,54.3,nan,nan
2000/54/0,0:53:0,,48.3,55.4,59.9,nan,nan
2000/48/0,0:53:0,,49.8,57.5,61.8,nan,nan
2000/43/0,0:53:0,,44.1,50.5,58.1,nan,nan
2000/36/0,0:53:0,,36.7,43.1,53.5,nan,nan
2000/45/0,0:53:0,,38.3,45.6,54.3,nan,nan
2000/49/0,0:53:0,,46.1,53.7,59.1,nan,nan
2000/45/0,0:53:0,,47.4,54.8,61.0,nan,nan
2000/40/0,0:53:0,,41.9,48.3,57.6,nan,nan
2000/31/0,0:53:0,,34.4,41.5,52.5,nan,nan
2000/43/0,0:53:0,,35.4,41.7,51.6,nan,nan
2000/49/0,0:53:0,,44.9,51.0,57.3,nan,nan
2000/48/0,0:53:0,,48.9,55.7,59.9,nan,nan
2000/43/0,0:53:0,,44.8,51.4,57.1,nan,nan
2000/31/0,0:53:0,,34.6,42.0,50.7,nan,nan
2000/37/0,0:53:0,,34.1,41.5,50.3,nan,nan
2000/46/0,0:53:0,,41.8,49.0,55.6,nan,nan
2000/49/0,0:53:0,,48.2,55.1,60.2,nan,nan
2000/43/0,0:53:0,,46.3,53.0,59.3,nan,nan
2000/39/0,0:53:0,,40.3,47.5,54.9,nan,nan
2000/39/0,0:53:0,,36.2,42.6,52.4,nan,nan
2000/46/0,0:53:0,,42.3,49.6,56.5,nan,nan
2000/52/0,0:53:0,,49.2,57.4,60.0,nan,nan
2000/45/0,0:53:0,,48.4,56.5,60.3,nan,nan
2000/42/0,0:53:0,,41.8,50.0,57.0,nan,nan
2000/42/0,0:53:0,,39.5,47.0,55.3,nan,nan
2000/46/0,0:53:0,,42.7,50.6,57.6,nan,nan
2000/55/0,0:53:0,,50.0,58.4,60.7,nan,nan
2000/49/0,0:53:0,,51.6,58.4,60.9,nan,nan
2000/40/0,0:53:0,,42.4,49.2,55.9,nan,nan
2000/45/0,0:53:0,,39.5,45.9,54.3,nan,nan
2000/45/0,0:53:0,,42.9,49.7,57.3,nan,nan
2000/54/0,0:53:0,,48.8,54.9,59.8,nan,nan
2000/51/0,0:53:0,,51.5,57.9,61.9,nan,nan
2000/42/0,0:53:0,,43.4,49.1,56.8,nan,nan
2000/42/0,0:53:0,,39.1,44.5,53.3,nan,nan
2000/42/0,0:53:0,,41.8,48.0,55.5,nan,nan
2000/52/0,0:53:0,,47.4,54.1,59.5,nan,nan
2000/54/0,0:53:0,,51.7,58.3,61.9,nan,nan
2000/46/0,0:53:0,,48.9,55.7,60.7,nan,nan
2000/42/0,0:53:0,,42.0,49.3,56.7,nan,nan
2000/44/0,0:53:0,,42.0,49.7,57.4,nan,nan
2000/50/0,0:53:0,,46.8,54.7,60.4,nan,nan
2000/54/0,0:53:0,,50.8,59.2,61.9,nan,nan
2000/46/0,0:53:0,,49.4,57.7,61.3,nan,nan
2000/39/0,0:53:0,,41.4,48.4,56.8,nan,nan
2000/44/0,0:53:0,,38.4,45.2,54.5,nan,nan
2000/49/0,0:53:0,,44.9,51.6,57.8,nan,nan
2000/54/0,0:53:0,,51.2,57.4,61.0,nan,nan
2000/48/0,0:53:0,,50.1,55.8,60.2,nan,nan
2000/42/0,0:53:0,,45.0,50.2,57.4,nan,nan
2000/42/0,0:53:0,,42.5,48.5,56.1,nan,nan
2000/48/0,0:53:0,,46.5,52.4,58.2,nan,nan
2000/51/0,0:53:0,,48.6,55.5,59.9,nan,nan
2000/45/0,0:53:0,,47.5,54.4,59.1,nan,nan
2000/41/0,0:53:0,,44.0,51.1,57.0,nan,nan
2000/44/0,0:53:0,,41.4,47.8,55.7,nan,nan
2000/44/0,0:53:0,,43.0,49.3,55.6,nan,nan
2000/48/0,0:53:0,,46.7,53.4,58.7,nan,nan
2000/46/0,0:53:0,,47.0,54.1,59.0,nan,nan
2000/40/0,0:53:0,,44.1,50.9,56.5,nan,nan
2000/45/0,0:53:0,,41.5,48.3,55.0,nan,nan
2000/46/0,0:53:0,,44.1,50.7,56.6,nan,nan
2000/51/0,0:53:0,,47.8,54.5,59.0,nan,nan
2000/49/0,0:53:0,,48.6,55.4,59.5,nan,nan
2000/44/0,0:53:0,,46.4,52.3,57.4,nan,nan
2000/44/0,0:53:0,,44.7,51.2,56.2,nan,nan
2000/48/0,0:53:0,,45.7,52.6,57.4,nan,nan
2000/50/0,0:53:0,,48.5,55.4,59.6,nan,nan
2000/47/0,0:53:0,,48.6,55.9,60.5,nan,nan
2000/45/0,0:53:0,,46.3,52.2,58.5,nan,nan
2000/40/0,0:53:0,,42.7,48.8,56.5,nan,nan
2000/42/0,0:53:0,,43.7,49.7,56.6,nan,nan
2000/48/0,0:53:0,,45.3,50.5,57.1,nan,nan
2000/50/0,0:53:0,,48.8,54.7,60.5,nan,nan
2000/48/0,0:53:0,,48.1,54.0,60.6,nan,nan
2000/48/0,0:53:0,,47.4,52.8,59.7,nan,nan
2000/46/0,0:53:0,,46.9,53.2,59.4,nan,nan
2000/42/0,0:53:0,,44.5,52.0,58.1,nan,nan
2000/48/0,0:53:0,,45.9,54.2,59.4,nan,nan
2000/52/0,0:53:0,,48.8,55.7,61.0,nan,nan
2000/52/0,0:53:0,,50.4,56.9,61.0,nan,nan
2000/50/0,0:53:0,,49.9,56.6,61.1,nan,nan
2000/45/0,0:53:0,,46.7,54.2,59.6,nan,nan
2000/47/0,0:53:0,,45.6,52.0,58.5,nan,nan
2000/52/0,0:53:0,,48.3,54.0,59.6,nan,nan
2000/49/0,0:53:0,,49.1,54.9,59.9,nan,nan
2000/45/0,0:53:0,,46.7,53.0,58.1,nan,nan
2000/41/0,0:53:0,,44.2,50.1,56.5,nan,nan
2000/42/0,0:53:0,,43.0,48.7,56.4,nan,nan
2000/48/0,0:53:0,,45.3,51.6,57.8,nan,nan
2000/53/0,0:53:0,,49.6,56.8,60.6,nan,nan
2000/49/0,0:53:0,,49.9,56.0,60.4,nan,nan
2000/40/0,0:53:0,,43.9,49.3,56.4,nan,nan
2000/44/0,0:53:0,,43.1,49.2,56.5,nan,nan
2000/49/0,0:53:0,,46.2,52.9,58.8,nan,nan
2000/54/0,0:53:0,,50.4,57.4,61.1,nan,nan
2000/49/0,0:53:0,,50.5,57.0,60.7,nan,nan
2000/42/0,0:53:0,,45.6,52.2,58.6,nan,nan
2000/41/0,0:53:0,,42.5,49.6,56.4,nan,nan
2000/49/0,0:53:0,,45.6,52.7,58.1,nan,nan
2000/54/0,0:53:0,,50.7,57.6,60.9,nan,nan
2000/47/0,0:53:0,,49.1,56.3,60.3,nan,nan
2000/44/0,0:53:0,,45.2,52.3,57.9,nan,nan
2000/42/0,0:53:0,,44.2,50.9,56.8,nan,nan
2000/46/0,0:53:0,,44.3,51.0,56.7,nan,nan
2000/52/0,0:53:0,,48.4,55.2,59.7,nan,nan
2000/51/0,0:53:0,,51.0,57.6,61.3,nan,nan
2000/46/0,0:53:0,,47.6,54.6,59.8,nan,nan
2000/44/0,0:53:0,,43.9,51.5,58.3,nan,nan
2000/43/0,0:53:0,,40.0,47.1,56.3,nan,nan
2000/46/0,0:53:0,,43.3,50.1,57.3,nan,nan
2000/55/0,0:53:0,,49.9,57.4,61.1,nan,nan
2000/53/0,0:53:0,,52.2,59.8,62.3,nan,nan
2000/47/0,0:53:0,,49.2,57.8,61.1,nan,nan
2000/44/0,0:53:0,,44.7,52.2,57.6,nan,nan
2000/46/0,0:53:0,,45.6,52.7,58.0,nan,nan
2000/53/0,0:53:0,,48.3,54.5,59.5,nan,nan
2000/55/0,0:53:0,,52.1,58.1,61.4,nan,nan
2000/45/0,0:53:0,,48.7,54.8,59.5,nan,nan
2000/40/0,0:53:0,,41.1,47.4,55.0,nan,nan
2000/43/0,0:53:0,,38.4,45.2,53.0,nan,nan
2000/46/0,0:53:0,,43.9,50.4,56.3,nan,nan
2000/54/0,0:53:0,,49.9,56.7,60.7,nan,nan
2000/45/0,0:53:0,,48.6,55.8,61.2,nan,nan
2000/44/0,0:53:0,,43.0,50.0,57.6,nan,nan
2000/44/0,0:53:0,,40.5,46.9,55.5,nan,nan
2000/49/0,0:53:0,,45.0,51.9,58.1,nan,nan
2000/54/0,0:53:0,,51.1,58.7,61.7,nan,nan
2000/49/0,0:53:0,,50.3,56.9,60.3,nan,nan
2000/43/0,0:53:0,,42.9,49.0,55.9,nan,nan
2000/41/0,0:53:0,,41.1,47.0,55.3,nan,nan
2000/49/0,0:53:0,,45.1,53.0,58.8,nan,nan
2000/53/0,0:53:0,,50.8,58.3,61.3,nan,nan
2000/44/0,0:53:0,,48.1,55.8,59.9,nan,nan
2000/43/0,0:53:0,,41.6,48.6,56.0,nan,nan
2000/43/0,0:53:0,,38.9,45.9,54.4,nan,nan
2000/48/0,0:53:0,,43.6,51.0,56.8,nan,nan
2000/52/0,0:53:0,,49.4,56.1,60.2,nan,nan
2000/48/0,0:53:0,,49.7,55.5,59.8,nan,nan
2000/45/0,0:53:0,,44.3,50.3,56.3,nan,nan
2000/43/0,0:53:0,,40.7,45.9,53.8,nan,nan
2000/46/0,0:53:0,,43.1,49.4,56.0,nan,nan
2000/52/0,0:53:0,,49.7,56.6,60.4,nan,nan
2000/48/0,0:53:0,,49.5,56.2,60.6,nan,nan
2000/42/0,0:53:0,,42.9,50.3,57.9,nan,nan
2000/42/0,0:53:0,,38.5,46.5,55.9,nan,nan
2000/43/0,0:53:0,,42.1,50.0,57.4,nan,nan
2000/53/0,0:53:0,,48.5,56.3,60.1,nan,nan
2000/49/0,0:53:0,,50.2,57.4,60.9,nan,nan
2000/41/0,0:53:0,,45.1,51.7,57.7,nan,nan
2000/65/0,0:53:0,,51.2,66.0,72.9,nan,nan
2000/87/0,0:53:0,,78.2,115.8,133.0,nan,nan
2001/117/0,0:53:0,,106.5,177.4,210.8,nan,nan
2001/144/0,0:53:0,,139.7,261.0,310.6,nan,nan
2002/4/1,0:53:0,,164.0,324.1,391.1,nan,nan
2002/19/1,0:53:0,,180.9,369.0,446.5,nan,nan
2002/28/1,0:53:0,,193.1,419.4,515.5,nan,nan
2002/30/1,0:53:0,,199.7,450.3,557.0,nan,nan
2003/41/1,0:53:0,,206.7,496.3,617.9,nan,nan
2003/45/1,0:53:0,,214.6,537.9,684.1,nan,nan
2003/47/1,0:53:0,,217.0,571.0,733.3,nan,nan
2003/43/1,0:53:0,,216.8,618.2,813.2,nan,nan
2004/40/1,0:53:0,,213.5,676.1,924.0,nan,nan
2004/44/1,0:53:0,,212.5,709.8,962.4,nan,nan
2004/41/1,0:53:0,,208.8,739.0,1009.6,nan,nan
2004/40/1,0:53:0,,208.6,755.4,1044.7,nan,nan
2004/42/1,0:53:0,,210.4,722.4,979.4,nan,nan
2004/45/1,0:53:0,,215.4,701.5,932.4,nan,nan
2004/48/1,0:53:0,,216.1,697.9,933.9,nan,nan
2004/52/1,0:53:0,,219.5,699.2,944.2,nan,nan
2004/49/1,0:53:0,,220.0,693.1,927.6,nan,nan
2003/47/1,0:53:0,,217.9,682.4,904.1,nan,nan
2003/48/1,0:53:0,,217.4,674.5,888.1,nan,nan
2003/52/1,0:53:0,,219.0,665.7,869.5,nan,nan
2003/50/1,0:53:0,,219.1,656.6,847.6,nan,nan
2003/50/1,0:53:0,,219.1,649.0,837.5,nan,nan
2003/46/1,0:53:0,,216.8,641.0,829.5,nan,nan
2003/51/1,0:53:0,,218.3,625.2,812.4,nan,nan
2003/51/1,0:53:0,,218.7,618.7,798.8,nan,nan
2003/54/1,0:53:0,,221.6,616.4,787.4,nan,nan
2003/51/1,0:53:0,,222.8,608.9,773.7,nan,nan
2003/50/1,0:53:0,,223.6,593.9,764.2,nan,nan
2003/51/1,0:53:0,,220.7,577.0,746.3,nan,nan
2003/50/1,0:53:0,,220.0,566.2,733.3,nan,nan
2003/50/1,0:53:0,,219.5,554.3,707.0,nan,nan
2003/49/1,0:53:0,,220.6,543.6,683.6,nan,nan
2003/46/1,0:53:0,,218.1,540.1,678.0,nan,nan
2003/43/1,0:53:0,,215.8,528.1,662.7,nan,nan
2002/44/1,0:53:0,,216.7,516.5,640.7,nan,nan
2002/46/1,0:53:0,,216.0,506.9,625.3,nan,nan
2002/44/1,0:53:0,,214.1,496.1,611.5,nan,nan
2002/41/1,0:53:0,,211.5,484.7,593.7,nan,nan
2002/40/1,0:53:0,,209.5,477.7,585.1,nan,nan
2002/37/1,0:53:0,,208.0,468.4,574.0,nan,nan
2002/37/1,0:53:0,,206.9,462.2,566.6,nan,nan
2002/34/1,0:53:0,,206.0,454.2,563.6,nan,nan
2002/34/1,0:53:0,,202.6,448.9,554.1,nan,nan
2002/33/1,0:53:0,,200.3,443.3,544.1,nan,nan
2002/29/1,0:53:0,,199.1,427.6,526.9,nan,nan
2002/27/1,0:53:0,,197.1,417.0,514.7,nan,nan
2002/26/1,0:53:0,,196.9,410.3,507.5,nan,nan
2002/24/1,0:53:0,,195.1,402.8,488.5,nan,nan
2002/25/1,0:53:0,,191.8,392.9,471.3,nan,nan
2002/25/1,0:53:0,,190.2,388.3,459.2,nan,nan
2002/22/1,0:53:0,,189.7,381.9,451.0,nan,nan
2002/13/1,0:53:0,,185.0,373.5,441.8,nan,nan
2002/15/1,0:53:0,,181.5,366.0,432.4,nan,nan
2002/12/1,0:53:0,,179.2,355.8,421.3,nan,nan
2002/7/1,0:53:0,,176.5,346.5,410.4,nan,nan
2002/6/1,0:53:0,,176.4,344.9,406.7,nan,nan
2001/6/1,0:53:0,,174.0,338.8,403.7,nan,nan
2001/8/1,0:53:0,,174.9,332.1,394.8,nan,nan
2001/4/1,0:53:0,,174.3,327.4,383.0,nan,nan
2001/164/0,0:53:0,,171.0,320.7,370.2,nan,nan
2001/158/0,0:53:0,,166.6,311.6,360.5,nan,nan
2001/153/0,0:53:0,,162.9,303.7,353.7,nan,nan
2001/150/0,0:53:0,,160.5,297.7,348.0,nan,nan
2001/151/0,0:53:0,,157.6,289.3,341.3,nan,nan
2001/146/0,0:53:0,,154.9,278.0,333.3,nan,nan
2001/143/0,0:53:0,,150.1,269.0,321.7,nan,nan
2001/142/0,0:53:0,,146.5,263.8,314.9,nan,nan
2001/141/0,0:53:0,,144.9,258.9,308.9,nan,nan
2001/138/0,0:53:0,,143.9,254.6,305.4,nan,nan
2001/133/0,0:53:0,,142.2,249.1,298.4,nan,nan
2001/133/0,0:53:0,,138.2,242.6,287.4,nan,nan
2001/129/0,0:53:0,,134.7,238.4,280.6,nan,nan
2001/129/0,0:53:0,,133.0,238.1,278.1,nan,nan
2001/126/0,0:53:0,,133.6,233.6,270.2,nan,nan
2001/123/0,0:53:0,,130.8,226.8,264.7,nan,nan
2001/120/0,0:53:0,,128.8,221.9,261.9,nan,nan
2001/120/0,0:53:0,,124.5,216.6,257.9,nan,nan
2001/122/0,0:53:0,,124.3,212.9,253.9,nan,nan
2001/122/0,0:53:0,,124.4,209.2,248.1,nan,nan
2001/117/0,0:53:0,,123.7,202.9,237.7,nan,nan
2001/115/0,0:53:0,,118.8,195.6,224.9,nan,nan
2001/107/0,0:53:0,,112.3,189.8,219.1,nan,nan
2001/109/0,0:53:0,,111.4,186.7,216.7,nan,nan
2001/111/0,0:53:0,,113.0,184.5,217.2,nan,nan
2001/107/0,0:53:0,,112.1,182.0,216.8,nan,nan
2001/100/0,0:53:0,,108.3,179.0,210.8,nan,nan
2001/101/0,0:53:0,,103.4,173.6,202.0,nan,nan
2000/100/0,0:53:0,,101.8,168.1,197.6,nan,nan
2000/100/0,0:53:0,,102.6,166.5,193.1,nan,nan
2000/103/0,0:53:0,,103.0,165.1,189.7,nan,nan
2000/95/0,0:53:0,,101.6,160.3,185.2,nan,nan
2000/93/0,0:53:0,,97.5,154.9,178.0,nan,nan
2000/92/0,0:53:0,,98.2,154.5,179.6,nan,nan
2000/91/0,0:53:0,,96.1,150.6,177.7,nan,nan
2000/95/0,0:53:0,,96.1,148.5,173.9,nan,nan
2000/87/0,0:53:0,,92.2,145.0,167.2,nan,nan
2000/80/0,0:53:0,,87.2,138.2,157.0,nan,nan
2000/80/0,0:53:0,,84.7,133.9,152.3,nan,nan
2000/81/0,0:53:0,,85.5,133.8,152.0,nan,nan
2000/82/0,0:53:0,,86.2,130.6,149.0,nan,nan
2000/82/0,0:53:0,,86.5,130.1,148.2,nan,nan
2000/83/0,0:53:0,,83.9,126.3,144.9,nan,nan
2000/79/0,0:53:0,,81.4,123.5,141.5,nan,nan
2000/75/0,0:53:0,,79.7,121.4,137.8,nan,nan
2000/78/0,0:53:0,,78.8,119.4,136.5,nan,nan
2000/81/0,0:53:0,,80.7,121.1,138.0,nan,nan
2000/78/0,0:53:0,,81.2,119.2,137.7,nan,nan
2000/72/0,0:53:0,,77.1,114.2,132.6,nan,nan
2000/74/0,0:53:0,,74.2,109.7,126.1,nan,nan
2000/72/0,0:53:0,,72.0,106.7,121.7,nan,nan
2000/75/0,0:53:0,,73.0,107.2,122.0,nan,nan
2000/73/0,0:53:0,,75.6,108.6,123.3,nan,nan
2000/75/0,0:53:0,,75.0,106.5,119.8,nan,nan
2000/64/0,0:53:0,,70.2,100.2,112.4,nan,nan
2000/60/0,0:53:0,,63.6,92.1,102.2,nan,nan
2000/68/0,0:53:0,,66.9,94.7,105.5,nan,nan
2000/71/0,0:53:0,,70.7,98.6,110.2,nan,nan
2000/64/0,0:53:0,,68.4,95.2,104.2,nan,nan
2000/63/0,0:53:0,,63.6,89.2,98.4,nan,nan
2000/60/0,0:53:0,,59.3,85.2,93.0,nan,nan
2000/62/0,0:53:0,,62.4,86.8,93.8,nan,nan
2000/67/0,0:53:0,,66.6,91.2,98.8,nan,nan
2000/65/0,0:53:0,,66.1,90.7,100.0,nan,nan
2000/58/0,0:53:0,,60.6,84.0,94.3,nan,nan
2000/55/0,0:53:0,,56.0,78.8,89.9,nan,nan
2000/62/0,0:53:0,,58.4,80.8,92.9,nan,nan
2000/60/0,0:53:0,,62.7,83.7,94.8,nan,nan
2000/63/0,0:53:0,,63.2,83.7,94.1,nan,nan
2000/54/0,0:53:0,,58.1,79.0,88.5,nan,nan
2000/55/0,0:53:0,,53.0,74.4,83.3,nan,nan
2000/56/0,0:53:0,,54.2,73.8,84.3,nan,nan
2000/60/0,0:53:0,,60.7,78.8,87.9,nan,nan
2000/65/0,0:53:0,,64.1,81.6,89.5,nan,nan
2000/54/0,0:53:0,,59.6,78.5,86.0,nan,nan
2000/50/0,0:53:0,,54.1,72.2,81.5,nan,nan
2000/55/0,0:53:0,,51.8,70.3,76.9,nan,nan
2000/60/0,0:53:0,,56.3,73.4,80.5,nan,nan
2000/60/0,0:53:0,,62.2,76.5,83.5,nan,nan
2000/57/0,0:53:0,,60.5,74.7,79.4,nan,nan
2000/51/0,0:53:0,,53.8,68.7,74.3,nan,nan
2000/51/0,0:53:0,,48.4,62.7,69.4,nan,nan
2000/56/0,0:53:0,,53.3,68.6,72.6,nan,nan
2000/59/0,0:53:0,,58.4,72.5,76.2,nan,nan
2000/58/0,0:53:0,,58.9,73.8,77.9,nan,nan
2000/50/0,0:53:0,,53.6,67.1,72.0,nan,nan
2000/45/0,0:53:0,,46.7,59.2,62.9,nan,nan
2000/50/0,0:53:0,,47.4,58.8,63.0,nan,nan
2000/53/0,0:53:0,,52.4,64.7,68.4,nan,nan
2000/51/0,0:53:0,,54.9,68.4,71.9,nan,nan
2000/45/0,0:53:0,,49.1,61.5,65.9,nan,nan
2000/41/0,0:53:0,,43.2,53.7,59.0,nan,nan
2000/45/0,0:53:0,,44.1,54.3,58.9,nan,nan
2000/51/0,0:53:0,,49.7,60.3,63.8,nan,nan
2000/52/0,0:53:0,,54.7,63.9,67.6,nan,nan
2000/47/0,0:53:0,,50.9,59.0,64.3,nan,nan
2000/43/0,0:53:0,,42.8,51.0,58.7,nan,nan
2000/40/0,0:53:0,,40.5,49.0,57.2,nan,nan
2000/52/0,0:53:0,,46.8,55.0,60.4,nan,nan
2000/51/0,0:53:0,,53.2,61.4,64.3,nan,nan
2000/48/0,0:53:0,,50.7,58.6,61.5,nan,nan
2000/41/0,0:53:0,,42.4,49.7,56.7,nan,nan
2000/38/0,0:53:0,,37.4,45.3,54.1,nan,nan
2000/43/0,0:53:0,,41.0,49.0,57.1,nan,nan
2000/52/0,0:53:0,,47.8,55.4,60.5,nan,nan
2000/48/0,0:53:0,,49.4,56.9,61.4,nan,nan
2000/39/0,0:53:0,,42.5,48.7,56.7,nan,nan
2000/40/0,0:53:0,,37.4,43.9,53.7,nan,nan
2000/42/0,0:53:0,,40.6,47.0,55.6,nan,nan
2000/52/0,0:53:0,,48.0,54.3,60.3,nan,nan
2000/50/0,0:53:0,,50.3,57.1,62.1,nan,nan
2000/41/0,0:53:0,,45.8,52.9,59.8,nan,nan
2000/40/0,0:53:0,,40.0,47.6,56.9,nan,nan
2000/41/0,0:53:0,,40.9,48.6,56.8,nan,nan
2000/51/0,0:53:0,,47.2,54.2,59.8,nan,nan
2000/53/0,0:53:0,,51.2,57.5,61.0,nan,nan
2000/44/0,0:53:0,,48.5,54.6,59.5,nan,nan
2000/37/0,0:53:0,,39.4,45.7,55.1,nan,nan
2000/42/0,0:53:0,,37.5,45.1,55.0,nan,nan
2000/49/0,0:53:0,,44.0,52.5,58.7,nan,nan
2000/50/0,0:53:0,,51.5,59.9,63.6,nan,nan
2000/50/0,0:53:0,,51.6,59.1,64.0,nan,nan
2000/43/0,0:53:0,,46.0,53.0,59.9,nan,nan
2000/45/0,0:53:0,,44.5,50.7,58.5,nan,nan
2000/53/0,0:53:0,,48.5,54.3,60.3,nan,nan
2000/53/0,0:53:0,,53.4,60.7,63.6,nan,nan
2000/51/0,0:53:0,,54.6,61.8,64.6,nan,nan
2000/45/0,0:53:0,,48.7,56.4,61.8,nan,nan
2000/43/0,0:53:0,,44.0,52.2,59.5,nan,nan
2000/44/0,0:53:0,,45.0,53.5,60.0,nan,nan
2000/51/0,0:53:0,,47.1,55.4,60.3,nan,nan
2000/49/0,0:53:0,,48.6,56.2,60.2,nan,nan
2000/44/0,0:53:0,,47.2,54.0,59.6,nan,nan
2000/42/0,0:53:0,,43.5,51.1,58.4,nan,nan
2000/44/0,0:53:0,,44.3,51.1,58.2,nan,nan
2000/49/0,0:53:0,,46.7,53.5,60.0,nan,nan
2000/50/0,0:53:0,,49.1,56.1,61.0,nan,nan
2000/44/0,0:53:0,,48.0,55.5,61.2,nan,nan
2000/40/0,0:53:0,,43.4,50.6,58.2,nan,nan
2000/41/0,0:53:0,,41.8,49.8,57.1,nan,nan
2000/45/0,0:53:0,,45.1,52.4,58.4,nan,nan
2000/45/0,0:53:0,,45.3,53.1,59.2,nan,nan
2000/40/0,0:53:0,,44.3,51.9,59.3,nan,nan
2000/40/0,0:53:0,,42.0,48.3,56.3,nan,nan
2000/40/0,0:53:0,,42.0,48.8,56.8,nan,nan
2000/42/0,0:53:0,,42.7,49.4,57.1,nan,nan
2000/48/0,0:53:0,,46.6,53.3,59.4,nan,nan
2000/44/0,0:53:0,,45.8,52.4,59.4,nan,nan
2000/44/0,0:53:0,,42.6,49.4,57.5,nan,nan
2000/41/0,0:53:0,,41.1,47.7,56.6,nan,nan
2000/41/0,0:53:0,,42.4,49.9,57.7,nan,nan
2000/47/0,0:53:0,,45.0,53.9,59.3,nan,nan
2000/46/0,0:53:0,,47.0,55.6,59.9,nan,nan
2000/42/0,0:53:0,,44.6,52.7,59.0,nan,nan
2000/42/0,0:53:0,,42.4,51.4,58.1,nan,nan
2000/52/0,0:53:0,,47.1,54.8,60.0,nan,nan
2000/53/0,0:53:0,,53.2,60.0,63.8,nan,nan
2000/50/0,0:53:0,,52.8,59.9,63.9,nan,nan
2000/41/0,0:53:0,,44.1,51.9,58.6,nan,nan
2000/47/0,0:53:0,,45.2,52.3,59.0,nan,nan
2000/52/0,0:53:0,,49.0,55.3,60.4,nan,nan
2000/51/0,0:53:0,,49.7,56.0,60.1,nan,nan
2000/47/0,0:53:0,,48.6,55.0,59.7,nan,nan
2000/41/0,0:53:0,,44.6,51.7,58.4,nan,nan
2000/41/0,0:53:0,,42.1,49.3,57.4,nan,nan
2000/49/0,0:53:0,,45.7,52.3,59.3,nan,nan
2000/51/0,0:53:0,,49.7,55.3,61.0,nan,nan
2000/49/0,0:53:0,,48.4,54.1,60.3,nan,nan
2000/44/0,0:53:0,,46.5,52.0,59.2,nan,nan
2000/46/0,0:53:0,,44.9,51.4,58.2,nan,nan
2000/53/0,0:53:0,,48.8,54.9,60.2,nan,nan
2000/53/0,0:53:0,,51.7,58.2,62.0,nan,nan
2000/44/0,0:53:0,,47.4,53.2,59.4,nan,nan
2000/42/0,0:53:0,,40.8,47.2,55.4,nan,nan
2000/45/0,0:53:0,,42.6,49.7,56.5,nan,nan
2000/51/0,0:53:0,,48.4,55.5,60.2,nan,nan
2000/53/0,0:53:0,,51.6,58.5,62.0,nan,nan
2000/44/0,0:53:0,,47.8,54.8,60.1,nan,nan
2000/43/0,0:53:0,,44.2,50.4,57.2,nan,nan
2000/47/0,0:53:0,,46.4,52.1,58.9,nan,nan
2000/49/0,0:53:0,,47.9,54.0,59.4,nan,nan
2000/52/0,0:53:0,,49.6,56.8,61.1,nan,nan
2000/48/0,0:53:0,,48.9,56.2,61.2,nan,nan
2000/45/0,0:53:0,,46.7,54.5,59.9,nan,nan
2000/45/0,0:53:0,,45.3,53.0,58.7,nan,nan
2000/48/0,0:53:0,,46.7,54.3,59.6,nan,nan
2000/50/0,0:53:0,,49.0,56.4,60.5,nan,nan
2000/45/0,0:53:0,,47.2,54.1,59.6,nan,nan
2000/40/0,0:53:0,,43.9,50.7,57.4,nan,nan
2000/43/0,0:53:0,,42.6,49.4,56.4,nan,nan
2000/46/0,0:53:0,,45.0,52.6,59.1,nan,nan
2000/46/0,0:53:0,,46.7,53.6,59.3,nan,nan
2000/47/0,0:53:0,,46.9,54.1,60.0,nan,nan
2000/45/0,0:53:0,,44.0,50.8,58.7,nan,nan
2000/42/0,0:53:0,,42.3,47.4,56.6,nan,nan
2000/47/0,0:53:0,,44.9,49.9,57.8,nan,nan
2000/51/0,0:53:0,,48.4,54.8,59.6,nan,nan
2000/50/0,0:53:0,,49.0,56.3,60.3,nan,nan
2000/47/0,0:53:0,,48.0,55.2,59.4,nan,nan
2000/43/0,0:53:0,,44.8,51.7,57.1,nan,nan
2000/43/0,0:53:0,,44.0,51.2,57.2,nan,nan
2000/52/0,0:53:0,,47.0,54.1,59.2,nan,nan
2000/52/0,0:53:0,,51.3,58.0,61.0,nan,nan
2000/53/0,0:53:0,,51.2,57.8,61.1,nan,nan
2000/49/0,0:53:0,,48.5,54.9,60.4,nan,nan
2000/49/0,0:53:0,,48.3,53.9,60.3,nan,nan
2000/55/0,0:53:0,,50.8,56.6,61.3,nan,nan
2000/54/0,0:53:0,,52.0,58.2,61.8,nan,nan
2000/52/0,0:53:0,,51.5,56.7,61.2,nan,nan
2000/46/0,0:53:0,,48.3,54.5,60.6,nan,nan
2000/43/0,0:53:0,,44.7,50.2,58.8,nan,nan
2000/45/0,0:53:0,,44.6,51.4,58.8,nan,nan
2000/53/0,0:53:0,,49.3,56.6,60.7,nan,nan
2000/47/0,0:53:0,,48.9,56.9,61.3,nan,nan
2000/46/0,0:53:0,,47.3,54.4,59.6,nan,nan
2000/41/0,0:53:0,,44.0,50.1,57.6,nan,nan
2000/44/0,0:53:0,,44.9,50.9,57.9,nan,nan
2000/47/0,0:53:0,,45.3,51.7,57.4,nan,nan
2000/44/0,0:53:0,,46.4,52.0,58.1,nan,nan
2000/46/0,0:53:0,,44.9,51.1,57.4,nan,nan
2000/45/0,0:53:0,,43.7,50.0,57.1,nan,nan
2000/45/0,0:53:0,,43.9,51.5,58.2,nan,nan
2000/46/0,0:53:0,,45.4,53.4,59.6,nan,nan
2000/48/0,0:53:0,,46.9,54.5,59.7,nan,nan
2000/50/0,0:53:0,,48.7,56.2,60.3,nan,nan
2000/53/0,0:53:0,,49.8,57.0,60.8,nan,nan
2000/51/0,0:53:0,,49.5,55.8,60.1,nan,nan
2000/49/0,0:53:0,,49.6,55.3,61.3,nan,nan
2000/46/0,0:53:0,,47.4,53.3,60.2,nan,nan
2000/46/0,0:53:0,,46.0,52.2,59.0,nan,nan
2000/53/0,0:53:0,,48.6,54.4,59.9,nan,nan
2000/50/0,0:53:0,,51.0,56.1,60.5,nan,nan
2000/41/0,0:53:0,,45.5,50.7,57.5,nan,nan
2000/41/0,0:53:0,,42.0,48.4,56.4,nan,nan
2000/47/0,0:53:0,,44.5,50.7,57.7,nan,nan
2000/54/0,0:53:0,,49.5,56.8,60.8,nan,nan
2000/54/0,0:53:0,,52.0,59.0,61.0,nan,nan
2000/43/0,0:53:0,,48.5,55.5,59.8,nan,nan
2000/43/0,0:53:0,,41.0,46.7,55.1,nan,nan
2000/40/0,0:53:0,,40.8,45.8,54.4,nan,nan
2000/53/0,0:53:0,,47.2,52.7,58.5,nan,nan
2000/53/0,0:53:0,,51.6,58.1,61.3,nan,nan
2000/44/0,0:53:0,,47.3,54.6,59.6,nan,nan
2000/44/0,0:53:0,,42.7,48.9,56.1,nan,nan
2000/43/0,0:53:0,,41.7,48.2,56.1,nan,nan
2000/52/0,0:53:0,,47.6,53.2,59.2,nan,nan
2000/51/0,0:53:0,,50.1,56.4,60.7,nan,nan
2000/40/0,0:53:0,,46.1,51.9,58.8,nan,nan
2000/38/0,0:53:0,,38.3,44.0,53.7,nan,nan
2000/41/0,0:53:0,,37.5,44.0,53.2,nan,nan
2000/48/0,0:53:0,,43.8,50.4,57.8,nan,nan
2000/53/0,0:53:0,,50.1,56.6,60.9,nan,nan
2000/45/0,0:53:0,,48.9,55.1,59.3,nan,nan
2000/42/0,0:53:0,,42.0,48.6,55.4,nan,nan
2000/45/0,0:53:0,,39.7,46.3,54.3,nan,nan
2000/51/0,0:53:0,,46.2,52.6,58.0,nan,nan
2000/53/0,0:53:0,,51.1,57.3,60.2,nan,nan
2000/43/0,0:53:0,,47.5,53.5,59.1,nan,nan
2000/36/0,0:53:0,,39.1,45.4,54.7,nan,nan
2000/40/0,0:53:0,,36.1,41.7,52.5,nan,nan
2000/46/0,0:53:0,,42.3,47.3,55.1,nan,nan
2000/54/0,0:53:0,,49.5,54.7,59.8,nan,nan
2000/49/0,0:53:0,,50.0,56.0,60.6,nan,nan
2000/41/0,0:53:0,,43.0,48.5,56.9,nan,nan
2000/37/0,0:53:0,,36.7,41.9,52.5,nan,nan
2000/44/0,0:53:0,,37.7,44.3,53.9,nan,nan
2000/51/0,0:53:0,,45.4,51.5,58.2,nan,nan
2000/52/0,0:53:0,,50.8,56.8,60.8,nan,nan
2000/40/0,0:53:0,,45.9,51.7,57.8,nan,nan
2000/37/0,0:53:0,,38.3,44.3,54.0,nan,nan
2000/40/0,0:53:0,,39.0,44.9,55.1,nan,nan
2000/54/0,0:53:0,,48.1,53.5,59.7,nan,nan
2000/52/0,0:53:0,,51.7,58.5,62.5,nan,nan
2000/41/0,0:53:0,,46.5,51.8,58.5,nan,nan
2000/35/0,0:53:0,,37.5,43.5,53.6,nan,nan
2000/40/0,0:53:0,,35.5,41.5,51.9,nan,nan
2000/48/0,0:53:0,,43.0,48.2,56.3,nan,nan
2000/51/0,0:53:0,,49.2,54.5,60.4,nan,nan
2000/41/0,0:53:0,,46.2,51.9,58.9,nan,nan
2000/30/0,0:53:0,,36.2,42.2,52.7,nan,nan
2000/34/0,0:53:0,,32.1,39.7,49.2,nan,nan
2000/42/0,0:53:0,,39.1,44.9,53.6,nan,nan
2000/51/0,0:53:0,,48.1,53.3,58.7,nan,nan
2000/43/0,0:53:0,,47.9,53.4,59.0,nan,nan
2000/32/0,0:53:0,,38.3,44.6,53.5,nan,nan
2000/35/0,0:53:0,,30.5,38.5,48.2,nan,nan
2000/42/0,0:53:0,,34.8,41.6,50.5,nan,nan
2000/49/0,0:53:0,,44.9,51.0,56.8,nan,nan
2000/46/0,0:53:0,,48.0,53.9,58.6,nan,nan
2000/40/0,0:53:0,,42.0,47.4,54.7,nan,nan
2000/33/0,0:53:0,,34.7,40.4,49.3,nan,nan
2000/44/0,0:53:0,,37.2,42.3,52.3,nan,nan
2000/49/0,0:53:0,,45.1,51.2,57.8,nan,nan
2000/47/0,0:53:0,,48.9,55.9,60.1,nan,nan
2000/39/0,0:53:0,,41.9,48.6,56.2,nan,nan
2000/34/0,0:53:0,,32.5,40.4,49.7,nan,nan
2000/36/0,0:53:0,,32.2,40.1,49.7,nan,nan
2000/46/0,0:53:0,,41.4,48.5,55.5,nan,nan
2000/10/0,0:53:0,,17.4,19.4,19.4,nan,nan
2000/18/0,0:53:0,,16.1,19.2,21.2,nan,nan
2000/19/0,0:53:0,,17.9,21.5,25.0,nan,nan
2000/17/0,0:53:0,,17.0,21.0,24.6,nan,nan
2000/19/0,0:53:0,,17.1,21.6,25.9,nan,nan
2000/20/0,0:53:0,,18.0,22.0,26.0,nan,nan
2000/14/0,0:53:0,,17.0,20.8,24.0,nan,nan
2000/12/0,0:53:0,,14.7,17.2,18.0,nan,nan
2000/13/0,0:53:0,,15.4,18.3,20.1,nan,nan
2000/13/0,0:53:0,,13.0,15.2,15.4,nan,nan
2000/16/0,0:53:0,,14.6,17.6,18.7,nan,nan
2000/10/0,0:53:0,,15.4,18.4,19.9,nan,nan
2000/12/0,0:53:0,,13.3,15.3,15.5,nan,nan
2000/16/0,0:53:0,,16.4,19.5,21.4,nan,nan
2000/15/0,0:53:0,,14.4,16.8,17.7,nan,nan
2000/13/0,0:53:0,,14.0,16.3,16.8,nan,nan
2000/11/0,0:53:0,,15.0,17.6,19.0,nan,nan
2000/10/0,0:53:0,,13.3,16.0,16.1,nan,nan
2000/11/0,0:53:0,,13.9,16.0,16.5,nan,nan
2000/10/0,0:53:0,,13.8,16.2,16.4,nan,nan
2000/12/0,0:53:0,,13.6,15.9,16.1,nan,nan
2000/15/0,0:53:0,,16.0,19.1,21.0,nan,nan
2000/10/0,0:53:0,,14.4,16.9,17.6,nan,nan
2000/17/0,0:53:0,,15.1,17.7,19.0,nan,nan
2000/13/0,0:53:0,,16.5,20.0,22.1,nan,nan
2000/15/0,0:53:0,,13.0,15.1,15.1,nan,nan
2000/16/0,0:53:0,,15.6,18.4,20.0,nan,nan
2000/12/0,0:53:0,,15.9,19.0,21.1,nan,nan
2000/12/0,0:53:0,,14.7,17.1,17.8,nan,nan
2000/10/0,0:53:0,,14.8,17.4,18.3,nan,nan
2000/15/0,0:53:0,,13.0,15.3,15.3,nan,nan
2000/12/0,0:53:0,,14.0,16.2,16.6,nan,nan
2000/11/0,0:53:0,,14.9,17.4,18.3,nan,nan
2000/15/0,0:53:0,,12.6,14.7,14.7,nan,nan
2000/15/0,0:53:0,,15.1,17.5,18.7,nan,nan
2000/13/0,0:53:0,,14.0,16.1,16.7,nan,nan
2000/12/0,0:53:0,,13.1,15.0,15.2,nan,nan
2000/14/0,0:53:0,,15.7,18.5,20.4,nan,nan
2000/11/0,0:53:0,,14.4,16.5,17.0,nan,nan
2000/17/0,0:53:0,,16.1,18.9,20.8,nan,nan
2000/12/0,0:53:0,,15.9,18.8,20.6,nan,nan
2000/13/0,0:53:0,,15.0,17.1,17.6,nan,nan
