2023/2/26,19:11:58,,141.1,196.8,222.8,nan,nan
2023/2/26,19:12:8,,215.1,281.8,319.0,nan,nan
2023/2/26,19:12:18,,232.4,295.0,334.0,nan,nan
2023/2/26,19:12:28,,234.4,296.0,335.0,nan,nan
2023/2/26,19:12:38,,236.4,296.8,336.2,nan,nan
2023/2/26,19:12:48,,234.4,295.4,334.4,nan,nan
2023/2/26,19:12:58,,235.7,292.8,331.7,nan,nan
2023/2/26,19:13:9,,228.7,286.6,326.3,nan,nan
2023/2/26,19:13:19,,221.1,276.7,313.6,nan,nan
2023/2/26,19:13:29,,213.5,266.5,301.7,nan,nan
2023/2/26,19:13:39,,206.9,257.4,291.4,nan,nan
2023/2/26,19:13:49,,202.0,250.0,283.0,nan,nan
2023/2/26,19:13:59,,196.0,243.4,275.5,nan,nan
2023/2/26,19:14:9,,192.7,238.0,269.1,nan,nan
2023/2/26,19:14:19,,193.1,238.0,269.0,nan,nan
2023/2/26,19:14:29,,192.2,237.5,268.9,nan,nan
2023/2/26,19:14:39,,192.1,238.3,269.7,nan,nan
2023/2/26,19:14:49,,188.2,234.3,265.2,nan,nan
2023/2/26,19:14:59,,187.7,231.8,262.3,nan,nan
2023/2/26,19:15:10,,187.6,234.3,265.6,nan,nan
2023/2/26,19:15:20,,186.6,231.5,262.0,nan,nan
2023/2/26,19:15:30,,184.7,228.4,258.4,nan,nan
2023/2/26,19:15:40,,181.8,228.3,258.3,nan,nan
2023/2/26,19:15:50,,186.6,231.4,261.9,nan,nan
2023/2/26,19:16:0,,186.8,231.5,262.1,nan,nan
2023/2/26,19:16:10,,184.1,228.3,258.3,nan,nan
2023/2/26,19:16:20,,180.9,225.3,255.3,nan,nan
2023/2/26,19:16:30,,180.6,223.3,252.7,nan,nan
2023/2/26,19:16:40,,175.5,220.6,249.6,nan,nan
2023/2/26,19:16:51,,174.3,218.4,247.4,nan,nan
2023/2/26,19:17:1,,177.1,218.9,247.9,nan,nan
2023/2/26,19:17:11,,176.6,219.2,248.2,nan,nan
2023/2/26,19:17:21,,178.4,220.3,249.3,nan,nan
2023/2/26,19:17:31,,179.7,221.0,250.0,nan,nan
2023/2/26,19:17:41,,179.9,221.9,250.9,nan,nan
2023/2/26,19:17:51,,180.9,223.4,253.0,nan,nan
2023/2/26,19:18:1,,180.2,223.4,253.0,nan,nan
2023/2/26,19:18:11,,178.8,223.6,253.8,nan,nan
2023/2/26,19:18:21,,178.7,222.7,251.8,nan,nan
2023/2/26,19:18:31,,175.8,221.7,250.7,nan,nan
2023/2/26,19:18:42,,175.7,220.1,249.1,nan,nan
2023/2/26,19:18:52,,174.4,217.3,246.0,nan,nan
2023/2/26,19:19:2,,172.8,216.4,244.8,nan,nan
2023/2/26,19:19:12,,173.4,216.1,244.3,nan,nan
2023/2/26,19:19:22,,173.2,213.7,241.7,nan,nan
2023/2/26,19:19:32,,171.2,211.3,239.3,nan,nan
2023/2/26,19:19:42,,167.0,209.2,237.8,nan,nan
2023/2/26,19:19:52,,166.3,209.3,237.8,nan,nan
2023/2/26,19:20:2,,167.1,206.7,233.7,nan,nan
2023/2/26,19:20:12,,165.1,203.6,230.6,nan,nan
2023/2/26,19:20:22,,163.6,203.2,230.2,nan,nan
2023/2/26,19:20:33,,163.4,203.9,230.9,nan,nan
2023/2/26,19:20:43,,164.5,203.8,230.8,nan,nan
2023/2/26,19:20:53,,163.9,203.6,230.6,nan,nan
2023/2/26,19:21:3,,163.8,203.4,230.4,nan,nan
2023/2/26,19:21:13,,163.0,202.0,228.7,nan,nan
2023/2/26,19:21:23,,161.5,200.8,226.8,nan,nan
2023/2/26,19:21:33,,162.1,200.2,228.3,nan,nan
2023/2/26,19:21:43,,160.7,198.4,224.4,nan,nan
2023/2/26,19:21:53,,159.1,196.5,222.6,nan,nan
2023/2/26,19:22:3,,158.0,194.9,220.7,nan,nan
2023/2/26,19:22:13,,157.0,194.3,219.8,nan,nan
2023/2/26,19:22:24,,157.2,194.2,219.5,nan,nan
2023/2/26,19:22:34,,155.5,192.5,217.5,nan,nan
2023/2/26,19:22:44,,153.2,190.1,215.1,nan,nan
2023/2/26,19:22:54,,149.4,188.9,213.9,nan,nan
2023/2/26,19:23:4,,148.9,186.8,211.3,nan,nan
2023/2/26,19:23:14,,148.3,184.2,208.2,nan,nan
2023/2/26,19:23:24,,146.7,183.0,207.0,nan,nan
2023/2/26,19:23:34,,145.6,179.7,203.3,nan,nan
2023/2/26,19:23:44,,144.1,179.3,202.6,nan,nan
2023/2/26,19:23:54,,143.4,177.8,200.8,nan,nan
2023/2/26,19:24:4,,143.0,176.5,199.5,nan,nan
2023/2/26,19:24:15,,143.2,176.2,199.2,nan,nan
2023/2/26,19:24:25,,142.0,175.8,198.8,nan,nan
2023/2/26,19:27:53,,63.4,88.5,100.0,nan,nan
2023/2/26,19:28:3,,113.6,149.2,168.6,nan,nan
2023/2/26,19:28:13,,126.7,159.4,180.3,nan,nan
2023/2/26,19:28:24,,129.3,162.3,183.3,nan,nan
2023/2/26,19:28:34,,130.4,165.4,187.3,nan,nan
2023/2/26,19:28:44,,132.6,167.1,189.1,nan,nan
2023/2/26,19:28:54,,131.9,166.0,187.9,nan,nan
2023/2/26,19:29:4,,129.8,161.4,182.6,nan,nan
2023/2/26,19:29:14,,127.4,158.1,179.1,nan,nan
2023/2/26,19:29:24,,123.6,156.7,177.3,nan,nan
2023/2/26,19:29:34,,123.5,155.1,175.1,nan,nan
2023/2/26,19:29:44,,124.1,154.0,174.0,nan,nan
2023/2/26,19:29:54,,122.8,152.0,172.0,nan,nan
2023/2/26,19:30:4,,120.6,151.2,171.6,nan,nan
2023/2/26,19:30:15,,119.0,150.4,170.9,nan,nan
2023/2/26,19:30:25,,120.7,150.2,171.1,nan,nan
2023/2/26,19:30:35,,118.9,149.0,168.4,nan,nan
2023/2/26,19:30:45,,116.9,148.1,167.1,nan,nan
2023/2/26,19:30:55,,119.4,148.7,167.7,nan,nan
2023/2/26,19:31:5,,119.2,148.8,167.8,nan,nan
2023/2/26,19:31:15,,118.6,148.0,167.0,nan,nan
2023/2/26,19:31:25,,118.4,145.7,164.7,nan,nan
2023/2/26,19:31:35,,116.9,145.7,164.8,nan,nan
2023/2/26,19:31:45,,115.7,146.5,165.5,nan,nan
2023/2/26,19:31:55,,115.9,146.1,165.1,nan,nan
2023/2/26,19:32:6,,116.3,144.4,163.4,nan,nan
2023/2/26,19:32:16,,116.0,143.0,162.0,nan,nan
2023/2/26,19:32:26,,113.4,142.1,160.8,nan,nan
2023/2/26,19:32:36,,112.3,141.3,159.7,nan,nan
2023/2/26,19:32:46,,110.1,139.7,158.8,nan,nan
2023/2/26,19:32:56,,107.9,136.8,154.8,nan,nan
2023/2/26,19:33:6,,107.9,135.3,153.3,nan,nan
2023/2/26,19:33:16,,107.5,134.0,151.0,nan,nan
2023/2/26,19:33:26,,108.3,134.7,152.3,nan,nan
2023/2/26,19:33:36,,106.5,133.9,151.1,nan,nan
2023/2/26,19:33:46,,104.8,131.3,148.3,nan,nan
2023/2/26,19:33:57,,103.9,132.3,149.3,nan,nan
2023/2/26,19:34:7,,103.1,133.4,150.4,nan,nan
2023/2/26,19:34:17,,104.5,133.0,150.0,nan,nan
2023/2/26,19:34:27,,105.4,131.5,148.5,nan,nan
2023/2/26,19:34:37,,104.5,130.4,147.5,nan,nan
2023/2/26,19:34:47,,104.9,130.5,147.5,nan,nan
2023/2/26,19:34:57,,105.1,130.8,147.8,nan,nan
2023/2/26,19:35:7,,105.7,130.0,147.0,nan,nan
2023/2/26,19:35:17,,105.5,130.0,147.0,nan,nan
2023/2/26,19:35:27,,105.3,129.8,146.8,nan,nan
2023/2/26,19:35:37,,105.3,129.6,146.6,nan,nan
2023/2/26,19:35:48,,104.5,129.1,146.1,nan,nan
2023/2/26,19:35:58,,102.5,127.6,144.6,nan,nan
2023/2/26,19:36:8,,99.5,126.6,143.2,nan,nan
2023/2/26,19:36:18,,100.0,126.7,143.4,nan,nan
2023/2/26,19:36:28,,99.7,125.9,142.0,nan,nan
2023/2/26,19:36:38,,99.5,124.8,140.8,nan,nan
2023/2/26,19:36:48,,99.3,124.3,140.3,nan,nan
2023/2/26,19:36:58,,96.7,122.9,138.9,nan,nan
2023/2/26,19:37:8,,97.2,121.6,137.6,nan,nan
2023/2/26,19:37:18,,97.3,120.5,136.6,nan,nan
2023/2/26,19:37:28,,96.7,119.5,135.0,nan,nan
2023/2/26,19:37:39,,94.9,119.2,134.4,nan,nan
2023/2/26,19:37:49,,96.6,119.2,136.4,nan,nan
2023/2/26,19:37:59,,96.5,119.7,135.3,nan,nan
2023/2/26,19:38:9,,95.4,119.3,134.6,nan,nan
2023/2/26,19:38:19,,95.9,117.9,132.9,nan,nan
2023/2/26,19:38:29,,94.8,117.1,132.1,nan,nan
2023/2/26,19:38:39,,94.5,117.5,132.7,nan,nan
2023/2/26,19:38:49,,93.5,116.1,131.1,nan,nan
2023/2/26,19:38:59,,91.1,115.8,130.8,nan,nan
2023/2/26,19:39:9,,92.3,116.3,131.3,nan,nan
2023/2/26,19:39:19,,93.1,115.3,130.3,nan,nan
2023/2/26,19:39:30,,92.2,114.7,129.7,nan,nan
2023/2/26,19:39:40,,91.6,113.2,128.2,nan,nan
2023/2/26,19:39:50,,92.0,113.9,128.9,nan,nan
2023/2/26,19:40:0,,86.4,108.9,123.0,nan,nan
2023/2/26,19:40:10,,82.0,103.7,117.0,nan,nan
2023/2/26,19:40:20,,79.5,100.5,113.5,nan,nan
2023/2/26,19:40:30,,77.4,98.5,111.5,nan,nan
2023/2/26,19:40:40,,76.2,96.6,108.7,nan,nan
2023/2/26,19:40:50,,74.6,94.2,106.2,nan,nan
2023/2/26,19:41:0,,72.9,92.5,104.5,nan,nan
2023/2/26,19:41:10,,74.6,93.6,105.6,nan,nan
2023/2/26,19:41:21,,75.2,93.9,105.9,nan,nan
2023/2/26,19:41:31,,73.9,92.1,104.1,nan,nan
2000/49/0,0:53:0,,73.0,91.7,103.7,nan,nan
2023/2/26,19:41:51,,73.1,92.8,104.8,nan,nan
2023/2/26,19:42:1,,74.2,92.0,104.0,nan,nan
2023/2/26,19:42:11,,74.4,91.4,103.4,nan,nan
2023/2/26,19:42:21,,72.1,89.6,101.1,nan,nan
2023/2/26,19:42:31,,69.1,87.5,99.1,nan,nan
2165/165/165,165:165:43,,66.5,85.0,97.0,nan,nan
2023/2/26,19:42:51,,65.2,82.3,92.8,nan,nan
2023/2/26,19:43:1,,63.8,81.0,91.1,nan,nan
2023/2/26,19:43:12,,63.7,80.3,90.5,nan,nan
2023/2/26,19:43:22,,64.8,80.4,90.7,nan,nan
2023/2/26,19:43:32,,63.3,79.1,89.6,nan,nan
2023/2/26,19:43:42,,63.1,79.0,90.9,nan,nan
2023/2/26,19:43:52,,63.1,79.6,91.3,nan,nan
2023/2/26,19:44:2,,63.8,80.3,91.1,nan,nan
2023/2/26,19:44:12,,63.1,80.4,90.6,nan,nan
2023/2/26,19:44:22,,63.1,80.1,90.6,nan,nan
2023/2/26,19:44:32,,65.1,82.4,94.3,nan,nan
2023/2/26,19:44:42,,66.0,82.8,93.6,nan,nan
2023/2/26,19:44:52,,64.8,82.2,92.4,nan,nan
2023/2/26,19:45:3,,64.3,81.4,91.4,nan,nan
2023/2/26,19:45:13,,62.9,80.0,90.3,nan,nan
2000/43/0,0:53:0,,62.6,80.4,90.4,nan,nan
2023/2/26,19:45:33,,61.0,78.9,88.9,nan,nan
2000/45/0,0:53:0,,62.1,79.9,89.9,nan,nan
2023/2/26,19:45:53,,63.4,79.4,89.5,nan,nan
2023/2/26,19:46:3,,64.1,79.9,89.9,nan,nan
2023/2/26,19:46:13,,63.8,80.0,90.0,nan,nan
2023/2/26,19:46:23,,63.6,79.0,89.0,nan,nan
2000/43/0,0:53:0,,61.7,78.6,88.8,nan,nan
2023/2/26,19:46:43,,62.1,77.5,87.5,nan,nan
2023/2/26,19:46:54,,62.3,77.5,87.5,nan,nan
2023/2/26,19:47:4,,61.2,76.5,86.5,nan,nan
2023/2/26,19:47:14,,60.4,76.2,86.2,nan,nan
2023/2/26,19:47:24,,59.8,76.6,86.6,nan,nan
2023/2/26,19:47:34,,59.3,76.2,86.8,nan,nan
2023/2/26,19:47:44,,60.2,76.6,87.7,nan,nan
2023/2/26,19:47:54,,59.3,76.9,87.3,nan,nan
2023/2/26,19:48:4,,59.4,76.5,86.5,nan,nan
2023/2/26,19:48:14,,59.8,76.6,86.6,nan,nan
2023/2/26,19:48:24,,60.8,76.0,86.0,nan,nan
2023/2/26,19:48:34,,61.5,76.7,86.7,nan,nan
2000/42/0,0:53:0,,60.2,76.1,86.1,nan,nan
2023/2/26,19:48:55,,59.1,75.4,85.4,nan,nan
2023/2/26,19:49:5,,60.4,76.8,86.9,nan,nan
2023/2/26,19:49:15,,60.6,76.3,86.3,nan,nan
2023/2/26,19:49:25,,59.8,75.9,86.0,nan,nan
2023/2/26,19:49:35,,58.7,75.7,85.7,nan,nan
2023/2/26,19:49:45,,58.1,75.3,85.3,nan,nan
2023/2/26,19:49:55,,59.6,75.6,85.6,nan,nan
2023/2/26,19:50:5,,58.1,76.0,86.0,nan,nan
2165/3/26,19:50:15,,58.6,76.0,86.2,nan,nan
2023/2/26,19:50:25,,60.0,76.2,86.2,nan,nan
2023/2/26,19:50:36,,60.7,76.0,86.0,nan,nan
2023/2/26,19:50:46,,60.1,76.1,86.1,nan,nan
2023/2/26,19:50:56,,58.5,76.0,86.0,nan,nan
2023/2/26,19:51:6,,57.4,74.3,83.6,nan,nan
2023/2/26,19:51:16,,58.5,75.0,85.0,nan,nan
2023/2/26,19:51:26,,57.2,73.8,83.0,nan,nan
2000/38/0,0:53:0,,56.9,72.4,81.4,nan,nan
2023/2/26,19:51:46,,56.0,71.7,80.7,nan,nan
2023/2/26,19:51:56,,56.5,72.2,81.2,nan,nan
2023/2/26,19:52:6,,57.0,73.0,82.0,nan,nan
2023/2/26,19:52:16,,57.4,73.3,82.9,nan,nan
2023/2/26,19:52:27,,57.4,74.1,83.4,nan,nan
2023/2/26,19:52:37,,59.7,75.0,85.0,nan,nan
2023/2/26,19:52:47,,59.1,74.2,83.4,nan,nan
2023/2/26,19:52:57,,58.7,73.7,82.7,nan,nan
2023/2/26,19:53:7,,58.5,73.2,82.3,nan,nan
2000/42/0,0:53:0,,59.3,73.9,83.3,nan,nan
2023/2/26,19:53:27,,58.8,73.6,82.6,nan,nan
2023/2/26,19:53:37,,58.9,73.0,82.0,nan,nan
2023/2/26,19:53:47,,58.1,72.6,81.6,nan,nan
2023/2/26,19:53:57,,57.8,71.8,80.8,nan,nan
2023/2/26,19:54:7,,57.2,71.7,80.7,nan,nan
2023/2/26,19:54:18,,57.3,72.1,81.2,nan,nan
2023/2/26,19:54:28,,56.4,71.3,80.3,nan,nan
2023/2/26,19:54:38,,55.9,70.8,79.8,nan,nan
2023/2/26,19:54:48,,56.6,72.3,81.3,nan,nan
2023/2/26,19:54:58,,57.0,73.0,82.0,nan,nan
2000/37/0,0:53:0,,56.2,72.1,81.1,nan,nan
2023/2/26,19:55:18,,54.3,69.8,78.8,nan,nan
2023/2/26,19:55:28,,53.5,68.6,77.6,nan,nan
2023/2/26,19:55:38,,53.9,67.3,75.7,nan,nan
2023/2/26,19:55:48,,52.4,65.4,73.4,nan,nan
2023/2/26,19:55:58,,52.0,64.8,72.8,nan,nan
2023/2/26,19:56:9,,50.8,63.8,71.8,nan,nan
2023/2/26,19:56:19,,48.8,63.0,71.0,nan,nan
2000/30/0,0:53:0,,48.5,63.1,71.1,nan,nan
2165/165/165,19:56:39,,48.5,62.6,70.6,nan,nan
2165/165/165,19:56:49,,48.8,61.8,69.8,nan,nan
2000/34/0,0:53:0,,47.2,59.9,67.8,nan,nan
2023/2/26,19:57:9,,45.5,59.3,66.6,nan,nan
2023/2/26,19:57:19,,46.9,59.5,67.0,nan,nan
2023/2/26,19:57:29,,47.0,58.0,65.0,nan,nan
2023/2/26,19:57:39,,45.6,56.7,64.2,nan,nan
2165/165/165,45:57:49,,45.7,56.8,64.1,nan,nan
2000/33/0,0:53:0,,45.0,56.5,63.5,nan,nan
2023/2/26,19:58:10,,43.7,56.0,63.2,nan,nan
2023/2/26,19:58:20,,43.3,55.3,62.6,nan,nan
2000/31/0,0:53:0,,43.6,54.2,61.7,nan,nan
2023/2/26,19:58:40,,42.2,55.0,62.0,nan,nan
2023/2/26,19:58:50,,42.1,55.0,62.0,nan,nan
2165/165/165,19:59:0,,43.5,55.4,62.4,nan,nan
2023/2/26,19:59:10,,44.3,55.8,62.8,nan,nan
2023/2/26,19:59:20,,43.7,55.7,62.7,nan,nan
2023/2/26,19:59:30,,44.0,56.0,63.1,nan,nan
2023/2/26,19:59:40,,44.2,55.7,62.7,nan,nan
2023/2/26,19:59:51,,43.1,55.0,62.0,nan,nan
2000/30/0,0:53:0,,43.1,54.8,61.8,nan,nan
2023/2/26,20:0:11,,42.5,53.6,60.6,nan,nan
2023/2/26,20:0:21,,41.7,53.1,60.1,nan,nan
2023/2/26,20:0:31,,43.2,54.6,61.6,nan,nan
2023/2/26,20:0:41,,43.1,54.0,61.0,nan,nan
2023/2/26,20:0:51,,43.6,54.5,61.5,nan,nan
2023/2/26,20:1:1,,43.0,54.1,61.1,nan,nan
2023/2/26,20:1:11,,42.4,54.2,61.2,nan,nan
2023/2/26,20:1:21,,43.2,54.9,61.9,nan,nan
2023/2/26,20:1:32,,42.3,53.9,60.9,nan,nan
2165/165/165,20:1:42,,42.3,54.1,61.1,nan,nan
2023/2/26,20:1:52,,41.9,53.1,60.1,nan,nan
2023/2/26,20:2:2,,41.4,52.5,59.1,nan,nan
2023/2/26,20:2:12,,41.0,52.1,58.7,nan,nan
2023/2/26,20:2:22,,41.5,51.6,57.7,nan,nan
2165/165/165,165:25:32,,39.8,51.5,58.1,nan,nan
2165/165/35,20:2:42,,38.2,49.9,55.9,nan,nan
2165/45/26,20:2:52,,39.3,50.0,56.0,nan,nan
2000/28/0,0:53:0,,39.8,50.0,56.0,nan,nan
2023/2/26,20:3:12,,40.2,50.4,56.4,nan,nan
2023/2/26,20:3:23,,41.3,52.1,58.3,nan,nan
2023/2/26,20:3:33,,42.3,52.7,59.4,nan,nan
2000/29/0,0:53:0,,42.1,54.3,61.3,nan,nan
2165/165/165,165:165:53,,42.3,55.0,62.0,nan,nan
2000/32/0,0:53:0,,43.4,55.0,62.0,nan,nan
2000/30/0,0:53:0,,43.1,54.9,61.9,nan,nan
2165/165/165,20:4:23,,41.5,53.3,60.7,nan,nan
2023/2/26,20:4:33,,41.5,52.1,58.2,nan,nan
2000/29/0,0:53:0,,41.6,52.0,58.8,nan,nan
2023/2/26,20:4:53,,40.8,51.8,58.0,nan,nan
2023/2/26,20:5:3,,40.9,52.5,59.0,nan,nan
2023/2/26,20:5:14,,41.7,52.9,59.8,nan,nan
2023/2/26,20:5:24,,42.1,53.4,60.4,nan,nan
2023/2/26,20:5:34,,43.9,55.4,62.4,nan,nan
2165/165/26,20:5:44,,44.4,55.9,62.9,nan,nan
2023/2/26,20:5:54,,42.9,56.0,63.0,nan,nan
2023/2/26,20:6:4,,44.4,56.6,63.6,nan,nan
2023/2/26,20:6:14,,45.1,57.2,64.2,nan,nan
2023/2/26,20:6:24,,45.3,57.5,64.5,nan,nan
2023/2/26,20:6:34,,46.1,57.8,64.8,nan,nan
2023/2/26,20:6:44,,46.3,58.1,65.2,nan,nan
2023/2/26,20:6:54,,45.1,57.7,64.7,nan,nan
2023/2/26,20:7:5,,44.9,56.7,63.7,nan,nan
2023/2/26,20:7:15,,44.3,56.0,63.0,nan,nan
2023/2/26,20:7:25,,42.6,54.3,61.3,nan,nan
2023/2/26,20:7:35,,41.9,52.9,59.6,nan,nan
2023/2/26,20:7:45,,40.9,52.1,58.2,nan,nan
2023/2/26,20:7:55,,41.4,53.0,59.9,nan,nan
2023/2/26,20:8:5,,41.9,53.7,60.7,nan,nan
2023/2/26,20:8:15,,41.8,53.0,59.8,nan,nan
2023/2/26,20:8:25,,43.2,54.9,61.9,nan,nan
2023/2/26,20:8:35,,44.7,55.9,62.9,nan,nan
2023/2/26,20:8:45,,44.4,55.9,62.9,nan,nan
2023/2/26,20:8:56,,44.4,56.1,63.1,nan,nan
2023/2/26,20:9:6,,44.3,56.9,63.9,nan,nan
2023/2/26,20:9:16,,45.0,56.2,63.2,nan,nan
2000/31/0,0:53:0,,43.8,54.8,61.8,nan,nan
2023/2/26,20:9:36,,42.5,53.7,60.7,nan,nan
2023/2/26,20:9:46,,42.5,53.5,60.5,nan,nan
2165/165/165,23:9:56,,42.5,53.4,60.4,nan,nan
2165/45/26,20:10:6,,41.7,53.0,60.2,nan,nan
2165/165/165,165:13:16,,42.3,53.4,60.4,nan,nan
2023/2/26,20:10:26,,42.8,53.4,60.4,nan,nan
2000/32/0,0:53:0,,44.0,54.7,61.7,nan,nan
2023/2/26,20:10:47,,44.8,55.8,62.8,nan,nan
2165/2/26,20:10:57,,44.7,55.7,63.1,nan,nan
2023/2/26,20:11:7,,44.3,55.7,63.4,nan,nan
2023/2/26,20:11:17,,44.1,55.3,62.3,nan,nan
2023/2/26,20:11:27,,44.0,55.3,62.3,nan,nan
2000/31/0,0:53:0,,43.1,54.3,61.3,nan,nan
2000/30/0,0:53:0,,42.1,53.9,60.9,nan,nan
2023/2/26,20:11:57,,42.7,54.1,61.1,nan,nan
2000/32/0,0:53:0,,42.3,55.1,62.1,nan,nan
2000/30/0,0:53:0,,43.3,54.9,61.9,nan,nan
2000/31/0,0:53:0,,43.3,54.6,61.6,nan,nan
2000/29/0,0:53:0,,43.3,54.9,61.9,nan,nan
2023/2/26,20:12:48,,92.7,116.9,139.5,nan,nan
2023/2/26,20:12:58,,275.0,355.0,446.7,nan,nan
2002/4/2,0:53:0,,478.8,628.9,791.9,nan,nan
2023/2/26,20:13:18,,614.9,813.5,973.0,nan,nan
2165/165/165,20:13:28,,678.0,889.7,1000.0,nan,nan
2023/2/26,20:13:38,,882.0,1000.0,1000.0,nan,nan
2023/2/26,20:13:48,,836.2,1000.0,1000.0,nan,nan
2023/2/26,20:13:58,,861.7,1000.0,1000.0,nan,nan
2023/2/26,20:14:8,,923.4,1000.0,1000.0,nan,nan
2023/2/26,20:14:18,,1000.0,1000.0,1000.0,nan,nan
2023/2/26,20:14:29,,1000.0,1000.0,1000.0,nan,nan
2023/2/26,20:14:39,,1000.0,1000.0,1000.0,nan,nan
2023/2/26,20:14:49,,1000.0,1000.0,1000.0,nan,nan
2023/2/26,20:14:59,,1000.0,1000.0,1000.0,nan,nan
2023/2/26,20:15:9,,1000.0,1000.0,1000.0,nan,nan
2023/2/26,20:15:19,,1000.0,1000.0,1000.0,nan,nan
2023/2/26,20:15:29,,1000.0,1000.0,1000.0,nan,nan
2023/2/26,20:15:39,,1000.0,1000.0,1000.0,nan,nan
2023/2/26,20:15:49,,1000.0,1000.0,1000.0,nan,nan
2023/2/26,20:15:59,,1000.0,1000.0,1000.0,nan,nan
2023/2/26,20:16:9,,1000.0,1000.0,1000.0,nan,nan
2023/2/26,20:16:20,,1000.0,1000.0,1000.0,nan,nan
2023/2/26,20:16:30,,1000.0,1000.0,1000.0,nan,nan
2023/2/26,20:16:40,,1000.0,1000.0,1000.0,nan,nan
2023/2/26,20:16:50,,1000.0,1000.0,1000.0,nan,nan
2023/2/26,20:17:0,,1000.0,1000.0,1000.0,nan,nan
2023/2/26,20:17:10,,1000.0,1000.0,1000.0,nan,nan
2023/2/26,20:17:20,,1000.0,1000.0,1000.0,nan,nan
2023/2/26,20:17:30,,1000.0,1000.0,1000.0,nan,nan
2023/2/26,20:17:40,,1000.0,1000.0,1000.0,nan,nan
2023/2/26,20:17:50,,1000.0,1000.0,1000.0,nan,nan
2023/2/26,20:18:0,,1000.0,1000.0,1000.0,nan,nan
2023/2/26,20:18:11,,1000.0,1000.0,1000.0,nan,nan
2023/2/26,20:18:21,,1000.0,1000.0,1000.0,nan,nan
2023/2/26,20:18:31,,1000.0,1000.0,1000.0,nan,nan
2023/2/26,20:18:41,,1000.0,1000.0,1000.0,nan,nan
2023/2/26,20:18:51,,1000.0,1000.0,1000.0,nan,nan
2023/2/26,20:19:1,,1000.0,1000.0,1000.0,nan,nan
2023/2/26,20:19:11,,1000.0,1000.0,1000.0,nan,nan
2023/2/26,20:19:21,,1000.0,1000.0,1000.0,nan,nan
2023/2/26,20:19:31,,994.4,1000.0,1000.0,nan,nan
2023/2/26,20:19:41,,924.6,1000.0,1000.0,nan,nan
2023/2/26,20:19:51,,872.3,1000.0,1000.0,nan,nan
2023/2/26,20:20:2,,857.0,1000.0,1000.0,nan,nan
2023/2/26,20:20:12,,820.0,1000.0,1000.0,nan,nan
2023/2/26,20:20:22,,781.7,1000.0,1000.0,nan,nan
2023/2/26,20:20:32,,753.1,989.0,1000.0,nan,nan
2023/2/26,20:20:42,,678.9,908.2,1000.0,nan,nan
2023/2/26,20:20:52,,659.7,881.3,1000.0,nan,nan
2003/54/2,0:53:0,,614.8,820.0,966.1,nan,nan
2023/2/26,20:21:12,,583.6,777.8,911.8,nan,nan
2023/2/26,20:21:22,,549.9,725.8,856.7,nan,nan
2023/2/26,20:21:32,,502.2,661.9,774.7,nan,nan
2023/2/26,20:21:42,,467.4,614.7,713.4,nan,nan
2023/2/26,20:21:53,,452.3,587.8,676.5,nan,nan
2023/2/26,20:22:3,,432.6,561.5,644.9,nan,nan
2023/2/26,20:22:13,,405.3,526.8,613.2,nan,nan
2001/82/1,0:53:0,,384.6,499.9,577.2,nan,nan
2001/65/1,0:53:0,,360.7,467.5,538.9,nan,nan
2023/2/26,20:22:43,,338.5,439.0,506.5,nan,nan
2023/2/26,20:22:53,,314.7,412.0,474.5,nan,nan
2023/2/26,20:23:3,,297.4,386.0,444.2,nan,nan
2023/2/26,20:23:13,,285.1,365.9,427.1,nan,nan
2023/2/26,20:23:23,,265.7,344.0,400.3,nan,nan
2023/2/26,20:23:33,,248.3,321.4,368.1,nan,nan
2023/2/26,20:23:44,,233.8,302.3,344.1,nan,nan
2023/2/26,20:23:54,,221.2,283.6,325.2,nan,nan
2023/2/26,20:24:4,,205.4,264.0,301.1,nan,nan
2023/2/26,20:24:14,,191.1,245.6,279.4,nan,nan
2023/2/26,20:24:24,,177.7,226.2,258.8,nan,nan
2023/2/26,20:24:34,,163.7,210.8,240.6,nan,nan
2023/2/26,20:24:44,,154.4,199.5,228.7,nan,nan
2023/2/26,20:24:54,,146.4,188.6,218.1,nan,nan
2023/2/26,20:25:4,,137.0,176.8,200.9,nan,nan
2023/2/26,20:25:14,,128.8,164.6,189.4,nan,nan
2023/2/26,20:25:24,,119.6,151.2,172.2,nan,nan
2023/2/26,20:25:35,,109.9,140.5,160.8,nan,nan
2023/2/26,20:25:45,,103.6,131.5,149.1,nan,nan
2023/2/26,20:25:55,,96.6,122.8,139.1,nan,nan
2023/2/26,20:26:5,,89.8,114.3,131.7,nan,nan
2023/2/26,20:26:15,,83.8,106.2,123.7,nan,nan
2023/2/26,20:26:25,,76.6,98.7,113.3,nan,nan
2023/2/26,20:26:35,,70.3,91.8,108.5,nan,nan
2023/2/26,20:26:45,,65.2,84.8,99.0,nan,nan
2023/2/26,20:26:55,,61.5,78.8,92.3,nan,nan
2023/2/26,20:27:5,,56.7,75.1,86.5,nan,nan
2023/2/26,20:27:15,,54.9,73.1,82.5,nan,nan
2023/2/26,20:27:26,,55.5,72.3,83.4,nan,nan
2000/36/0,0:53:0,,55.1,72.1,83.6,nan,nan
2023/2/26,20:27:46,,54.4,72.0,84.6,nan,nan
2023/2/26,20:27:56,,55.0,72.0,83.1,nan,nan
2023/2/26,20:28:6,,55.6,72.0,81.8,nan,nan
2023/2/26,20:28:16,,55.0,71.7,81.1,nan,nan
2000/38/0,0:53:0,,55.2,72.3,81.9,nan,nan
2023/2/26,20:28:36,,55.3,72.4,82.0,nan,nan
2000/37/0,0:53:0,,55.6,71.2,81.0,nan,nan
2023/2/26,20:28:56,,54.9,71.0,80.3,nan,nan
2000/36/0,0:53:0,,53.4,71.0,80.3,nan,nan
2023/2/26,20:29:16,,53.5,69.8,79.0,nan,nan
2023/2/26,20:29:27,,53.2,68.9,78.1,nan,nan
2023/2/26,20:29:37,,53.1,67.9,77.3,nan,nan
2023/2/26,20:29:47,,51.3,67.3,76.3,nan,nan
2000/31/0,0:53:0,,50.0,66.4,76.7,nan,nan
2023/2/26,20:30:7,,51.3,67.6,78.4,nan,nan
2165/15/26,20:30:17,,53.6,69.7,78.7,nan,nan
2023/2/26,20:30:27,,56.3,71.6,80.6,nan,nan
2023/2/26,20:30:37,,55.8,72.9,82.2,nan,nan
2023/2/26,20:30:47,,58.0,74.7,84.3,nan,nan
2023/2/26,20:30:57,,59.1,77.1,87.1,nan,nan
2023/2/26,20:31:7,,60.3,79.2,89.2,nan,nan
2023/2/26,20:31:18,,62.8,80.2,90.2,nan,nan
2023/2/26,20:31:28,,63.9,81.5,91.6,nan,nan
2023/2/26,20:31:38,,65.4,83.0,94.0,nan,nan
2023/2/26,20:31:48,,65.4,83.6,94.6,nan,nan
2023/2/26,20:31:58,,64.1,82.3,92.6,nan,nan
2023/2/26,20:32:8,,64.1,82.2,92.4,nan,nan
2023/2/26,20:32:18,,64.5,82.6,93.2,nan,nan
2023/2/26,20:32:28,,63.8,81.0,91.0,nan,nan
2165/165/165,165:165:38,,62.6,79.6,89.6,nan,nan
2000/45/0,0:53:0,,62.5,79.0,89.0,nan,nan
2023/2/26,20:32:58,,63.6,80.1,90.1,nan,nan
2023/2/26,20:33:9,,64.3,81.0,91.0,nan,nan
2023/2/26,20:33:19,,62.6,81.2,91.2,nan,nan
2023/2/26,20:33:29,,64.9,82.0,92.0,nan,nan
2023/2/26,20:33:39,,64.4,81.4,91.4,nan,nan
2023/2/26,20:33:49,,63.0,81.0,91.1,nan,nan
2023/2/26,20:33:59,,62.8,80.0,90.0,nan,nan
2023/2/26,20:34:9,,62.4,78.8,88.8,nan,nan
2023/2/26,20:34:19,,61.8,78.1,88.1,nan,nan
2023/2/26,20:34:29,,60.5,77.2,87.2,nan,nan
2023/2/26,20:34:39,,60.0,77.0,87.0,nan,nan
2023/2/26,20:34:49,,58.7,75.5,85.5,nan,nan
2023/2/26,20:35:0,,58.2,74.8,84.6,nan,nan
2023/2/26,20:35:10,,57.5,74.4,83.8,nan,nan
2023/2/26,20:35:20,,57.7,74.4,83.8,nan,nan
2023/2/26,20:35:30,,58.2,74.0,83.0,nan,nan
2023/2/26,20:35:40,,56.3,72.3,81.3,nan,nan
2023/2/26,20:35:50,,57.4,72.9,81.9,nan,nan
2023/2/26,20:36:0,,57.8,73.2,82.2,nan,nan
2023/2/26,20:36:10,,59.6,74.6,84.2,nan,nan
2000/42/0,0:53:0,,60.4,75.8,85.8,nan,nan
2023/2/26,20:36:30,,60.8,76.2,86.2,nan,nan
2023/2/26,20:36:40,,62.1,78.0,88.0,nan,nan
2023/2/26,20:36:51,,61.9,78.1,88.1,nan,nan
2023/2/26,20:37:1,,62.7,79.0,89.0,nan,nan
2023/2/26,20:37:11,,62.9,78.7,88.7,nan,nan
2023/2/26,20:37:21,,63.4,79.4,89.4,nan,nan
2023/2/26,20:37:31,,64.2,79.6,89.6,nan,nan
2023/2/26,20:37:41,,62.1,80.0,90.0,nan,nan
2023/2/26,20:37:51,,64.8,82.0,92.3,nan,nan
2023/2/26,20:38:1,,64.2,80.8,90.8,nan,nan
2023/2/26,20:38:11,,62.6,79.8,89.8,nan,nan
2000/43/0,0:53:0,,61.3,79.2,89.2,nan,nan
2000/41/0,0:53:0,,63.2,80.3,90.3,nan,nan
2000/40/0,0:53:0,,63.8,80.4,90.4,nan,nan
2023/2/26,20:38:52,,63.3,79.5,89.5,nan,nan
2000/44/0,0:53:0,,62.8,79.3,89.3,nan,nan
2023/2/26,20:39:12,,63.5,80.0,90.0,nan,nan
2023/2/26,20:39:22,,65.7,80.8,90.8,nan,nan
2000/43/0,0:53:0,,63.3,80.0,90.0,nan,nan
2023/2/26,20:39:42,,63.2,80.8,90.8,nan,nan
2023/2/26,20:39:52,,63.8,80.4,90.4,nan,nan
2023/2/26,20:40:2,,64.8,81.4,91.4,nan,nan
2165/165/165,35:40:12,,64.9,82.0,92.0,nan,nan
2000/45/0,0:53:0,,64.5,80.5,90.5,nan,nan
2165/165/165,20:40:33,,62.2,78.4,88.4,nan,nan
2000/42/0,0:53:0,,60.5,76.3,86.3,nan,nan
2023/2/26,20:40:53,,59.7,76.6,86.6,nan,nan
2023/2/26,20:41:3,,59.2,76.1,86.1,nan,nan
2023/2/26,20:41:13,,58.5,74.0,83.3,nan,nan
2023/2/26,20:41:23,,59.5,74.3,83.6,nan,nan
2023/2/26,20:41:33,,59.4,74.7,84.4,nan,nan
2023/2/26,20:41:43,,59.5,73.8,82.9,nan,nan
2023/2/26,20:41:53,,57.0,72.8,81.8,nan,nan
2023/2/26,20:42:3,,57.7,73.9,83.0,nan,nan
2023/2/26,20:42:13,,58.6,74.8,84.6,nan,nan
2023/2/26,20:42:24,,57.5,74.0,83.3,nan,nan
2023/2/26,20:42:34,,58.1,74.8,84.5,nan,nan
2023/2/26,20:42:44,,60.7,76.5,86.5,nan,nan
2023/2/26,20:42:54,,60.1,76.7,86.7,nan,nan
2023/2/26,20:43:4,,58.9,76.0,86.0,nan,nan
2023/2/26,20:43:14,,59.4,76.9,86.9,nan,nan
2023/2/26,20:43:24,,59.9,77.0,87.0,nan,nan
2023/2/26,20:43:34,,60.5,76.3,86.3,nan,nan
2023/2/26,20:43:44,,59.6,75.9,85.9,nan,nan
2165/165/165,165:165:65,,60.0,75.9,85.9,nan,nan
2023/2/26,20:44:4,,59.2,76.8,86.8,nan,nan
2000/43/0,0:53:0,,61.2,76.8,86.8,nan,nan
2023/2/26,20:44:25,,60.7,76.7,86.7,nan,nan
2000/43/0,0:53:0,,61.3,78.3,88.3,nan,nan
2000/43/0,0:53:0,,60.7,78.3,88.3,nan,nan
2000/45/0,0:53:0,,61.3,78.0,88.0,nan,nan
2023/2/26,20:45:5,,62.2,78.0,88.0,nan,nan
2023/2/26,20:45:15,,61.2,78.0,88.0,nan,nan
2023/2/26,20:45:25,,60.1,77.2,87.2,nan,nan
2000/42/0,0:53:0,,59.4,75.4,85.4,nan,nan
2000/38/0,0:53:0,,57.8,72.4,81.4,nan,nan
2023/2/26,20:45:55,,57.0,72.1,81.3,nan,nan
2023/2/26,20:46:5,,57.9,72.0,81.5,nan,nan
2023/2/26,20:46:16,,58.8,73.9,83.2,nan,nan
2165/165/27,20:46:26,,62.2,77.7,87.7,nan,nan
2023/2/26,20:46:36,,65.8,81.7,92.0,nan,nan
2023/2/26,20:46:46,,68.5,85.2,96.2,nan,nan
2023/2/26,20:46:56,,68.5,87.0,98.2,nan,nan
2023/2/26,20:47:6,,67.5,87.0,98.0,nan,nan
2023/2/26,20:47:16,,67.5,88.0,99.0,nan,nan
2023/2/26,20:47:26,,69.5,88.8,99.9,nan,nan
2023/2/26,20:47:36,,70.8,90.3,102.3,nan,nan
2023/2/26,20:47:46,,70.4,90.4,102.7,nan,nan
2023/2/26,20:47:56,,71.1,91.1,103.1,nan,nan
2023/2/26,20:48:7,,73.5,93.3,105.3,nan,nan
2023/2/26,20:48:17,,76.1,95.5,107.5,nan,nan
2023/2/26,20:48:27,,79.5,98.2,111.0,nan,nan
2023/2/26,20:48:37,,78.1,98.5,111.5,nan,nan
2023/2/26,20:48:47,,78.2,100.0,113.0,nan,nan
2023/2/26,20:48:57,,81.3,103.6,116.9,nan,nan
2023/2/26,20:49:7,,83.5,105.0,119.0,nan,nan
2023/2/26,20:49:17,,83.8,105.4,119.4,nan,nan
2023/2/26,20:49:27,,85.7,107.1,121.1,nan,nan
2023/2/26,20:49:37,,86.2,107.2,121.2,nan,nan
2023/2/26,20:49:47,,85.0,106.7,120.7,nan,nan
2023/2/26,20:49:58,,83.8,105.2,119.2,nan,nan
2023/2/26,20:50:8,,83.2,105.2,119.0,nan,nan
2000/53/0,0:53:0,,84.0,106.7,120.9,nan,nan
2023/2/26,20:50:28,,82.8,106.7,120.7,nan,nan
2023/2/26,20:50:38,,87.0,109.8,123.8,nan,nan
2165/165/165,20:50:48,,89.8,113.0,127.9,nan,nan
2165/165/165,165:165:85,,90.7,115.9,132.0,nan,nan
2023/2/26,20:51:8,,92.5,116.9,132.2,nan,nan
2023/2/26,20:51:18,,92.5,117.9,133.1,nan,nan
2023/2/26,20:51:28,,94.1,118.8,133.8,nan,nan
2023/2/26,20:51:38,,94.8,119.2,134.4,nan,nan
2023/2/26,20:51:49,,91.5,117.3,132.3,nan,nan
2023/2/26,20:51:59,,93.5,116.5,131.5,nan,nan
2000/64/0,0:53:0,,95.1,117.8,132.8,nan,nan
2023/2/26,20:52:19,,93.4,118.3,133.6,nan,nan
2023/2/26,20:52:29,,91.8,116.0,131.1,nan,nan
2023/2/26,20:52:39,,89.9,113.8,128.8,nan,nan
2023/2/26,20:52:49,,92.2,115.5,130.6,nan,nan
2023/2/26,20:52:59,,92.8,116.0,131.0,nan,nan
2023/2/26,20:53:9,,89.2,113.1,127.9,nan,nan
2023/2/26,20:53:19,,85.4,109.1,123.1,nan,nan
2023/2/26,20:53:29,,88.9,110.1,124.1,nan,nan
2023/2/26,20:53:40,,90.7,113.6,128.4,nan,nan
2023/2/26,20:53:50,,93.1,117.0,132.0,nan,nan
2023/2/26,20:54:0,,94.7,118.7,134.0,nan,nan
2023/2/26,20:54:10,,99.4,123.2,139.2,nan,nan
2023/2/26,20:54:20,,102.6,129.9,146.9,nan,nan
2023/2/26,20:54:30,,106.0,134.9,152.4,nan,nan
2023/2/26,20:54:40,,108.4,138.5,157.2,nan,nan
2023/2/26,20:54:50,,110.9,140.7,158.9,nan,nan
2023/2/26,20:55:0,,114.5,144.1,163.1,nan,nan
2023/2/26,20:55:10,,117.2,146.9,166.3,nan,nan
2023/2/26,20:55:20,,116.7,146.8,165.8,nan,nan
2023/2/26,20:55:31,,116.9,146.5,165.5,nan,nan
2000/76/0,0:53:0,,116.6,147.4,166.4,nan,nan
2023/2/26,20:55:51,,117.8,148.5,167.5,nan,nan
2023/2/26,20:56:1,,117.0,146.6,165.6,nan,nan
2023/2/26,20:56:11,,116.5,147.6,167.1,nan,nan
2023/2/26,20:56:21,,119.8,151.2,171.2,nan,nan
2023/2/26,20:56:31,,122.0,152.9,172.9,nan,nan
2023/2/26,20:56:41,,122.5,152.7,172.7,nan,nan
2023/2/26,20:56:51,,122.7,153.4,173.6,nan,nan
2023/2/26,20:57:1,,122.2,153.2,173.2,nan,nan
2023/2/26,20:57:11,,118.5,148.0,167.3,nan,nan
2023/2/26,20:57:22,,110.9,139.7,158.0,nan,nan
2023/2/26,20:57:32,,106.3,132.9,150.1,nan,nan
2023/2/26,20:57:42,,106.1,130.6,147.6,nan,nan
2023/2/26,20:57:52,,103.7,130.0,147.0,nan,nan
2000/72/0,0:53:0,,105.4,132.4,149.6,nan,nan
2023/2/26,20:58:12,,109.5,138.4,156.5,nan,nan
2023/2/26,20:58:22,,117.7,146.5,165.6,nan,nan
2023/2/26,20:58:32,,118.9,150.7,170.4,nan,nan
2023/2/26,20:58:42,,123.4,154.0,174.0,nan,nan
2023/2/26,20:58:52,,124.8,156.4,176.9,nan,nan
2023/2/26,20:59:2,,126.9,160.0,181.0,nan,nan
2023/2/26,20:59:13,,127.4,159.9,180.9,nan,nan
2023/2/26,20:59:23,,127.1,162.0,183.1,nan,nan
2023/2/26,20:59:33,,133.9,168.6,190.7,nan,nan
2023/2/26,20:59:43,,138.8,175.1,198.1,nan,nan
2023/2/26,20:59:53,,141.2,177.2,200.2,nan,nan
2023/2/26,21:0:3,,142.0,177.3,200.3,nan,nan
2023/2/26,21:0:13,,142.0,178.0,201.0,nan,nan
2023/2/26,21:0:23,,143.1,177.4,200.4,nan,nan
2023/2/26,21:0:33,,140.1,174.5,197.5,nan,nan
2023/2/26,21:0:43,,135.4,168.4,190.4,nan,nan
2023/2/26,21:0:53,,130.7,162.7,183.8,nan,nan
2023/2/26,21:1:4,,130.8,163.0,184.0,nan,nan
