2023/2/26,19:38:52,,40.9,55.0,62.9,nan,nan
2023/2/26,19:40:40,,87.7,122.8,132.8,nan,nan
2000/36/0,0:53:0,,27.5,38.6,47.1,nan,nan
2000/49/0,0:53:0,,45.7,66.5,73.1,nan,nan
2000/49/0,0:53:0,,48.0,71.0,80.2,nan,nan
2000/48/0,0:53:0,,47.7,71.3,82.4,nan,nan
2000/50/0,0:53:0,,48.4,73.1,84.9,nan,nan
2000/50/0,0:53:0,,48.4,73.9,86.5,nan,nan
2000/48/0,0:53:0,,48.6,73.4,85.5,nan,nan
2000/49/0,0:53:0,,48.1,72.7,84.3,nan,nan
2000/49/0,0:53:0,,48.8,73.6,83.0,nan,nan
2000/50/0,0:53:0,,48.0,73.7,82.9,nan,nan
2000/49/0,0:53:0,,48.0,72.2,80.6,nan,nan
2000/49/0,0:53:0,,48.2,71.1,79.3,nan,nan
2000/48/0,0:53:0,,48.0,70.2,78.3,nan,nan
2000/46/0,0:53:0,,46.9,68.9,76.6,nan,nan
2000/48/0,0:53:0,,46.5,68.9,77.5,nan,nan
2000/50/0,0:53:0,,48.9,71.8,80.4,nan,nan
2000/46/0,0:53:0,,47.7,71.5,79.8,nan,nan
2000/45/0,0:53:0,,45.2,69.0,76.1,nan,nan
2000/45/0,0:53:0,,44.9,67.7,75.1,nan,nan
2000/46/0,0:53:0,,46.3,68.8,76.0,nan,nan
2000/49/0,0:53:0,,47.6,68.8,77.1,nan,nan
2000/49/0,0:53:0,,47.9,67.8,77.5,nan,nan
2000/44/0,0:53:0,,46.4,65.5,75.2,nan,nan
2000/45/0,0:53:0,,45.1,64.8,72.8,nan,nan
2000/45/0,0:53:0,,45.1,64.7,73.4,nan,nan
2000/44/0,0:53:0,,45.3,67.1,76.0,nan,nan
2000/45/0,0:53:0,,45.0,68.2,77.4,nan,nan
2000/44/0,0:53:0,,45.0,67.0,77.3,nan,nan
2000/43/0,0:53:0,,44.3,65.9,76.7,nan,nan
2000/42/0,0:53:0,,43.7,63.7,75.8,nan,nan
2000/44/0,0:53:0,,44.3,63.4,74.5,nan,nan
2000/41/0,0:53:0,,43.7,62.6,71.8,nan,nan
2000/41/0,0:53:0,,42.8,62.6,72.9,nan,nan
2000/44/0,0:53:0,,44.5,65.6,75.3,nan,nan
2000/44/0,0:53:0,,45.5,66.6,77.2,nan,nan
2000/43/0,0:53:0,,44.9,65.0,75.9,nan,nan
2000/43/0,0:53:0,,44.4,64.5,74.1,nan,nan
2000/51/0,0:53:0,,47.3,69.0,77.4,nan,nan
2000/47/0,0:53:0,,48.2,70.1,78.2,nan,nan
2000/42/0,0:53:0,,44.8,65.5,74.0,nan,nan
2000/45/0,0:53:0,,42.9,61.3,68.7,nan,nan
2000/40/0,0:53:0,,42.3,62.0,70.1,nan,nan
2000/42/0,0:53:0,,42.6,62.0,70.7,nan,nan
2000/44/0,0:53:0,,42.3,62.2,70.7,nan,nan
2000/40/0,0:53:0,,40.9,61.4,71.6,nan,nan
2000/40/0,0:53:0,,42.0,62.1,73.2,nan,nan
2000/41/0,0:53:0,,42.4,62.3,74.4,nan,nan
2000/41/0,0:53:0,,43.0,62.5,73.2,nan,nan
2000/44/0,0:53:0,,41.6,61.5,69.8,nan,nan
2000/44/0,0:53:0,,40.5,61.1,68.8,nan,nan
2000/41/0,0:53:0,,41.7,62.5,69.6,nan,nan
2000/42/0,0:53:0,,43.0,63.3,70.6,nan,nan
2000/45/0,0:53:0,,42.5,63.3,71.8,nan,nan
2000/43/0,0:53:0,,40.8,61.6,71.0,nan,nan
2000/44/0,0:53:0,,41.0,60.9,69.2,nan,nan
2000/40/0,0:53:0,,41.6,61.0,68.4,nan,nan
2000/44/0,0:53:0,,41.1,59.4,68.4,nan,nan
2000/44/0,0:53:0,,41.0,58.4,66.2,nan,nan
2000/43/0,0:53:0,,40.9,60.7,67.8,nan,nan
2000/43/0,0:53:0,,40.5,62.0,68.2,nan,nan
2000/41/0,0:53:0,,39.6,61.2,68.2,nan,nan
2000/41/0,0:53:0,,39.0,61.3,66.5,nan,nan
2000/42/0,0:53:0,,39.8,59.9,65.8,nan,nan
2000/41/0,0:53:0,,39.7,58.9,65.9,nan,nan
2000/42/0,0:53:0,,39.3,59.0,65.5,nan,nan
2000/43/0,0:53:0,,39.8,59.5,65.6,nan,nan
2000/42/0,0:53:0,,42.5,62.5,68.1,nan,nan
2000/43/0,0:53:0,,44.0,63.6,68.3,nan,nan
2000/43/0,0:53:0,,44.1,63.2,68.2,nan,nan
2000/44/0,0:53:0,,42.2,61.3,66.4,nan,nan
2000/40/0,0:53:0,,41.7,59.4,64.8,nan,nan
2000/45/0,0:53:0,,41.7,61.1,67.7,nan,nan
2000/41/0,0:53:0,,42.8,61.5,69.8,nan,nan
2000/44/0,0:53:0,,41.9,59.8,68.9,nan,nan
2000/43/0,0:53:0,,40.2,59.0,65.8,nan,nan
2000/42/0,0:53:0,,40.6,58.5,64.6,nan,nan
2000/42/0,0:53:0,,38.7,57.1,63.3,nan,nan
2000/45/0,0:53:0,,41.5,61.9,66.5,nan,nan
2000/45/0,0:53:0,,41.6,62.1,66.1,nan,nan
2000/44/0,0:53:0,,41.3,61.4,68.7,nan,nan
2000/42/0,0:53:0,,39.8,59.2,68.4,nan,nan
2000/43/0,0:53:0,,39.3,58.1,67.5,nan,nan
2000/44/0,0:53:0,,41.0,59.0,66.6,nan,nan
2000/43/0,0:53:0,,40.4,58.2,65.1,nan,nan
2000/41/0,0:53:0,,39.0,57.7,64.1,nan,nan
2000/39/0,0:53:0,,38.3,56.1,62.5,nan,nan
2000/40/0,0:53:0,,38.2,55.2,61.2,nan,nan
2000/42/0,0:53:0,,39.0,56.3,63.6,nan,nan
2000/42/0,0:53:0,,40.0,57.8,65.5,nan,nan
2000/42/0,0:53:0,,40.0,56.4,64.9,nan,nan
2000/40/0,0:53:0,,39.0,55.7,62.9,nan,nan
2000/40/0,0:53:0,,38.0,54.3,61.4,nan,nan
2000/39/0,0:53:0,,37.9,54.6,61.2,nan,nan
2000/38/0,0:53:0,,37.6,55.0,61.0,nan,nan
2000/38/0,0:53:0,,36.5,52.7,60.7,nan,nan
2000/37/0,0:53:0,,37.0,52.6,60.1,nan,nan
2000/36/0,0:53:0,,36.1,50.7,60.3,nan,nan
2000/35/0,0:53:0,,34.7,50.4,59.5,nan,nan
2000/36/0,0:53:0,,35.3,50.7,58.8,nan,nan
2000/40/0,0:53:0,,37.5,51.8,58.9,nan,nan
2000/37/0,0:53:0,,37.9,52.4,59.3,nan,nan
2000/34/0,0:53:0,,34.5,48.5,58.0,nan,nan
2000/37/0,0:53:0,,35.6,48.6,58.0,nan,nan
2000/36/0,0:53:0,,36.2,49.0,58.6,nan,nan
2000/35/0,0:53:0,,35.9,49.9,59.5,nan,nan
2000/30/0,0:53:0,,33.3,48.2,58.6,nan,nan
2000/33/0,0:53:0,,30.2,44.2,55.2,nan,nan
2000/35/0,0:53:0,,29.7,44.0,55.5,nan,nan
2000/36/0,0:53:0,,34.5,46.8,57.0,nan,nan
2000/35/0,0:53:0,,35.9,48.1,57.1,nan,nan
2000/30/0,0:53:0,,33.2,45.3,56.7,nan,nan
2000/31/0,0:53:0,,32.0,44.8,55.6,nan,nan
2000/35/0,0:53:0,,33.6,47.3,57.7,nan,nan
2000/36/0,0:53:0,,35.2,49.4,58.5,nan,nan
2000/35/0,0:53:0,,35.4,49.9,58.1,nan,nan
2000/31/0,0:53:0,,34.3,47.2,56.6,nan,nan
2000/34/0,0:53:0,,30.4,43.3,54.5,nan,nan
2000/31/0,0:53:0,,31.3,43.8,55.2,nan,nan
2000/32/0,0:53:0,,32.4,45.9,57.4,nan,nan
2000/32/0,0:53:0,,32.9,46.2,58.0,nan,nan
2000/34/0,0:53:0,,31.5,45.1,56.2,nan,nan
2000/34/0,0:53:0,,30.4,43.0,54.8,nan,nan
2000/30/0,0:53:0,,30.5,43.6,55.4,nan,nan
2000/33/0,0:53:0,,33.4,46.0,56.7,nan,nan
2000/32/0,0:53:0,,33.3,46.1,57.0,nan,nan
2000/34/0,0:53:0,,31.7,44.5,54.9,nan,nan
2000/33/0,0:53:0,,29.8,42.5,53.1,nan,nan
2000/35/0,0:53:0,,29.9,42.7,53.4,nan,nan
2000/30/0,0:53:0,,31.7,43.0,53.8,nan,nan
2000/33/0,0:53:0,,30.8,41.8,54.6,nan,nan
2000/30/0,0:53:0,,28.1,40.6,53.9,nan,nan
2000/32/0,0:53:0,,28.3,40.5,51.9,nan,nan
2000/31/0,0:53:0,,30.9,43.3,52.9,nan,nan
2000/31/0,0:53:0,,32.1,45.1,55.4,nan,nan
2000/30/0,0:53:0,,32.2,44.8,55.7,nan,nan
2000/33/0,0:53:0,,30.4,42.9,54.1,nan,nan
2000/32/0,0:53:0,,29.2,40.8,53.1,nan,nan
2000/31/0,0:53:0,,30.6,41.9,54.3,nan,nan
2000/34/0,0:53:0,,33.8,45.4,56.6,nan,nan
2000/33/0,0:53:0,,34.5,47.2,56.8,nan,nan
2000/35/0,0:53:0,,32.0,45.6,55.8,nan,nan
2000/30/0,0:53:0,,30.8,44.4,55.0,nan,nan
2000/31/0,0:53:0,,32.6,45.5,55.7,nan,nan
2000/37/0,0:53:0,,34.4,47.2,57.1,nan,nan
2000/36/0,0:53:0,,36.6,49.1,58.0,nan,nan
2000/35/0,0:53:0,,32.7,44.6,54.9,nan,nan
2000/32/0,0:53:0,,29.4,41.4,53.2,nan,nan
2000/36/0,0:53:0,,32.2,44.2,54.6,nan,nan
2000/44/0,0:53:0,,38.8,51.2,58.8,nan,nan
2000/40/0,0:53:0,,39.7,53.4,60.7,nan,nan
2000/32/0,0:53:0,,35.0,48.8,58.3,nan,nan
2000/30/0,0:53:0,,32.3,46.5,55.9,nan,nan
2000/35/0,0:53:0,,33.4,48.2,55.8,nan,nan
2000/44/0,0:53:0,,38.0,51.9,58.7,nan,nan
2000/40/0,0:53:0,,40.2,55.3,61.4,nan,nan
2000/32/0,0:53:0,,34.9,49.7,58.0,nan,nan
2000/33/0,0:53:0,,32.7,46.7,56.0,nan,nan
2000/42/0,0:53:0,,36.7,49.4,58.0,nan,nan
2000/43/0,0:53:0,,40.1,54.5,60.2,nan,nan
2000/35/0,0:53:0,,37.7,52.7,59.9,nan,nan
2000/35/0,0:53:0,,32.7,47.0,56.6,nan,nan
2000/33/0,0:53:0,,30.4,44.7,55.3,nan,nan
2000/34/0,0:53:0,,31.9,45.8,56.9,nan,nan
2000/38/0,0:53:0,,36.8,50.8,59.6,nan,nan
2000/31/0,0:53:0,,34.0,47.8,56.9,nan,nan
2000/33/0,0:53:0,,30.7,44.1,54.4,nan,nan
2000/31/0,0:53:0,,30.6,45.2,55.7,nan,nan
2000/33/0,0:53:0,,32.8,47.9,56.8,nan,nan
2000/37/0,0:53:0,,35.5,48.6,57.3,nan,nan
2000/31/0,0:53:0,,34.1,46.7,56.3,nan,nan
2000/32/0,0:53:0,,30.0,42.1,54.4,nan,nan
2000/31/0,0:53:0,,27.5,41.0,53.0,nan,nan
2000/34/0,0:53:0,,29.6,42.6,54.0,nan,nan
2000/33/0,0:53:0,,30.9,43.1,54.0,nan,nan
2000/32/0,0:53:0,,29.3,41.5,53.3,nan,nan
2000/29/0,0:53:0,,27.5,39.8,52.3,nan,nan
2000/28/0,0:53:0,,26.5,39.4,51.0,nan,nan
2000/33/0,0:53:0,,27.9,40.7,52.3,nan,nan
2000/34/0,0:53:0,,30.0,42.9,53.9,nan,nan
2000/30/0,0:53:0,,28.7,41.2,53.0,nan,nan
2000/29/0,0:53:0,,26.8,40.0,51.3,nan,nan
2000/33/0,0:53:0,,28.3,40.9,52.1,nan,nan
2000/34/0,0:53:0,,30.2,42.1,52.8,nan,nan
2000/32/0,0:53:0,,30.4,42.6,53.0,nan,nan
2000/30/0,0:53:0,,27.9,41.4,52.0,nan,nan
2000/30/0,0:53:0,,27.4,41.4,51.4,nan,nan
2000/29/0,0:53:0,,27.7,40.9,51.8,nan,nan
2000/33/0,0:53:0,,28.1,40.7,51.8,nan,nan
2000/34/0,0:53:0,,32.8,44.7,54.2,nan,nan
2000/31/0,0:53:0,,33.6,45.9,54.9,nan,nan
2000/32/0,0:53:0,,30.1,42.4,53.3,nan,nan
2000/29/0,0:53:0,,27.6,40.7,51.8,nan,nan
2000/31/0,0:53:0,,27.4,40.7,51.4,nan,nan
2000/33/0,0:53:0,,29.2,44.4,54.6,nan,nan
2000/60/0,0:53:0,,48.9,76.6,91.3,nan,nan
2001/103/0,0:53:0,,85.7,144.4,174.7,nan,nan
2001/135/0,0:53:0,,122.9,226.8,272.1,nan,nan
2001/155/0,0:53:0,,150.5,287.6,351.6,nan,nan
2002/13/1,0:53:0,,173.5,347.4,425.9,nan,nan
2002/22/1,0:53:0,,189.7,409.0,506.8,nan,nan
2002/33/1,0:53:0,,196.6,445.2,558.1,nan,nan
2002/33/1,0:53:0,,202.9,479.3,610.4,nan,nan
2003/37/1,0:53:0,,206.4,503.0,645.4,nan,nan
2003/40/1,0:53:0,,207.8,534.4,688.6,nan,nan
2003/45/1,0:53:0,,211.4,575.2,749.1,nan,nan
2003/40/1,0:53:0,,210.2,608.1,812.4,nan,nan
2003/37/1,0:53:0,,208.2,628.5,851.1,nan,nan
2003/36/1,0:53:0,,206.0,647.1,887.4,nan,nan
2003/31/1,0:53:0,,204.7,669.9,925.1,nan,nan
2004/35/1,0:53:0,,202.6,688.1,957.0,nan,nan
2004/28/1,0:53:0,,198.7,715.7,1009.8,nan,nan
2004/24/1,0:53:0,,196.3,732.6,1048.9,nan,nan
2004/26/1,0:53:0,,196.6,735.6,1055.2,nan,nan
2004/21/1,0:53:0,,194.5,745.3,1078.0,nan,nan
2004/24/1,0:53:0,,191.9,742.3,1071.5,nan,nan
2004/22/1,0:53:0,,194.9,739.3,1050.2,nan,nan
2004/27/1,0:53:0,,194.8,717.9,1020.8,nan,nan
2004/31/1,0:53:0,,200.4,707.3,1010.8,nan,nan
2004/32/1,0:53:0,,203.3,704.5,1003.3,nan,nan
2004/33/1,0:53:0,,201.8,706.3,1007.7,nan,nan
2004/33/1,0:53:0,,200.4,705.1,988.8,nan,nan
2004/31/1,0:53:0,,202.1,704.4,977.6,nan,nan
2003/30/1,0:53:0,,203.4,692.3,953.0,nan,nan
2003/34/1,0:53:0,,200.7,667.2,907.9,nan,nan
2003/34/1,0:53:0,,201.1,650.6,884.4,nan,nan
2003/30/1,0:53:0,,201.9,633.2,861.8,nan,nan
2003/33/1,0:53:0,,204.0,619.8,836.5,nan,nan
2003/33/1,0:53:0,,204.0,604.3,817.9,nan,nan
2003/35/1,0:53:0,,205.3,584.7,790.8,nan,nan
2003/35/1,0:53:0,,205.5,572.9,764.0,nan,nan
2003/34/1,0:53:0,,205.8,555.4,731.2,nan,nan
2003/35/1,0:53:0,,205.9,540.4,701.5,nan,nan
2003/32/1,0:53:0,,204.4,522.2,669.9,nan,nan
2002/34/1,0:53:0,,203.0,505.7,647.6,nan,nan
2002/30/1,0:53:0,,199.3,486.1,627.0,nan,nan
2002/28/1,0:53:0,,198.2,472.1,602.3,nan,nan
2002/29/1,0:53:0,,197.9,455.2,569.6,nan,nan
2002/22/1,0:53:0,,195.1,438.7,544.6,nan,nan
2002/23/1,0:53:0,,190.5,418.6,526.2,nan,nan
2002/16/1,0:53:0,,186.8,400.4,503.3,nan,nan
2002/14/1,0:53:0,,181.7,382.1,478.5,nan,nan
2002/9/1,0:53:0,,177.8,368.7,457.7,nan,nan
2002/1/1,0:53:0,,173.7,352.2,432.1,nan,nan
2001/159/0,0:53:0,,167.8,333.7,408.2,nan,nan
2001/150/0,0:53:0,,162.2,318.4,391.7,nan,nan
2001/149/0,0:53:0,,156.6,303.6,372.1,nan,nan
2001/145/0,0:53:0,,151.2,287.6,348.2,nan,nan
2001/133/0,0:53:0,,144.5,271.5,328.0,nan,nan
2001/130/0,0:53:0,,137.1,257.5,309.5,nan,nan
2001/124/0,0:53:0,,131.5,245.4,295.8,nan,nan
2001/121/0,0:53:0,,126.3,233.8,286.8,nan,nan
2001/113/0,0:53:0,,121.2,223.7,272.3,nan,nan
2001/109/0,0:53:0,,115.0,210.2,251.3,nan,nan
2001/103/0,0:53:0,,107.6,194.3,233.7,nan,nan
2001/99/0,0:53:0,,103.0,180.4,218.5,nan,nan
2000/92/0,0:53:0,,98.6,171.2,206.7,nan,nan
2000/92/0,0:53:0,,95.2,163.4,198.3,nan,nan
2000/83/0,0:53:0,,89.4,152.7,184.5,nan,nan
2000/79/0,0:53:0,,82.9,144.1,172.0,nan,nan
2000/73/0,0:53:0,,77.7,135.0,161.3,nan,nan
2000/71/0,0:53:0,,75.6,128.2,151.1,nan,nan
2000/69/0,0:53:0,,72.2,120.0,141.0,nan,nan
2000/60/0,0:53:0,,66.7,111.2,132.1,nan,nan
2000/62/0,0:53:0,,62.3,102.6,123.8,nan,nan
2000/56/0,0:53:0,,58.1,96.1,112.9,nan,nan
2000/58/0,0:53:0,,58.1,93.2,106.3,nan,nan
2000/50/0,0:53:0,,55.8,88.0,99.0,nan,nan
2000/48/0,0:53:0,,49.5,80.4,92.9,nan,nan
2000/40/0,0:53:0,,44.2,72.6,85.0,nan,nan
2000/40/0,0:53:0,,41.9,67.1,80.6,nan,nan
2000/42/0,0:53:0,,43.6,66.0,79.5,nan,nan
2000/43/0,0:53:0,,42.0,64.0,76.8,nan,nan
2000/35/0,0:53:0,,37.4,58.0,70.0,nan,nan
2000/33/0,0:53:0,,33.8,54.3,64.4,nan,nan
2000/36/0,0:53:0,,34.0,52.9,63.0,nan,nan
2000/38/0,0:53:0,,36.6,54.9,65.1,nan,nan
2000/35/0,0:53:0,,35.9,52.8,61.4,nan,nan
2000/30/0,0:53:0,,33.1,49.2,58.0,nan,nan
2000/35/0,0:53:0,,31.3,48.6,57.4,nan,nan
2000/31/0,0:53:0,,31.3,49.1,58.2,nan,nan
2000/35/0,0:53:0,,33.8,52.0,59.4,nan,nan
2000/33/0,0:53:0,,34.5,53.2,58.8,nan,nan
2000/31/0,0:53:0,,32.2,50.0,58.3,nan,nan
2000/31/0,0:53:0,,31.7,49.0,58.6,nan,nan
2000/34/0,0:53:0,,32.4,50.2,60.4,nan,nan
2000/36/0,0:53:0,,35.2,53.1,63.8,nan,nan
2000/33/0,0:53:0,,34.1,52.2,61.5,nan,nan
2000/35/0,0:53:0,,32.0,49.6,58.8,nan,nan
2000/31/0,0:53:0,,29.5,47.1,57.5,nan,nan
2000/34/0,0:53:0,,29.4,47.5,57.8,nan,nan
2000/30/0,0:53:0,,31.5,50.4,59.5,nan,nan
2000/32/0,0:53:0,,32.7,52.0,60.6,nan,nan
2000/35/0,0:53:0,,31.8,50.5,59.6,nan,nan
2000/33/0,0:53:0,,29.9,47.2,57.4,nan,nan
2000/35/0,0:53:0,,32.4,50.4,59.2,nan,nan
2000/37/0,0:53:0,,35.2,53.1,60.2,nan,nan
2000/39/0,0:53:0,,37.0,53.8,60.3,nan,nan
2000/36/0,0:53:0,,36.4,53.1,59.9,nan,nan
2000/36/0,0:53:0,,35.2,54.1,62.3,nan,nan
2000/38/0,0:53:0,,36.9,56.0,64.7,nan,nan
2000/39/0,0:53:0,,37.4,57.2,64.1,nan,nan
2000/40/0,0:53:0,,38.0,56.5,63.0,nan,nan
2000/37/0,0:53:0,,37.4,55.6,62.6,nan,nan
2000/38/0,0:53:0,,37.0,55.7,62.6,nan,nan
2000/44/0,0:53:0,,38.9,58.4,65.2,nan,nan
2000/43/0,0:53:0,,41.0,60.0,65.8,nan,nan
2000/37/0,0:53:0,,37.8,58.3,63.1,nan,nan
2000/36/0,0:53:0,,36.0,55.3,61.6,nan,nan
2000/37/0,0:53:0,,35.1,54.2,60.2,nan,nan
2000/38/0,0:53:0,,36.7,54.0,61.3,nan,nan
2000/37/0,0:53:0,,37.0,54.3,61.3,nan,nan
2000/37/0,0:53:0,,36.3,55.1,62.7,nan,nan
2000/37/0,0:53:0,,36.0,56.0,62.1,nan,nan
2000/37/0,0:53:0,,35.9,55.6,61.5,nan,nan
2000/41/0,0:53:0,,37.8,55.8,62.0,nan,nan
2000/41/0,0:53:0,,39.1,56.8,62.7,nan,nan
2000/37/0,0:53:0,,37.7,55.7,60.7,nan,nan
2000/35/0,0:53:0,,35.8,53.7,60.7,nan,nan
2000/40/0,0:53:0,,36.0,54.7,61.4,nan,nan
2000/40/0,0:53:0,,38.4,57.6,63.2,nan,nan
2000/36/0,0:53:0,,36.8,54.3,60.1,nan,nan
2000/31/0,0:53:0,,33.9,51.8,58.7,nan,nan
2000/31/0,0:53:0,,32.1,50.1,59.0,nan,nan
2000/33/0,0:53:0,,33.0,50.6,58.2,nan,nan
2000/36/0,0:53:0,,35.3,53.2,59.4,nan,nan
2000/32/0,0:53:0,,34.1,52.0,59.4,nan,nan
2000/31/0,0:53:0,,32.4,49.4,58.4,nan,nan
2000/34/0,0:53:0,,32.8,50.0,59.0,nan,nan
2000/37/0,0:53:0,,35.5,53.2,60.6,nan,nan
2000/37/0,0:53:0,,36.2,53.5,60.5,nan,nan
2000/37/0,0:53:0,,37.0,54.6,61.1,nan,nan
2000/36/0,0:53:0,,35.7,53.7,60.4,nan,nan
2000/35/0,0:53:0,,35.0,52.8,60.0,nan,nan
2000/37/0,0:53:0,,35.2,53.6,59.7,nan,nan
2000/35/0,0:53:0,,35.5,53.5,59.8,nan,nan
2000/36/0,0:53:0,,35.0,53.8,59.0,nan,nan
2000/33/0,0:53:0,,34.3,51.7,57.8,nan,nan
2000/33/0,0:53:0,,33.4,50.4,57.3,nan,nan
2000/36/0,0:53:0,,34.5,51.0,58.3,nan,nan
2000/41/0,0:53:0,,37.2,54.1,60.5,nan,nan
2000/38/0,0:53:0,,38.3,55.3,61.3,nan,nan
2000/34/0,0:53:0,,35.2,52.0,59.2,nan,nan
2000/35/0,0:53:0,,34.3,50.5,57.9,nan,nan
2000/36/0,0:53:0,,35.6,51.7,58.5,nan,nan
2000/40/0,0:53:0,,37.1,53.6,60.2,nan,nan
2000/39/0,0:53:0,,38.4,55.0,61.4,nan,nan
2000/35/0,0:53:0,,36.6,52.3,60.0,nan,nan
2000/34/0,0:53:0,,34.4,50.6,59.5,nan,nan
2000/36/0,0:53:0,,34.1,51.6,59.0,nan,nan
2000/42/0,0:53:0,,38.1,56.0,61.0,nan,nan
2000/41/0,0:53:0,,40.2,59.7,63.4,nan,nan
2000/35/0,0:53:0,,36.4,55.2,60.4,nan,nan
2000/33/0,0:53:0,,34.1,52.1,59.1,nan,nan
2000/36/0,0:53:0,,34.0,52.1,60.3,nan,nan
2000/39/0,0:53:0,,36.7,55.5,61.7,nan,nan
2000/39/0,0:53:0,,37.9,56.9,61.5,nan,nan
2000/35/0,0:53:0,,36.2,53.6,59.8,nan,nan
2000/35/0,0:53:0,,34.2,51.1,59.2,nan,nan
2000/40/0,0:53:0,,36.5,52.9,60.5,nan,nan
2000/40/0,0:53:0,,41.1,56.9,62.2,nan,nan
2000/42/0,0:53:0,,41.1,56.4,62.5,nan,nan
2000/35/0,0:53:0,,36.7,52.1,60.0,nan,nan
2000/32/0,0:53:0,,33.5,48.7,58.5,nan,nan
2000/34/0,0:53:0,,33.3,50.0,59.0,nan,nan
2000/39/0,0:53:0,,36.6,53.4,59.7,nan,nan
2000/38/0,0:53:0,,37.9,53.8,60.0,nan,nan
2000/35/0,0:53:0,,35.9,50.9,59.1,nan,nan
2000/34/0,0:53:0,,33.9,50.0,58.0,nan,nan
2000/38/0,0:53:0,,36.1,52.6,59.5,nan,nan
2000/40/0,0:53:0,,37.3,55.4,61.0,nan,nan
2000/42/0,0:53:0,,39.3,57.4,63.1,nan,nan
2000/36/0,0:53:0,,36.8,53.8,60.4,nan,nan
2000/33/0,0:53:0,,34.4,51.3,59.7,nan,nan
2000/35/0,0:53:0,,33.7,51.4,59.7,nan,nan
2000/37/0,0:53:0,,36.5,53.7,60.6,nan,nan
2000/36/0,0:53:0,,36.1,54.3,60.6,nan,nan
2000/33/0,0:53:0,,34.6,52.7,59.8,nan,nan
2000/32/0,0:53:0,,33.2,50.9,58.6,nan,nan
2000/36/0,0:53:0,,34.2,50.5,58.4,nan,nan
2000/39/0,0:53:0,,36.9,53.7,60.9,nan,nan
2000/37/0,0:53:0,,37.4,54.9,63.0,nan,nan
2000/37/0,0:53:0,,36.9,54.6,61.2,nan,nan
2000/35/0,0:53:0,,35.4,54.2,60.6,nan,nan
2000/33/0,0:53:0,,34.0,52.2,59.6,nan,nan
2000/35/0,0:53:0,,33.5,51.0,58.0,nan,nan
2000/38/0,0:53:0,,36.6,54.1,59.3,nan,nan
2000/39/0,0:53:0,,38.0,54.7,60.2,nan,nan
2000/35/0,0:53:0,,36.1,54.0,60.1,nan,nan
2000/37/0,0:53:0,,35.2,54.2,60.5,nan,nan
2000/40/0,0:53:0,,37.1,54.8,61.1,nan,nan
2000/45/0,0:53:0,,39.8,57.5,63.7,nan,nan
2000/43/0,0:53:0,,41.1,58.5,66.3,nan,nan
2000/40/0,0:53:0,,38.8,57.0,64.4,nan,nan
2000/40/0,0:53:0,,38.1,57.0,64.4,nan,nan
2000/40/0,0:53:0,,40.7,59.6,67.1,nan,nan
2000/40/0,0:53:0,,42.8,62.0,69.7,nan,nan
2000/40/0,0:53:0,,42.0,61.1,69.6,nan,nan
2000/43/0,0:53:0,,41.5,61.9,70.0,nan,nan
2000/41/0,0:53:0,,41.6,62.0,71.2,nan,nan
2000/43/0,0:53:0,,43.9,65.5,75.0,nan,nan
2000/47/0,0:53:0,,45.0,67.3,75.4,nan,nan
2000/45/0,0:53:0,,45.8,69.5,75.6,nan,nan
2000/43/0,0:53:0,,44.1,68.1,74.1,nan,nan
2000/45/0,0:53:0,,44.6,67.5,74.5,nan,nan
2000/48/0,0:53:0,,47.0,69.8,78.3,nan,nan
2000/49/0,0:53:0,,47.7,69.0,78.9,nan,nan
2000/48/0,0:53:0,,47.7,70.8,80.3,nan,nan
2000/48/0,0:53:0,,48.0,71.0,80.6,nan,nan
2000/45/0,0:53:0,,46.3,70.4,77.7,nan,nan
2000/46/0,0:53:0,,46.1,69.1,76.0,nan,nan
2000/50/0,0:53:0,,48.1,72.6,79.7,nan,nan
2000/52/0,0:53:0,,49.5,74.9,84.5,nan,nan
2000/49/0,0:53:0,,49.3,72.6,83.4,nan,nan
2000/50/0,0:53:0,,48.3,71.3,81.6,nan,nan
2000/52/0,0:53:0,,49.2,74.9,86.8,nan,nan
2000/53/0,0:53:0,,50.4,77.8,89.6,nan,nan
2000/51/0,0:53:0,,52.6,80.5,93.0,nan,nan
2000/54/0,0:53:0,,55.1,83.5,96.7,nan,nan
2000/54/0,0:53:0,,55.7,82.5,94.1,nan,nan
2000/53/0,0:53:0,,55.5,82.5,93.6,nan,nan
2000/53/0,0:53:0,,54.4,82.3,93.0,nan,nan
2000/57/0,0:53:0,,56.2,83.9,94.6,nan,nan
2000/59/0,0:53:0,,58.7,85.7,96.6,nan,nan
2000/55/0,0:53:0,,57.2,84.7,95.9,nan,nan
2000/54/0,0:53:0,,55.4,82.3,92.6,nan,nan
2000/52/0,0:53:0,,54.9,80.5,89.7,nan,nan
2000/55/0,0:53:0,,55.1,80.3,89.8,nan,nan
2000/56/0,0:53:0,,57.1,83.7,93.4,nan,nan
2000/53/0,0:53:0,,55.8,82.7,92.1,nan,nan
2000/51/0,0:53:0,,54.1,79.6,89.5,nan,nan
2000/55/0,0:53:0,,55.3,81.9,95.2,nan,nan
2000/59/0,0:53:0,,57.5,86.4,99.2,nan,nan
2000/59/0,0:53:0,,58.8,88.4,98.2,nan,nan
2000/63/0,0:53:0,,60.5,89.0,97.6,nan,nan
2000/65/0,0:53:0,,62.8,92.7,104.7,nan,nan
2000/65/0,0:53:0,,64.4,96.0,107.0,nan,nan
2000/67/0,0:53:0,,67.5,100.1,111.2,nan,nan
2000/67/0,0:53:0,,68.3,101.0,111.8,nan,nan
2000/67/0,0:53:0,,68.6,100.9,111.7,nan,nan
2000/68/0,0:53:0,,69.1,103.0,114.1,nan,nan
2000/69/0,0:53:0,,68.7,102.5,114.4,nan,nan
2000/66/0,0:53:0,,68.4,100.9,113.4,nan,nan
2000/69/0,0:53:0,,69.2,100.4,114.2,nan,nan
2000/70/0,0:53:0,,69.7,102.4,115.7,nan,nan
2000/72/0,0:53:0,,71.4,103.0,117.4,nan,nan
2000/71/0,0:53:0,,71.4,103.8,116.0,nan,nan
2000/73/0,0:53:0,,71.2,104.3,116.9,nan,nan
2000/72/0,0:53:0,,71.1,106.1,119.9,nan,nan
2000/73/0,0:53:0,,72.2,106.0,121.2,nan,nan
2000/72/0,0:53:0,,72.1,105.0,122.9,nan,nan
2000/70/0,0:53:0,,71.2,103.3,120.6,nan,nan
2000/70/0,0:53:0,,70.8,101.9,117.4,nan,nan
2000/70/0,0:53:0,,70.2,103.0,116.2,nan,nan
2000/68/0,0:53:0,,69.6,105.1,116.3,nan,nan
2000/68/0,0:53:0,,69.3,104.9,117.1,nan,nan
2000/72/0,0:53:0,,70.0,103.4,115.2,nan,nan
2000/75/0,0:53:0,,72.6,106.5,119.7,nan,nan
2000/70/0,0:53:0,,73.9,111.0,125.5,nan,nan
2000/72/0,0:53:0,,74.5,112.2,126.8,nan,nan
2000/76/0,0:53:0,,77.4,114.9,128.9,nan,nan
2000/73/0,0:53:0,,77.5,113.5,127.4,nan,nan
2000/74/0,0:53:0,,76.2,113.7,127.6,nan,nan
2000/75/0,0:53:0,,76.8,113.8,127.1,nan,nan
2000/78/0,0:53:0,,79.4,117.6,132.7,nan,nan
2000/84/0,0:53:0,,82.0,120.9,134.4,nan,nan
2000/85/0,0:53:0,,84.2,124.1,137.7,nan,nan
2000/80/0,0:53:0,,84.7,125.1,141.4,nan,nan
2000/85/0,0:53:0,,85.3,125.5,144.3,nan,nan
2000/85/0,0:53:0,,84.4,123.2,141.0,nan,nan
