2023/2/27,10:54:37,,36.9,62.7,73.4,nan,nan
2023/2/27,10:55:10,,39.8,68.2,76.9,nan,nan
2000/65/0,0:53:0,,61.4,86.3,89.5,nan,nan
2000/44/0,0:53:0,,51.4,72.4,78.2,nan,nan
2000/58/0,0:53:0,,49.5,71.3,75.6,nan,nan
2000/61/0,0:53:0,,60.8,87.5,90.2,nan,nan
2000/53/0,0:53:0,,56.4,82.2,85.2,nan,nan
2000/51/0,0:53:0,,53.7,80.6,88.0,nan,nan
2000/53/0,0:53:0,,55.4,80.0,86.8,nan,nan
2000/50/0,0:53:0,,53.2,77.6,80.5,nan,nan
2000/54/0,0:53:0,,55.7,80.4,82.0,nan,nan
2000/53/0,0:53:0,,53.0,77.8,81.4,nan,nan
2000/50/0,0:53:0,,52.3,80.1,82.8,nan,nan
2000/51/0,0:53:0,,52.5,79.3,80.2,nan,nan
2000/51/0,0:53:0,,53.0,79.3,80.0,nan,nan
2000/50/0,0:53:0,,53.0,75.2,78.7,nan,nan
2000/55/0,0:53:0,,52.9,75.6,80.1,nan,nan
2000/50/0,0:53:0,,53.0,76.1,83.2,nan,nan
2000/55/0,0:53:0,,52.4,77.6,85.2,nan,nan
2000/50/0,0:53:0,,52.6,77.8,85.3,nan,nan
2000/52/0,0:53:0,,52.6,78.3,83.4,nan,nan
2000/55/0,0:53:0,,52.7,76.5,79.8,nan,nan
2000/53/0,0:53:0,,51.1,76.5,80.3,nan,nan
2000/55/0,0:53:0,,51.3,75.2,78.6,nan,nan
2000/51/0,0:53:0,,52.6,76.8,79.6,nan,nan
2000/52/0,0:53:0,,53.1,77.8,80.4,nan,nan
2000/51/0,0:53:0,,54.1,78.8,81.3,nan,nan
2000/51/0,0:53:0,,52.3,78.0,82.9,nan,nan
2000/52/0,0:53:0,,50.6,78.0,82.0,nan,nan
2000/53/0,0:53:0,,50.7,77.0,82.4,nan,nan
2000/51/0,0:53:0,,49.9,78.8,81.5,nan,nan
2000/51/0,0:53:0,,50.2,77.5,81.5,nan,nan
2000/53/0,0:53:0,,49.4,75.4,79.4,nan,nan
2000/55/0,0:53:0,,51.6,76.6,80.6,nan,nan
2000/54/0,0:53:0,,52.1,76.6,79.1,nan,nan
2000/82/0,0:53:0,,75.5,101.2,103.5,nan,nan
2000/60/0,0:53:0,,78.4,104.9,106.9,nan,nan
2000/59/0,0:53:0,,54.7,83.9,85.2,nan,nan
2000/65/0,0:53:0,,67.9,95.1,97.0,nan,nan
2000/65/0,0:53:0,,63.9,91.7,93.9,nan,nan
2000/56/0,0:53:0,,58.1,84.5,87.7,nan,nan
2000/63/0,0:53:0,,63.1,90.2,97.3,nan,nan
2000/54/0,0:53:0,,56.1,83.2,87.6,nan,nan
2000/65/0,0:53:0,,59.0,86.6,87.4,nan,nan
2000/61/0,0:53:0,,59.6,87.3,92.6,nan,nan
2000/53/0,0:53:0,,56.8,83.5,86.6,nan,nan
2000/51/0,0:53:0,,52.7,76.8,80.2,nan,nan
2000/60/0,0:53:0,,57.8,83.4,85.9,nan,nan
2000/62/0,0:53:0,,66.3,93.7,98.0,nan,nan
2000/59/0,0:53:0,,59.1,85.5,92.4,nan,nan
2000/55/0,0:53:0,,53.8,77.8,82.1,nan,nan
2000/52/0,0:53:0,,50.8,74.3,78.1,nan,nan
2000/52/0,0:53:0,,54.2,79.9,84.4,nan,nan
2000/72/0,0:53:0,,58.8,83.9,87.5,nan,nan
2000/65/0,0:53:0,,69.8,96.3,100.9,nan,nan
2000/71/0,0:53:0,,67.2,93.5,99.9,nan,nan
2000/62/0,0:53:0,,65.6,92.6,96.7,nan,nan
2000/64/0,0:53:0,,58.6,82.8,85.5,nan,nan
2000/82/0,0:53:0,,72.9,99.8,102.1,nan,nan
2000/79/0,0:53:0,,78.7,107.6,109.8,nan,nan
2000/95/0,0:53:0,,84.1,113.3,114.0,nan,nan
2000/96/0,0:53:0,,101.3,126.8,128.7,nan,nan
2000/71/0,0:53:0,,83.6,109.2,112.3,nan,nan
2000/99/0,0:53:0,,85.1,110.4,111.1,nan,nan
2000/89/0,0:53:0,,95.0,120.7,123.8,nan,nan
2000/74/0,0:53:0,,79.2,107.8,112.0,nan,nan
2000/59/0,0:53:0,,69.1,95.6,100.0,nan,nan
2000/53/0,0:53:0,,50.6,74.0,79.2,nan,nan
2000/54/0,0:53:0,,50.2,74.2,79.1,nan,nan
2000/51/0,0:53:0,,50.1,78.1,80.3,nan,nan
2000/54/0,0:53:0,,49.2,75.7,79.9,nan,nan
2000/55/0,0:53:0,,51.2,77.0,81.0,nan,nan
2000/53/0,0:53:0,,51.1,77.7,81.3,nan,nan
2000/50/0,0:53:0,,51.2,75.8,79.0,nan,nan
2000/55/0,0:53:0,,55.6,80.5,82.1,nan,nan
2000/53/0,0:53:0,,49.3,76.3,79.4,nan,nan
2000/47/0,0:53:0,,49.2,71.7,76.3,nan,nan
2000/50/0,0:53:0,,47.6,69.7,75.4,nan,nan
2000/53/0,0:53:0,,49.5,75.5,78.7,nan,nan
2000/55/0,0:53:0,,50.2,78.7,80.7,nan,nan
2000/50/0,0:53:0,,53.2,80.2,82.2,nan,nan
2000/54/0,0:53:0,,52.8,78.9,81.0,nan,nan
2000/48/0,0:53:0,,49.8,78.5,81.3,nan,nan
2000/52/0,0:53:0,,49.1,77.2,79.8,nan,nan
2000/54/0,0:53:0,,50.6,77.5,82.6,nan,nan
2000/50/0,0:53:0,,51.1,73.0,79.5,nan,nan
2000/51/0,0:53:0,,48.5,72.8,78.2,nan,nan
2000/52/0,0:53:0,,49.6,74.8,79.0,nan,nan
2000/50/0,0:53:0,,48.2,72.5,76.9,nan,nan
2000/51/0,0:53:0,,49.7,74.1,77.6,nan,nan
2000/47/0,0:53:0,,47.2,73.4,77.5,nan,nan
2000/52/0,0:53:0,,48.3,74.9,78.4,nan,nan
2000/54/0,0:53:0,,51.0,79.9,83.0,nan,nan
2000/54/0,0:53:0,,50.3,78.4,81.1,nan,nan
2000/49/0,0:53:0,,48.2,72.1,77.1,nan,nan
2000/51/0,0:53:0,,48.6,72.0,77.0,nan,nan
2000/52/0,0:53:0,,49.9,76.4,78.5,nan,nan
2000/55/0,0:53:0,,49.7,74.9,78.6,nan,nan
2000/51/0,0:53:0,,52.8,76.6,79.8,nan,nan
2000/55/0,0:53:0,,51.6,73.4,77.3,nan,nan
2000/52/0,0:53:0,,50.2,73.1,76.8,nan,nan
2000/51/0,0:53:0,,48.8,72.4,78.1,nan,nan
2000/54/0,0:53:0,,49.4,72.3,77.2,nan,nan
2000/53/0,0:53:0,,51.0,74.9,79.3,nan,nan
2000/52/0,0:53:0,,49.9,72.6,77.8,nan,nan
2000/53/0,0:53:0,,49.5,75.1,80.2,nan,nan
2000/49/0,0:53:0,,48.2,73.7,76.8,nan,nan
2000/49/0,0:53:0,,47.6,71.1,77.5,nan,nan
2000/49/0,0:53:0,,47.5,74.0,80.1,nan,nan
2000/47/0,0:53:0,,48.5,75.2,80.0,nan,nan
2000/50/0,0:53:0,,48.9,73.2,79.0,nan,nan
2000/47/0,0:53:0,,47.5,73.2,78.0,nan,nan
2000/55/0,0:53:0,,52.9,78.6,80.8,nan,nan
2000/50/0,0:53:0,,54.5,80.1,82.2,nan,nan
2000/49/0,0:53:0,,50.3,74.0,78.7,nan,nan
2000/50/0,0:53:0,,46.7,69.0,76.4,nan,nan
2000/52/0,0:53:0,,48.7,71.8,77.6,nan,nan
2000/54/0,0:53:0,,51.8,75.4,79.5,nan,nan
2000/53/0,0:53:0,,49.3,73.7,77.6,nan,nan
2000/46/0,0:53:0,,50.1,75.1,78.0,nan,nan
2000/44/0,0:53:0,,43.2,68.8,75.2,nan,nan
2000/49/0,0:53:0,,46.2,71.7,77.3,nan,nan
2000/51/0,0:53:0,,48.8,72.8,77.5,nan,nan
2000/54/0,0:53:0,,49.0,72.0,76.7,nan,nan
2000/50/0,0:53:0,,50.1,73.5,78.0,nan,nan
2000/53/0,0:53:0,,56.5,82.4,85.7,nan,nan
2000/50/0,0:53:0,,49.4,70.3,77.4,nan,nan
2000/48/0,0:53:0,,48.8,70.2,77.2,nan,nan
2000/54/0,0:53:0,,51.3,77.4,81.9,nan,nan
2000/53/0,0:53:0,,52.3,81.7,84.6,nan,nan
2000/48/0,0:53:0,,47.0,74.9,78.7,nan,nan
2000/50/0,0:53:0,,47.1,72.9,78.3,nan,nan
2000/47/0,0:53:0,,47.2,71.4,77.5,nan,nan
2000/48/0,0:53:0,,45.9,69.5,77.6,nan,nan
2000/45/0,0:53:0,,45.6,70.8,77.3,nan,nan
2000/41/0,0:53:0,,44.4,69.4,76.0,nan,nan
2000/46/0,0:53:0,,43.8,67.2,75.8,nan,nan
2000/46/0,0:53:0,,45.9,73.1,79.4,nan,nan
2000/51/0,0:53:0,,48.1,74.4,78.5,nan,nan
2000/46/0,0:53:0,,46.9,72.1,77.5,nan,nan
2000/80/0,0:53:0,,55.2,76.7,82.8,nan,nan
2000/90/0,0:53:0,,90.9,115.4,120.4,nan,nan
2000/88/0,0:53:0,,93.2,116.2,120.0,nan,nan
2000/61/0,0:53:0,,78.9,103.2,106.0,nan,nan
2000/55/0,0:53:0,,60.0,83.0,84.1,nan,nan
2000/48/0,0:53:0,,52.9,77.2,79.1,nan,nan
2000/47/0,0:53:0,,47.1,71.9,77.6,nan,nan
2000/46/0,0:53:0,,46.3,72.0,77.3,nan,nan
2000/46/0,0:53:0,,46.0,69.7,76.0,nan,nan
2000/45/0,0:53:0,,46.0,68.4,75.9,nan,nan
2000/47/0,0:53:0,,46.5,69.6,77.0,nan,nan
2000/44/0,0:53:0,,45.6,69.5,77.5,nan,nan
2000/49/0,0:53:0,,45.9,71.3,78.1,nan,nan
2000/46/0,0:53:0,,47.0,70.3,76.0,nan,nan
2000/49/0,0:53:0,,46.1,71.1,77.0,nan,nan
2000/47/0,0:53:0,,47.9,71.1,77.4,nan,nan
2000/45/0,0:53:0,,46.1,70.4,76.7,nan,nan
2000/47/0,0:53:0,,46.6,69.8,76.8,nan,nan
2000/47/0,0:53:0,,46.1,72.5,79.4,nan,nan
2000/48/0,0:53:0,,46.4,72.5,79.6,nan,nan
2000/48/0,0:53:0,,48.4,74.3,79.1,nan,nan
2000/45/0,0:53:0,,46.2,70.6,77.1,nan,nan
2000/46/0,0:53:0,,45.1,67.4,74.7,nan,nan
2000/46/0,0:53:0,,45.6,66.6,74.3,nan,nan
2000/46/0,0:53:0,,46.5,66.4,74.9,nan,nan
2000/46/0,0:53:0,,44.9,67.6,75.8,nan,nan
2000/46/0,0:53:0,,46.6,67.9,75.8,nan,nan
2000/49/0,0:53:0,,47.2,67.7,75.7,nan,nan
2000/80/0,0:53:0,,62.7,84.5,88.0,nan,nan
2000/72/0,0:53:0,,76.4,100.8,105.1,nan,nan
2000/47/0,0:53:0,,53.2,78.1,82.1,nan,nan
2000/54/0,0:53:0,,49.0,75.0,78.6,nan,nan
2000/55/0,0:53:0,,55.0,79.6,84.1,nan,nan
2000/62/0,0:53:0,,58.5,83.4,88.4,nan,nan
2000/61/0,0:53:0,,65.3,88.2,92.2,nan,nan
2000/57/0,0:53:0,,62.7,86.4,89.9,nan,nan
2000/59/0,0:53:0,,53.7,77.1,81.3,nan,nan
2000/62/0,0:53:0,,61.0,85.2,88.1,nan,nan
2000/58/0,0:53:0,,59.2,81.9,83.8,nan,nan
2000/71/0,0:53:0,,61.8,87.0,87.0,nan,nan
2000/57/0,0:53:0,,63.3,88.5,89.0,nan,nan
2000/49/0,0:53:0,,50.0,77.1,79.6,nan,nan
2000/54/0,0:53:0,,49.7,75.6,79.1,nan,nan
2000/61/0,0:53:0,,56.2,77.9,81.0,nan,nan
2000/72/0,0:53:0,,64.5,86.2,87.7,nan,nan
2000/59/0,0:53:0,,63.4,88.9,90.9,nan,nan
2000/59/0,0:53:0,,58.7,87.2,88.5,nan,nan
2000/54/0,0:53:0,,53.4,79.5,83.3,nan,nan
2000/55/0,0:53:0,,49.2,72.2,78.3,nan,nan
2000/55/0,0:53:0,,56.2,82.3,84.6,nan,nan
2000/60/0,0:53:0,,56.8,78.4,80.5,nan,nan
2000/50/0,0:53:0,,56.4,79.5,83.5,nan,nan
2000/58/0,0:53:0,,57.6,81.9,86.2,nan,nan
2000/48/0,0:53:0,,51.2,77.2,82.5,nan,nan
2000/56/0,0:53:0,,49.5,76.0,80.4,nan,nan
2000/62/0,0:53:0,,61.3,83.8,89.1,nan,nan
2000/62/0,0:53:0,,61.0,82.8,87.4,nan,nan
2000/48/0,0:53:0,,52.0,73.2,78.8,nan,nan
2000/49/0,0:53:0,,47.5,69.4,77.4,nan,nan
2000/48/0,0:53:0,,48.5,72.6,77.5,nan,nan
2000/46/0,0:53:0,,46.2,70.1,76.4,nan,nan
2000/44/0,0:53:0,,45.1,67.9,74.9,nan,nan
2000/44/0,0:53:0,,44.8,69.2,75.9,nan,nan
2000/44/0,0:53:0,,44.9,72.1,76.8,nan,nan
2000/43/0,0:53:0,,44.8,70.8,76.3,nan,nan
2000/47/0,0:53:0,,46.5,72.9,78.0,nan,nan
2000/49/0,0:53:0,,47.3,72.8,77.9,nan,nan
2000/44/0,0:53:0,,46.3,71.5,76.3,nan,nan
2000/43/0,0:53:0,,44.3,68.5,73.9,nan,nan
2000/42/0,0:53:0,,43.1,65.1,72.1,nan,nan
2000/44/0,0:53:0,,43.2,65.3,73.3,nan,nan
2000/44/0,0:53:0,,44.7,71.1,75.7,nan,nan
2000/49/0,0:53:0,,46.3,71.8,76.2,nan,nan
2000/45/0,0:53:0,,46.8,71.1,77.2,nan,nan
2000/41/0,0:53:0,,42.7,69.9,76.9,nan,nan
2000/41/0,0:53:0,,42.8,68.2,74.7,nan,nan
2000/45/0,0:53:0,,43.9,66.2,73.9,nan,nan
2000/46/0,0:53:0,,46.1,70.7,77.4,nan,nan
2000/43/0,0:53:0,,45.1,69.6,76.5,nan,nan
2000/44/0,0:53:0,,44.1,67.3,74.6,nan,nan
2000/43/0,0:53:0,,43.1,65.8,73.8,nan,nan
2000/44/0,0:53:0,,44.3,65.1,72.8,nan,nan
2000/46/0,0:53:0,,45.1,67.3,74.5,nan,nan
2000/48/0,0:53:0,,46.8,70.9,78.6,nan,nan
2000/46/0,0:53:0,,46.5,69.3,76.7,nan,nan
2000/45/0,0:53:0,,45.8,71.0,76.7,nan,nan
2000/47/0,0:53:0,,46.1,68.7,75.9,nan,nan
2000/48/0,0:53:0,,47.4,73.0,77.5,nan,nan
2000/47/0,0:53:0,,47.0,70.6,76.2,nan,nan
2000/47/0,0:53:0,,47.3,68.8,75.0,nan,nan
2000/45/0,0:53:0,,46.3,66.6,75.0,nan,nan
2000/47/0,0:53:0,,46.5,73.1,77.7,nan,nan
2000/52/0,0:53:0,,49.1,73.4,77.2,nan,nan
2000/47/0,0:53:0,,48.6,71.4,76.8,nan,nan
2000/40/0,0:53:0,,44.1,67.2,76.6,nan,nan
2000/43/0,0:53:0,,43.5,69.3,76.5,nan,nan
2000/45/0,0:53:0,,44.8,69.7,75.7,nan,nan
2000/43/0,0:53:0,,44.7,68.9,74.8,nan,nan
2000/46/0,0:53:0,,45.1,68.2,75.1,nan,nan
2000/53/0,0:53:0,,49.2,78.0,80.6,nan,nan
2000/53/0,0:53:0,,49.8,75.7,78.1,nan,nan
2000/50/0,0:53:0,,48.7,71.7,76.2,nan,nan
2000/48/0,0:53:0,,47.1,71.6,76.5,nan,nan
2000/47/0,0:53:0,,46.6,71.2,77.2,nan,nan
2000/46/0,0:53:0,,46.5,69.2,75.5,nan,nan
2000/46/0,0:53:0,,45.4,67.9,74.8,nan,nan
2000/48/0,0:53:0,,46.9,72.0,77.5,nan,nan
2000/47/0,0:53:0,,45.8,69.0,75.6,nan,nan
2000/51/0,0:53:0,,47.0,68.7,75.3,nan,nan
2000/49/0,0:53:0,,48.2,73.3,77.9,nan,nan
2000/45/0,0:53:0,,45.6,69.3,75.3,nan,nan
2000/48/0,0:53:0,,46.8,70.0,76.7,nan,nan
2000/44/0,0:53:0,,45.8,69.1,76.6,nan,nan
2000/44/0,0:53:0,,45.6,69.2,76.0,nan,nan
2000/44/0,0:53:0,,44.7,70.9,76.2,nan,nan
2000/48/0,0:53:0,,45.0,69.8,75.1,nan,nan
2000/45/0,0:53:0,,45.4,70.8,76.4,nan,nan
2000/43/0,0:53:0,,44.5,67.9,74.8,nan,nan
2000/41/0,0:53:0,,43.1,65.2,72.5,nan,nan
2000/45/0,0:53:0,,44.4,65.5,74.5,nan,nan
2000/45/0,0:53:0,,44.6,68.1,75.6,nan,nan
2000/48/0,0:53:0,,46.2,69.3,75.6,nan,nan
2000/47/0,0:53:0,,47.1,71.0,76.6,nan,nan
2000/46/0,0:53:0,,46.0,69.6,76.7,nan,nan
2000/54/0,0:53:0,,48.1,71.3,77.3,nan,nan
2000/51/0,0:53:0,,50.9,75.8,78.5,nan,nan
2000/48/0,0:53:0,,46.8,73.3,77.2,nan,nan
2000/46/0,0:53:0,,46.2,70.7,76.3,nan,nan
2000/105/0,0:53:0,,88.7,115.1,117.6,nan,nan
2000/43/0,0:53:0,,71.0,95.1,97.8,nan,nan
2000/43/0,0:53:0,,43.8,66.8,75.0,nan,nan
2000/64/0,0:53:0,,58.5,79.3,81.2,nan,nan
2000/47/0,0:53:0,,49.3,72.0,77.8,nan,nan
2000/102/0,0:53:0,,88.0,115.7,116.8,nan,nan
2000/60/0,0:53:0,,88.8,112.8,114.8,nan,nan
2000/55/0,0:53:0,,46.5,69.2,75.5,nan,nan
2000/51/0,0:53:0,,54.8,79.3,81.3,nan,nan
2000/50/0,0:53:0,,47.3,69.5,75.4,nan,nan
2000/54/0,0:53:0,,51.8,73.6,78.5,nan,nan
2000/44/0,0:53:0,,49.3,72.3,76.7,nan,nan
2000/44/0,0:53:0,,44.0,66.0,73.3,nan,nan
2000/44/0,0:53:0,,44.9,65.8,73.0,nan,nan
2000/43/0,0:53:0,,44.2,66.4,74.9,nan,nan
2000/41/0,0:53:0,,42.4,64.6,73.6,nan,nan
2000/44/0,0:53:0,,43.6,65.9,74.6,nan,nan
2000/43/0,0:53:0,,44.6,70.0,75.6,nan,nan
2000/44/0,0:53:0,,44.7,69.3,75.0,nan,nan
2000/45/0,0:53:0,,44.7,69.6,75.3,nan,nan
2000/44/0,0:53:0,,45.2,69.2,74.9,nan,nan
2000/52/0,0:53:0,,45.3,67.3,73.8,nan,nan
2000/55/0,0:53:0,,50.9,74.3,77.5,nan,nan
2000/54/0,0:53:0,,54.7,75.1,79.5,nan,nan
2000/50/0,0:53:0,,50.5,73.9,81.5,nan,nan
2000/44/0,0:53:0,,46.3,72.0,77.8,nan,nan
2000/43/0,0:53:0,,43.2,67.6,75.7,nan,nan
2000/46/0,0:53:0,,45.0,69.7,75.7,nan,nan
2000/51/0,0:53:0,,52.5,76.2,79.9,nan,nan
2000/53/0,0:53:0,,50.5,71.1,76.0,nan,nan
2000/48/0,0:53:0,,48.6,68.3,75.4,nan,nan
2000/45/0,0:53:0,,45.4,68.1,74.4,nan,nan
2000/45/0,0:53:0,,45.0,68.5,74.3,nan,nan
2000/60/0,0:53:0,,53.2,74.9,79.6,nan,nan
2000/51/0,0:53:0,,53.0,77.5,80.6,nan,nan
2000/53/0,0:53:0,,46.8,71.5,76.2,nan,nan
2000/108/0,0:53:0,,92.1,117.6,119.9,nan,nan
2000/102/0,0:53:0,,104.8,127.7,131.7,nan,nan
2000/95/0,0:53:0,,103.3,125.9,130.0,nan,nan
2000/96/0,0:53:0,,93.5,118.8,122.5,nan,nan
2000/101/0,0:53:0,,106.8,131.7,134.4,nan,nan
2000/88/0,0:53:0,,97.6,119.6,122.9,nan,nan
2000/91/0,0:53:0,,87.1,110.2,111.7,nan,nan
2000/92/0,0:53:0,,98.7,122.6,124.1,nan,nan
2000/84/0,0:53:0,,93.2,118.9,119.7,nan,nan
2000/102/0,0:53:0,,105.1,129.8,130.4,nan,nan
2000/102/0,0:53:0,,112.6,135.1,136.5,nan,nan
2000/92/0,0:53:0,,104.0,130.7,135.3,nan,nan
2000/108/0,0:53:0,,103.5,130.9,134.6,nan,nan
2000/111/0,0:53:0,,115.2,144.4,148.4,nan,nan
2000/102/0,0:53:0,,113.8,140.9,144.0,nan,nan
2000/91/0,0:53:0,,100.3,125.3,127.5,nan,nan
2000/115/0,0:53:0,,106.0,131.2,135.6,nan,nan
2000/122/0,0:53:0,,127.0,152.5,157.2,nan,nan
2000/120/0,0:53:0,,128.1,153.1,155.1,nan,nan
2000/114/0,0:53:0,,121.1,145.8,149.0,nan,nan
2000/115/0,0:53:0,,115.9,142.1,145.7,nan,nan
2000/95/0,0:53:0,,109.6,133.6,136.1,nan,nan
2000/103/0,0:53:0,,96.7,121.6,126.2,nan,nan
2000/107/0,0:53:0,,109.3,134.1,138.1,nan,nan
2000/105/0,0:53:0,,115.8,139.3,143.5,nan,nan
2000/101/0,0:53:0,,102.1,124.8,128.7,nan,nan
2000/98/0,0:53:0,,104.9,127.2,131.4,nan,nan
2000/110/0,0:53:0,,104.5,128.4,130.7,nan,nan
2000/93/0,0:53:0,,107.8,134.3,137.3,nan,nan
2000/106/0,0:53:0,,97.5,122.2,125.6,nan,nan
2000/100/0,0:53:0,,117.6,142.4,144.1,nan,nan
2000/103/0,0:53:0,,106.0,132.5,133.8,nan,nan
2000/98/0,0:53:0,,105.7,127.5,129.5,nan,nan
2000/98/0,0:53:0,,103.1,125.7,126.8,nan,nan
2000/85/0,0:53:0,,91.3,115.4,117.4,nan,nan
2000/81/0,0:53:0,,84.4,107.0,110.4,nan,nan
2000/103/0,0:53:0,,101.3,126.9,129.0,nan,nan
2000/115/0,0:53:0,,117.0,143.1,147.0,nan,nan
2000/95/0,0:53:0,,106.8,133.4,138.4,nan,nan
2000/102/0,0:53:0,,99.3,123.4,127.8,nan,nan
2000/110/0,0:53:0,,114.0,141.4,145.0,nan,nan
2000/102/0,0:53:0,,103.4,131.4,134.4,nan,nan
2000/127/0,0:53:0,,120.4,145.4,149.2,nan,nan
2000/109/0,0:53:0,,118.4,142.7,146.9,nan,nan
2000/102/0,0:53:0,,106.0,129.1,134.5,nan,nan
2000/113/0,0:53:0,,110.2,133.5,137.3,nan,nan
2000/110/0,0:53:0,,116.4,140.2,144.1,nan,nan
2000/110/0,0:53:0,,115.0,141.0,145.6,nan,nan
2000/113/0,0:53:0,,113.5,137.3,141.5,nan,nan
2000/111/0,0:53:0,,115.5,140.2,144.4,nan,nan
2000/125/0,0:53:0,,118.4,142.4,142.8,nan,nan
2000/122/0,0:53:0,,124.3,146.5,147.6,nan,nan
2000/90/0,0:53:0,,104.7,126.1,127.4,nan,nan
2000/108/0,0:53:0,,100.8,127.4,129.4,nan,nan
2000/116/0,0:53:0,,114.6,139.2,140.5,nan,nan
2000/122/0,0:53:0,,124.5,151.1,153.3,nan,nan
2000/108/0,0:53:0,,115.4,142.7,144.6,nan,nan
2000/120/0,0:53:0,,117.7,142.8,143.6,nan,nan
2000/112/0,0:53:0,,122.1,149.5,151.1,nan,nan
2000/125/0,0:53:0,,127.1,155.6,156.7,nan,nan
2000/124/0,0:53:0,,131.1,158.5,161.5,nan,nan
2000/110/0,0:53:0,,119.6,146.1,149.2,nan,nan
2000/97/0,0:53:0,,105.4,131.5,132.7,nan,nan
2000/104/0,0:53:0,,109.7,134.4,134.9,nan,nan
2000/105/0,0:53:0,,104.1,129.0,129.9,nan,nan
2000/110/0,0:53:0,,108.5,132.7,135.0,nan,nan
2000/125/0,0:53:0,,128.8,154.0,157.2,nan,nan
2000/125/0,0:53:0,,128.6,154.6,157.4,nan,nan
2000/116/0,0:53:0,,125.4,151.8,154.0,nan,nan
2000/112/0,0:53:0,,118.9,142.9,146.4,nan,nan
2000/117/0,0:53:0,,119.4,146.4,152.6,nan,nan
2000/106/0,0:53:0,,118.5,147.0,152.1,nan,nan
2000/114/0,0:53:0,,115.3,143.2,145.3,nan,nan
2000/113/0,0:53:0,,122.7,147.5,152.3,nan,nan
2000/92/0,0:53:0,,107.6,136.1,141.0,nan,nan
2000/105/0,0:53:0,,98.2,125.7,128.3,nan,nan
2000/105/0,0:53:0,,106.8,131.2,132.6,nan,nan
2000/101/0,0:53:0,,107.5,133.0,135.1,nan,nan
2000/105/0,0:53:0,,109.9,136.0,138.1,nan,nan
2000/84/0,0:53:0,,101.4,124.6,128.0,nan,nan
2000/77/0,0:53:0,,78.4,105.9,109.5,nan,nan
2000/82/0,0:53:0,,84.0,107.3,109.7,nan,nan
2000/100/0,0:53:0,,92.4,117.6,120.6,nan,nan
2000/103/0,0:53:0,,106.9,133.6,135.3,nan,nan
2000/106/0,0:53:0,,115.0,142.4,144.1,nan,nan
2000/82/0,0:53:0,,94.0,120.5,123.7,nan,nan
2000/94/0,0:53:0,,90.6,116.1,118.4,nan,nan
2000/104/0,0:53:0,,101.9,128.0,132.0,nan,nan
2000/101/0,0:53:0,,105.3,128.7,132.0,nan,nan
2000/111/0,0:53:0,,107.4,131.1,133.0,nan,nan
2000/102/0,0:53:0,,115.2,143.3,145.7,nan,nan
2000/100/0,0:53:0,,103.2,127.9,130.5,nan,nan
2000/99/0,0:53:0,,101.3,124.2,126.6,nan,nan
2000/104/0,0:53:0,,106.9,133.8,137.3,nan,nan
2000/116/0,0:53:0,,112.2,139.0,141.7,nan,nan
2000/117/0,0:53:0,,127.1,154.7,154.9,nan,nan
2000/111/0,0:53:0,,113.4,141.0,145.6,nan,nan
2000/113/0,0:53:0,,114.3,140.4,142.9,nan,nan
2000/120/0,0:53:0,,126.9,154.0,157.4,nan,nan
2000/116/0,0:53:0,,119.2,144.6,147.5,nan,nan
2000/108/0,0:53:0,,118.4,143.3,145.2,nan,nan
2000/114/0,0:53:0,,112.6,137.8,140.5,nan,nan
2000/125/0,0:53:0,,122.4,147.1,151.9,nan,nan
2000/119/0,0:53:0,,123.9,152.8,156.8,nan,nan
2000/120/0,0:53:0,,122.8,149.2,150.7,nan,nan
2000/105/0,0:53:0,,111.0,134.5,137.9,nan,nan
2000/117/0,0:53:0,,114.3,135.9,139.1,nan,nan
2000/122/0,0:53:0,,119.9,143.1,147.8,nan,nan
2000/124/0,0:53:0,,125.6,149.9,151.5,nan,nan
2000/95/0,0:53:0,,104.3,129.7,133.0,nan,nan
2000/105/0,0:53:0,,106.5,133.4,138.3,nan,nan
2000/116/0,0:53:0,,112.7,138.4,141.2,nan,nan
2000/102/0,0:53:0,,112.2,136.7,140.2,nan,nan
2000/102/0,0:53:0,,108.1,131.8,133.5,nan,nan
2000/97/0,0:53:0,,101.2,125.7,126.6,nan,nan
2000/115/0,0:53:0,,112.0,135.2,135.9,nan,nan
2000/113/0,0:53:0,,114.5,139.6,142.0,nan,nan
2000/111/0,0:53:0,,112.7,136.5,141.5,nan,nan
2000/120/0,0:53:0,,114.3,140.0,142.9,nan,nan
2000/117/0,0:53:0,,121.7,151.9,155.3,nan,nan
2000/119/0,0:53:0,,122.9,151.0,156.2,nan,nan
2000/112/0,0:53:0,,118.6,144.4,146.2,nan,nan
2000/104/0,0:53:0,,110.1,136.8,137.6,nan,nan
2000/110/0,0:53:0,,109.9,133.7,134.9,nan,nan
2000/126/0,0:53:0,,124.0,148.6,149.5,nan,nan
2000/105/0,0:53:0,,117.8,141.8,143.2,nan,nan
2000/113/0,0:53:0,,107.8,130.6,131.8,nan,nan
2000/117/0,0:53:0,,118.8,143.8,146.1,nan,nan
2000/106/0,0:53:0,,119.2,143.6,145.2,nan,nan
2000/105/0,0:53:0,,106.5,130.6,133.0,nan,nan
2000/113/0,0:53:0,,120.3,144.3,146.6,nan,nan
2000/129/0,0:53:0,,121.9,147.7,152.8,nan,nan
2000/123/0,0:53:0,,135.8,161.5,163.0,nan,nan
2000/102/0,0:53:0,,116.1,140.4,143.1,nan,nan
2000/94/0,0:53:0,,98.0,122.2,124.8,nan,nan
2000/98/0,0:53:0,,97.9,124.6,127.9,nan,nan
2000/97/0,0:53:0,,102.5,125.4,128.2,nan,nan
2000/101/0,0:53:0,,100.3,121.1,122.9,nan,nan
2000/97/0,0:53:0,,103.1,127.7,131.3,nan,nan
2000/96/0,0:53:0,,98.1,120.3,123.4,nan,nan
2000/103/0,0:53:0,,106.4,128.2,131.1,nan,nan
2000/91/0,0:53:0,,95.5,120.0,125.2,nan,nan
2000/108/0,0:53:0,,102.0,125.7,128.3,nan,nan
2000/105/0,0:53:0,,103.5,128.5,129.7,nan,nan
2000/124/0,0:53:0,,117.4,141.5,143.1,nan,nan
2000/114/0,0:53:0,,126.1,150.2,153.5,nan,nan
2000/100/0,0:53:0,,111.8,136.3,138.9,nan,nan
2000/114/0,0:53:0,,115.5,138.5,140.2,nan,nan
2000/114/0,0:53:0,,116.7,138.8,139.8,nan,nan
2000/118/0,0:53:0,,118.4,141.4,142.7,nan,nan
2000/114/0,0:53:0,,117.7,141.4,144.1,nan,nan
2000/97/0,0:53:0,,105.7,131.5,135.2,nan,nan
2000/90/0,0:53:0,,93.5,113.9,115.6,nan,nan
2000/97/0,0:53:0,,93.4,113.1,114.8,nan,nan
2000/100/0,0:53:0,,97.1,120.7,122.9,nan,nan
2000/90/0,0:53:0,,97.3,123.2,125.6,nan,nan
2000/84/0,0:53:0,,87.6,114.2,117.4,nan,nan
2000/103/0,0:53:0,,94.6,121.7,124.9,nan,nan
2000/91/0,0:53:0,,97.4,119.5,121.4,nan,nan
2000/95/0,0:53:0,,92.9,118.4,120.4,nan,nan
2000/102/0,0:53:0,,104.9,130.6,132.6,nan,nan
2000/105/0,0:53:0,,100.4,124.5,125.7,nan,nan
2000/119/0,0:53:0,,121.1,146.4,148.2,nan,nan
2000/92/0,0:53:0,,102.9,125.8,129.8,nan,nan
2000/91/0,0:53:0,,94.2,119.2,121.4,nan,nan
2000/89/0,0:53:0,,97.1,124.0,128.4,nan,nan
2000/94/0,0:53:0,,93.3,118.8,119.7,nan,nan
2000/98/0,0:53:0,,97.9,122.1,123.5,nan,nan
2000/112/0,0:53:0,,106.6,130.3,133.1,nan,nan
2000/106/0,0:53:0,,111.0,134.5,138.1,nan,nan
2000/103/0,0:53:0,,100.1,124.0,128.6,nan,nan
2000/121/0,0:53:0,,117.1,141.7,144.7,nan,nan
2000/123/0,0:53:0,,122.1,146.4,149.0,nan,nan
2000/114/0,0:53:0,,120.2,145.6,148.9,nan,nan
2000/108/0,0:53:0,,114.2,139.6,141.2,nan,nan
2000/87/0,0:53:0,,99.0,122.0,125.0,nan,nan
2000/111/0,0:53:0,,97.0,121.3,125.4,nan,nan
2000/102/0,0:53:0,,112.4,137.4,140.4,nan,nan
2000/117/0,0:53:0,,113.4,136.5,142.2,nan,nan
2000/98/0,0:53:0,,111.6,135.1,138.0,nan,nan
2000/100/0,0:53:0,,105.5,128.5,132.7,nan,nan
2000/95/0,0:53:0,,106.8,131.7,134.1,nan,nan
2000/103/0,0:53:0,,102.8,129.7,132.3,nan,nan
2000/123/0,0:53:0,,116.2,140.9,143.6,nan,nan
2000/84/0,0:53:0,,100.2,124.5,126.0,nan,nan
2000/95/0,0:53:0,,88.9,111.0,114.9,nan,nan
2000/94/0,0:53:0,,96.9,119.3,120.6,nan,nan
2000/110/0,0:53:0,,103.2,127.9,131.0,nan,nan
2000/94/0,0:53:0,,99.0,122.1,124.9,nan,nan
2000/87/0,0:53:0,,92.4,115.2,117.6,nan,nan
2000/93/0,0:53:0,,90.2,111.5,112.2,nan,nan
2000/97/0,0:53:0,,102.3,125.3,128.2,nan,nan
2000/94/0,0:53:0,,95.9,116.0,120.9,nan,nan
2000/81/0,0:53:0,,92.8,114.9,119.4,nan,nan
2000/121/0,0:53:0,,110.5,134.6,139.2,nan,nan
2000/115/0,0:53:0,,125.3,148.8,150.9,nan,nan
2000/101/0,0:53:0,,112.1,135.5,138.1,nan,nan
2000/113/0,0:53:0,,115.8,136.6,139.6,nan,nan
2000/105/0,0:53:0,,111.0,134.6,137.2,nan,nan
2000/99/0,0:53:0,,102.6,126.9,127.6,nan,nan
2000/111/0,0:53:0,,105.1,126.7,127.5,nan,nan
2000/103/0,0:53:0,,112.9,138.2,138.8,nan,nan
2000/101/0,0:53:0,,100.2,124.5,125.3,nan,nan
2000/101/0,0:53:0,,101.3,124.6,126.0,nan,nan
2000/108/0,0:53:0,,107.2,128.8,130.3,nan,nan
2000/93/0,0:53:0,,106.4,129.8,131.1,nan,nan
2000/91/0,0:53:0,,98.2,121.8,122.8,nan,nan
2000/101/0,0:53:0,,100.6,122.3,122.6,nan,nan
2000/94/0,0:53:0,,108.6,128.5,128.6,nan,nan
2000/95/0,0:53:0,,94.3,116.1,116.1,nan,nan
2000/105/0,0:53:0,,106.1,129.2,129.7,nan,nan
2000/97/0,0:53:0,,106.2,126.2,127.6,nan,nan
2000/103/0,0:53:0,,99.6,118.0,122.3,nan,nan
2000/120/0,0:53:0,,119.2,142.0,144.7,nan,nan
2000/108/0,0:53:0,,118.2,141.7,144.6,nan,nan
2000/118/0,0:53:0,,119.1,142.4,145.1,nan,nan
2000/104/0,0:53:0,,117.6,137.8,140.4,nan,nan
2000/90/0,0:53:0,,101.9,122.4,123.2,nan,nan
2000/94/0,0:53:0,,93.8,114.0,116.0,nan,nan
2000/112/0,0:53:0,,106.0,124.9,127.0,nan,nan
2000/115/0,0:53:0,,118.0,139.6,141.8,nan,nan
2000/110/0,0:53:0,,123.0,147.1,152.3,nan,nan
2000/111/0,0:53:0,,109.4,130.9,135.4,nan,nan
2000/83/0,0:53:0,,107.7,131.0,133.1,nan,nan
2000/80/0,0:53:0,,78.1,99.6,99.7,nan,nan
2000/106/0,0:53:0,,96.8,118.8,120.6,nan,nan
2000/113/0,0:53:0,,118.9,141.2,142.8,nan,nan
2000/114/0,0:53:0,,117.5,140.2,140.9,nan,nan
2000/101/0,0:53:0,,113.0,135.6,137.8,nan,nan
2000/90/0,0:53:0,,102.9,122.8,124.5,nan,nan
2000/80/0,0:53:0,,88.6,107.4,108.1,nan,nan
2000/104/0,0:53:0,,98.1,119.3,121.1,nan,nan
2000/118/0,0:53:0,,118.1,139.2,140.9,nan,nan
2000/95/0,0:53:0,,105.1,127.6,129.1,nan,nan
2000/100/0,0:53:0,,100.0,120.7,123.5,nan,nan
2000/103/0,0:53:0,,107.9,126.5,128.4,nan,nan
2000/91/0,0:53:0,,95.9,119.0,119.6,nan,nan
2000/124/0,0:53:0,,109.3,130.2,132.1,nan,nan
2000/103/0,0:53:0,,115.5,137.9,138.7,nan,nan
2000/101/0,0:53:0,,108.4,127.6,129.7,nan,nan
2000/94/0,0:53:0,,95.3,115.1,119.0,nan,nan
2000/101/0,0:53:0,,106.1,127.7,130.1,nan,nan
2000/95/0,0:53:0,,102.1,119.1,120.0,nan,nan
2000/97/0,0:53:0,,95.8,113.6,113.9,nan,nan
2000/111/0,0:53:0,,113.0,134.8,134.9,nan,nan
2000/95/0,0:53:0,,102.8,125.5,126.3,nan,nan
2000/91/0,0:53:0,,88.5,107.0,107.8,nan,nan
2000/90/0,0:53:0,,90.4,110.8,113.6,nan,nan
2000/94/0,0:53:0,,90.3,109.8,113.9,nan,nan
2000/115/0,0:53:0,,110.6,129.7,131.0,nan,nan
2000/100/0,0:53:0,,112.2,132.0,133.5,nan,nan
2000/94/0,0:53:0,,101.7,121.3,122.8,nan,nan
2000/92/0,0:53:0,,89.2,108.1,109.5,nan,nan
2000/101/0,0:53:0,,97.6,116.8,117.7,nan,nan
2000/100/0,0:53:0,,97.3,118.4,119.7,nan,nan
2000/89/0,0:53:0,,101.2,121.0,123.1,nan,nan
2000/101/0,0:53:0,,99.0,119.3,122.0,nan,nan
2000/93/0,0:53:0,,99.7,118.7,119.9,nan,nan
2000/85/0,0:53:0,,87.2,106.2,106.4,nan,nan
2000/91/0,0:53:0,,89.5,107.4,108.3,nan,nan
2000/104/0,0:53:0,,102.0,120.9,123.9,nan,nan
2000/102/0,0:53:0,,106.6,127.1,128.1,nan,nan
2000/107/0,0:53:0,,110.0,132.9,133.5,nan,nan
2000/96/0,0:53:0,,107.1,127.5,128.7,nan,nan
2000/104/0,0:53:0,,106.9,128.5,130.1,nan,nan
2000/124/0,0:53:0,,119.2,140.4,143.8,nan,nan
2000/102/0,0:53:0,,116.8,137.4,138.4,nan,nan
2000/94/0,0:53:0,,95.2,117.4,118.5,nan,nan
2000/112/0,0:53:0,,110.2,134.1,136.7,nan,nan
2000/83/0,0:53:0,,96.9,116.6,117.6,nan,nan
2000/103/0,0:53:0,,95.9,116.7,117.8,nan,nan
2000/115/0,0:53:0,,112.4,134.2,135.4,nan,nan
2000/101/0,0:53:0,,106.7,126.9,129.6,nan,nan
2000/95/0,0:53:0,,100.8,122.3,124.0,nan,nan
2000/105/0,0:53:0,,107.7,125.8,126.9,nan,nan
2000/95/0,0:53:0,,102.3,120.0,121.6,nan,nan
2000/103/0,0:53:0,,108.6,128.7,132.8,nan,nan
2000/103/0,0:53:0,,107.0,126.7,128.2,nan,nan
2000/91/0,0:53:0,,93.1,112.5,115.9,nan,nan
2000/98/0,0:53:0,,94.9,113.0,115.8,nan,nan
2000/102/0,0:53:0,,103.3,120.1,124.8,nan,nan
2000/93/0,0:53:0,,94.1,114.7,115.8,nan,nan
2000/97/0,0:53:0,,97.8,118.3,119.9,nan,nan
2000/91/0,0:53:0,,98.1,118.5,120.4,nan,nan
2000/104/0,0:53:0,,97.7,115.0,115.8,nan,nan
2000/107/0,0:53:0,,112.4,129.4,131.3,nan,nan
2000/114/0,0:53:0,,109.9,131.3,132.6,nan,nan
2000/84/0,0:53:0,,97.3,118.6,119.9,nan,nan
2000/102/0,0:53:0,,90.3,108.1,110.1,nan,nan
2000/116/0,0:53:0,,114.1,131.0,132.8,nan,nan
2000/102/0,0:53:0,,117.8,137.4,138.9,nan,nan
2000/94/0,0:53:0,,102.1,120.4,123.6,nan,nan
2000/86/0,0:53:0,,92.9,109.9,111.5,nan,nan
2000/84/0,0:53:0,,85.1,101.4,103.4,nan,nan
2000/94/0,0:53:0,,92.2,108.3,110.2,nan,nan
2000/84/0,0:53:0,,88.2,108.8,109.4,nan,nan
2000/103/0,0:53:0,,96.5,115.6,117.3,nan,nan
2000/101/0,0:53:0,,104.5,122.8,124.7,nan,nan
2000/100/0,0:53:0,,105.1,123.3,125.2,nan,nan
2000/85/0,0:53:0,,89.0,107.3,109.0,nan,nan
2000/93/0,0:53:0,,91.9,110.5,112.9,nan,nan
2000/102/0,0:53:0,,99.0,116.9,119.4,nan,nan
2000/99/0,0:53:0,,100.4,120.4,122.3,nan,nan
2000/113/0,0:53:0,,109.7,129.2,130.9,nan,nan
2000/102/0,0:53:0,,111.6,130.8,131.3,nan,nan
2000/101/0,0:53:0,,97.6,114.4,115.4,nan,nan
2000/97/0,0:53:0,,99.1,117.3,118.6,nan,nan
2000/104/0,0:53:0,,103.5,121.8,123.1,nan,nan
2000/105/0,0:53:0,,107.7,125.3,126.5,nan,nan
2000/103/0,0:53:0,,108.2,125.8,126.6,nan,nan
2000/96/0,0:53:0,,101.2,119.9,124.7,nan,nan
2000/92/0,0:53:0,,90.2,110.7,112.0,nan,nan
2000/111/0,0:53:0,,107.1,125.8,129.0,nan,nan
2000/104/0,0:53:0,,112.7,130.9,136.7,nan,nan
2000/81/0,0:53:0,,89.7,107.1,107.9,nan,nan
2000/82/0,0:53:0,,81.9,100.3,101.4,nan,nan
2000/86/0,0:53:0,,85.8,103.4,103.6,nan,nan
2000/84/0,0:53:0,,89.1,106.9,108.5,nan,nan
2000/81/0,0:53:0,,86.5,103.5,104.7,nan,nan
2000/81/0,0:53:0,,82.6,99.7,102.1,nan,nan
2000/88/0,0:53:0,,88.9,109.4,110.3,nan,nan
2000/91/0,0:53:0,,96.1,116.5,117.6,nan,nan
2000/86/0,0:53:0,,94.9,114.9,118.2,nan,nan
2000/90/0,0:53:0,,88.4,107.8,110.2,nan,nan
2000/101/0,0:53:0,,99.4,117.2,120.9,nan,nan
2000/112/0,0:53:0,,107.8,127.0,129.1,nan,nan
2000/93/0,0:53:0,,111.0,130.0,131.5,nan,nan
2000/107/0,0:53:0,,98.1,113.5,114.8,nan,nan
2000/107/0,0:53:0,,111.5,127.2,128.9,nan,nan
2000/113/0,0:53:0,,116.6,135.4,135.8,nan,nan
2000/110/0,0:53:0,,108.8,127.7,129.0,nan,nan
2000/111/0,0:53:0,,114.9,134.6,137.1,nan,nan
2000/111/0,0:53:0,,113.3,131.7,135.2,nan,nan
2000/102/0,0:53:0,,114.6,131.2,132.4,nan,nan
2000/114/0,0:53:0,,109.2,126.5,127.0,nan,nan
2000/83/0,0:53:0,,98.8,116.2,116.8,nan,nan
2000/84/0,0:53:0,,83.1,100.4,101.1,nan,nan
2000/98/0,0:53:0,,94.7,108.5,109.6,nan,nan
2000/90/0,0:53:0,,96.3,110.6,112.8,nan,nan
2000/84/0,0:53:0,,82.9,99.1,100.6,nan,nan
2000/87/0,0:53:0,,87.7,104.5,105.6,nan,nan
2000/94/0,0:53:0,,89.0,104.7,106.3,nan,nan
2000/86/0,0:53:0,,90.0,107.8,109.5,nan,nan
2000/85/0,0:53:0,,79.9,96.3,98.7,nan,nan
2000/100/0,0:53:0,,93.7,110.5,113.0,nan,nan
2000/82/0,0:53:0,,86.3,103.4,104.5,nan,nan
2000/92/0,0:53:0,,93.0,111.1,113.5,nan,nan
2000/83/0,0:53:0,,86.4,105.3,107.1,nan,nan
2000/83/0,0:53:0,,78.4,95.4,97.6,nan,nan
2000/91/0,0:53:0,,90.5,105.9,106.3,nan,nan
2000/81/0,0:53:0,,87.8,101.7,103.7,nan,nan
2000/71/0,0:53:0,,78.5,91.7,93.3,nan,nan
2000/81/0,0:53:0,,76.6,94.0,94.4,nan,nan
2000/81/0,0:53:0,,81.0,95.3,97.1,nan,nan
2000/81/0,0:53:0,,91.9,108.6,112.0,nan,nan
2000/71/0,0:53:0,,82.2,100.7,102.7,nan,nan
2000/101/0,0:53:0,,90.8,107.6,108.8,nan,nan
2000/106/0,0:53:0,,111.3,129.9,131.1,nan,nan
2000/102/0,0:53:0,,105.1,123.9,124.6,nan,nan
2000/108/0,0:53:0,,105.2,125.4,127.4,nan,nan
2000/112/0,0:53:0,,120.7,140.6,141.7,nan,nan
2000/108/0,0:53:0,,111.9,129.0,130.0,nan,nan
2000/93/0,0:53:0,,101.1,118.9,123.7,nan,nan
2000/110/0,0:53:0,,106.6,126.3,127.4,nan,nan
2000/109/0,0:53:0,,112.2,132.4,132.9,nan,nan
2000/103/0,0:53:0,,106.0,125.2,126.8,nan,nan
2000/80/0,0:53:0,,93.3,111.7,114.9,nan,nan
2000/113/0,0:53:0,,97.1,116.7,119.4,nan,nan
2000/85/0,0:53:0,,99.5,119.1,121.7,nan,nan
2000/93/0,0:53:0,,97.3,114.5,116.9,nan,nan
2000/89/0,0:53:0,,94.4,112.2,114.0,nan,nan
2000/104/0,0:53:0,,99.3,118.1,120.4,nan,nan
2000/102/0,0:53:0,,107.2,127.1,129.5,nan,nan
2000/102/0,0:53:0,,102.7,120.8,122.5,nan,nan
2000/104/0,0:53:0,,104.2,121.7,124.1,nan,nan
2000/117/0,0:53:0,,116.7,132.8,135.6,nan,nan
2000/116/0,0:53:0,,120.7,138.0,140.6,nan,nan
2000/114/0,0:53:0,,119.0,137.6,138.9,nan,nan
2000/103/0,0:53:0,,113.0,131.9,132.3,nan,nan
2000/103/0,0:53:0,,101.8,123.5,124.5,nan,nan
2000/105/0,0:53:0,,108.0,128.0,130.5,nan,nan
2000/101/0,0:53:0,,100.5,119.6,120.4,nan,nan
2000/105/0,0:53:0,,106.7,129.8,131.7,nan,nan
2000/111/0,0:53:0,,111.5,134.6,136.8,nan,nan
2000/95/0,0:53:0,,103.3,122.5,124.3,nan,nan
2000/101/0,0:53:0,,98.8,117.7,118.4,nan,nan
2000/95/0,0:53:0,,99.7,116.1,117.6,nan,nan
2000/105/0,0:53:0,,107.2,122.4,125.6,nan,nan
2000/106/0,0:53:0,,108.0,126.0,128.6,nan,nan
2000/88/0,0:53:0,,102.8,121.3,123.8,nan,nan
2000/82/0,0:53:0,,84.6,104.5,105.5,nan,nan
2000/101/0,0:53:0,,95.3,111.4,112.0,nan,nan
2000/97/0,0:53:0,,102.1,117.9,119.6,nan,nan
2000/95/0,0:53:0,,94.0,112.3,112.4,nan,nan
2000/100/0,0:53:0,,99.7,118.2,118.3,nan,nan
2000/105/0,0:53:0,,105.6,124.5,124.8,nan,nan
2000/96/0,0:53:0,,104.2,120.3,121.9,nan,nan
2000/109/0,0:53:0,,103.2,119.6,120.2,nan,nan
2000/102/0,0:53:0,,113.0,128.0,128.8,nan,nan
2000/83/0,0:53:0,,94.0,113.0,115.1,nan,nan
2000/92/0,0:53:0,,88.8,106.5,108.9,nan,nan
2000/91/0,0:53:0,,95.1,112.5,114.4,nan,nan
2000/99/0,0:53:0,,96.7,112.6,113.6,nan,nan
2000/91/0,0:53:0,,97.0,112.7,113.1,nan,nan
2000/90/0,0:53:0,,91.1,108.6,108.6,nan,nan
2000/105/0,0:53:0,,102.7,121.4,121.4,nan,nan
2000/104/0,0:53:0,,104.3,122.7,123.5,nan,nan
2000/104/0,0:53:0,,108.5,126.7,129.3,nan,nan
2000/82/0,0:53:0,,91.7,109.5,111.4,nan,nan
2000/98/0,0:53:0,,89.4,106.7,109.4,nan,nan
2000/108/0,0:53:0,,110.5,130.8,132.4,nan,nan
2000/104/0,0:53:0,,109.2,130.4,131.6,nan,nan
2000/89/0,0:53:0,,97.0,116.5,117.9,nan,nan
2000/100/0,0:53:0,,98.2,116.7,119.4,nan,nan
2000/81/0,0:53:0,,87.8,104.9,107.5,nan,nan
2000/87/0,0:53:0,,82.3,98.0,99.4,nan,nan
2000/108/0,0:53:0,,108.4,124.8,125.5,nan,nan
2000/88/0,0:53:0,,103.2,120.2,121.6,nan,nan
2000/82/0,0:53:0,,92.1,110.3,111.5,nan,nan
2000/84/0,0:53:0,,87.1,105.7,107.9,nan,nan
2000/83/0,0:53:0,,82.5,99.2,100.0,nan,nan
2000/71/0,0:53:0,,79.0,96.3,97.6,nan,nan
2000/101/0,0:53:0,,87.7,105.5,108.7,nan,nan
2000/113/0,0:53:0,,114.7,131.5,133.5,nan,nan
2000/100/0,0:53:0,,104.9,122.8,124.5,nan,nan
2000/112/0,0:53:0,,105.1,123.5,125.0,nan,nan
2000/73/0,0:53:0,,95.9,111.1,111.2,nan,nan
2000/54/0,0:53:0,,53.6,70.6,75.7,nan,nan
2000/90/0,0:53:0,,76.1,93.2,96.3,nan,nan
2000/98/0,0:53:0,,99.9,117.0,119.9,nan,nan
2000/106/0,0:53:0,,108.6,122.1,124.9,nan,nan
2000/72/0,0:53:0,,86.9,101.7,105.3,nan,nan
2000/94/0,0:53:0,,83.8,99.7,104.1,nan,nan
2000/90/0,0:53:0,,97.3,110.7,111.6,nan,nan
2000/41/0,0:53:0,,67.8,81.6,84.5,nan,nan
2000/70/0,0:53:0,,49.5,64.3,71.7,nan,nan
2000/96/0,0:53:0,,94.3,108.5,111.9,nan,nan
2000/93/0,0:53:0,,102.9,120.2,124.3,nan,nan
2000/61/0,0:53:0,,78.5,93.1,94.6,nan,nan
2000/60/0,0:53:0,,60.2,75.5,77.3,nan,nan
2000/93/0,0:53:0,,82.1,97.2,98.9,nan,nan
2000/86/0,0:53:0,,90.3,103.7,104.5,nan,nan
2000/91/0,0:53:0,,95.1,110.5,111.6,nan,nan
2000/91/0,0:53:0,,91.5,108.2,109.4,nan,nan
2000/84/0,0:53:0,,91.2,108.0,109.2,nan,nan
2000/80/0,0:53:0,,82.6,99.8,101.4,nan,nan
2000/103/0,0:53:0,,96.4,115.3,116.0,nan,nan
2000/113/0,0:53:0,,113.0,131.1,131.6,nan,nan
2000/94/0,0:53:0,,109.2,125.6,127.2,nan,nan
2000/81/0,0:53:0,,89.3,106.1,106.8,nan,nan
2000/81/0,0:53:0,,84.8,100.8,101.0,nan,nan
2000/83/0,0:53:0,,90.3,105.5,107.5,nan,nan
2000/106/0,0:53:0,,99.3,117.3,121.2,nan,nan
2000/83/0,0:53:0,,95.5,112.6,112.9,nan,nan
2000/93/0,0:53:0,,84.4,100.5,101.3,nan,nan
2000/93/0,0:53:0,,93.5,111.7,114.0,nan,nan
2000/82/0,0:53:0,,85.6,98.5,100.0,nan,nan
2000/99/0,0:53:0,,87.7,102.0,102.4,nan,nan
2000/100/0,0:53:0,,105.7,124.9,126.9,nan,nan
2000/106/0,0:53:0,,107.4,125.3,126.4,nan,nan
2000/112/0,0:53:0,,112.4,128.0,128.9,nan,nan
2000/90/0,0:53:0,,106.2,123.6,124.2,nan,nan
2000/99/0,0:53:0,,93.9,111.5,111.5,nan,nan
2000/110/0,0:53:0,,107.8,125.3,128.2,nan,nan
2000/96/0,0:53:0,,106.8,122.6,126.0,nan,nan
2000/105/0,0:53:0,,100.5,114.0,116.1,nan,nan
2000/91/0,0:53:0,,103.7,117.8,120.0,nan,nan
2000/85/0,0:53:0,,93.6,109.4,109.7,nan,nan
2000/94/0,0:53:0,,88.0,104.4,104.4,nan,nan
2000/107/0,0:53:0,,106.3,124.3,125.2,nan,nan
2000/114/0,0:53:0,,115.2,132.5,133.1,nan,nan
2000/101/0,0:53:0,,112.3,129.6,129.6,nan,nan
2000/99/0,0:53:0,,95.2,113.1,113.7,nan,nan
2000/106/0,0:53:0,,108.3,127.4,129.2,nan,nan
2000/104/0,0:53:0,,100.0,119.5,122.2,nan,nan
2000/104/0,0:53:0,,107.5,124.5,126.7,nan,nan
2000/95/0,0:53:0,,95.6,113.2,114.3,nan,nan
2000/117/0,0:53:0,,109.1,127.4,129.5,nan,nan
2000/95/0,0:53:0,,114.0,131.8,134.1,nan,nan
2000/72/0,0:53:0,,78.5,93.7,93.9,nan,nan
2000/83/0,0:53:0,,84.1,98.9,99.8,nan,nan
2000/105/0,0:53:0,,101.2,116.3,116.6,nan,nan
2000/107/0,0:53:0,,111.6,128.1,128.1,nan,nan
2000/100/0,0:53:0,,104.1,119.5,119.5,nan,nan
2000/105/0,0:53:0,,106.7,121.8,122.7,nan,nan
2000/102/0,0:53:0,,104.8,120.9,122.3,nan,nan
2000/102/0,0:53:0,,101.5,118.1,121.1,nan,nan
2000/87/0,0:53:0,,97.8,115.3,117.5,nan,nan
2000/97/0,0:53:0,,94.0,113.8,114.8,nan,nan
2000/109/0,0:53:0,,110.4,127.6,127.6,nan,nan
2000/114/0,0:53:0,,112.6,130.0,130.2,nan,nan
2000/99/0,0:53:0,,106.8,125.0,125.2,nan,nan
2000/106/0,0:53:0,,107.5,125.0,125.0,nan,nan
2000/105/0,0:53:0,,110.1,126.3,127.6,nan,nan
2000/110/0,0:53:0,,115.5,133.8,135.4,nan,nan
2000/98/0,0:53:0,,108.1,128.1,129.0,nan,nan
2000/92/0,0:53:0,,94.4,113.1,114.3,nan,nan
2000/92/0,0:53:0,,89.4,108.2,110.0,nan,nan
2000/100/0,0:53:0,,95.2,112.4,113.9,nan,nan
2000/97/0,0:53:0,,98.8,115.9,116.8,nan,nan
2000/100/0,0:53:0,,103.8,120.1,120.6,nan,nan
2000/104/0,0:53:0,,106.6,124.1,124.6,nan,nan
2000/112/0,0:53:0,,113.6,130.0,130.7,nan,nan
2000/110/0,0:53:0,,115.8,132.3,133.7,nan,nan
2000/101/0,0:53:0,,108.4,125.5,125.7,nan,nan
2000/114/0,0:53:0,,110.1,128.4,129.2,nan,nan
2000/109/0,0:53:0,,113.5,131.0,132.1,nan,nan
2000/101/0,0:53:0,,107.5,125.0,125.4,nan,nan
2000/100/0,0:53:0,,101.9,119.5,120.2,nan,nan
2000/115/0,0:53:0,,114.7,133.2,134.0,nan,nan
2000/113/0,0:53:0,,116.7,134.8,135.7,nan,nan
2000/100/0,0:53:0,,102.5,120.9,121.7,nan,nan
2000/105/0,0:53:0,,103.3,121.9,123.2,nan,nan
2000/96/0,0:53:0,,106.7,124.8,125.7,nan,nan
2000/87/0,0:53:0,,91.6,108.2,108.3,nan,nan
2000/103/0,0:53:0,,95.5,112.8,113.6,nan,nan
2000/118/0,0:53:0,,115.3,129.8,130.2,nan,nan
2000/103/0,0:53:0,,115.8,130.4,132.4,nan,nan
2000/101/0,0:53:0,,105.2,122.8,124.0,nan,nan
2000/113/0,0:53:0,,113.3,130.6,131.0,nan,nan
2000/112/0,0:53:0,,113.7,130.9,131.5,nan,nan
2000/111/0,0:53:0,,113.3,129.3,131.0,nan,nan
2000/102/0,0:53:0,,111.9,127.8,130.2,nan,nan
2000/100/0,0:53:0,,100.8,122.2,123.5,nan,nan
2000/84/0,0:53:0,,95.8,115.0,116.5,nan,nan
2000/109/0,0:53:0,,98.8,117.2,118.3,nan,nan
2000/110/0,0:53:0,,114.7,131.2,132.2,nan,nan
2000/115/0,0:53:0,,117.1,132.0,132.3,nan,nan
2000/114/0,0:53:0,,115.4,130.8,131.1,nan,nan
2000/114/0,0:53:0,,115.7,132.0,133.2,nan,nan
2000/110/0,0:53:0,,115.2,130.4,132.4,nan,nan
2000/113/0,0:53:0,,116.6,130.6,132.3,nan,nan
2000/107/0,0:53:0,,111.1,126.1,126.6,nan,nan
2000/100/0,0:53:0,,104.7,122.3,122.6,nan,nan
2000/108/0,0:53:0,,105.9,125.1,126.8,nan,nan
2000/112/0,0:53:0,,116.8,133.8,136.2,nan,nan
2000/121/0,0:53:0,,122.8,138.1,140.1,nan,nan
2000/107/0,0:53:0,,119.0,135.3,137.2,nan,nan
2000/94/0,0:53:0,,100.3,119.7,122.9,nan,nan
2000/107/0,0:53:0,,105.5,125.4,127.1,nan,nan
2000/110/0,0:53:0,,113.0,131.1,133.1,nan,nan
2000/111/0,0:53:0,,114.3,131.2,132.9,nan,nan
2000/105/0,0:53:0,,113.0,131.5,132.3,nan,nan
2000/110/0,0:53:0,,111.3,131.2,133.9,nan,nan
2000/115/0,0:53:0,,111.9,130.9,131.9,nan,nan
2000/108/0,0:53:0,,114.7,131.9,132.9,nan,nan
2000/78/0,0:53:0,,98.4,114.1,115.3,nan,nan
2000/94/0,0:53:0,,91.7,107.4,109.3,nan,nan
2000/97/0,0:53:0,,96.8,114.3,115.1,nan,nan
2000/101/0,0:53:0,,100.8,118.9,120.8,nan,nan
2000/102/0,0:53:0,,107.8,126.0,127.3,nan,nan
2000/91/0,0:53:0,,101.8,121.4,122.2,nan,nan
2000/91/0,0:53:0,,98.7,116.6,118.4,nan,nan
2000/93/0,0:53:0,,100.9,117.2,120.2,nan,nan
2000/76/0,0:53:0,,91.9,106.6,108.5,nan,nan
2000/83/0,0:53:0,,83.5,98.2,98.7,nan,nan
2000/82/0,0:53:0,,92.0,107.2,109.0,nan,nan
2000/88/0,0:53:0,,86.2,102.5,104.6,nan,nan
2000/90/0,0:53:0,,96.7,114.7,116.6,nan,nan
2000/83/0,0:53:0,,87.8,102.6,103.6,nan,nan
2000/95/0,0:53:0,,90.5,107.1,107.8,nan,nan
2000/77/0,0:53:0,,89.7,109.6,110.8,nan,nan
2000/77/0,0:53:0,,75.8,93.0,95.3,nan,nan
2000/94/0,0:53:0,,89.7,105.8,108.8,nan,nan
2000/87/0,0:53:0,,88.2,106.3,108.4,nan,nan
2000/93/0,0:53:0,,90.6,105.7,106.9,nan,nan
2000/90/0,0:53:0,,91.2,108.8,111.4,nan,nan
2000/104/0,0:53:0,,104.4,120.8,122.1,nan,nan
2000/103/0,0:53:0,,106.8,123.3,125.1,nan,nan
2000/101/0,0:53:0,,106.6,123.1,125.0,nan,nan
2000/82/0,0:53:0,,96.1,113.9,114.7,nan,nan
2000/81/0,0:53:0,,80.5,95.8,96.5,nan,nan
2000/103/0,0:53:0,,96.6,110.5,113.1,nan,nan
2000/117/0,0:53:0,,113.7,127.7,129.1,nan,nan
2000/104/0,0:53:0,,111.1,128.1,129.3,nan,nan
2000/100/0,0:53:0,,101.4,120.3,121.0,nan,nan
2000/102/0,0:53:0,,103.8,120.7,121.9,nan,nan
2000/116/0,0:53:0,,105.8,121.4,121.6,nan,nan
2000/113/0,0:53:0,,121.8,137.5,137.5,nan,nan
2000/107/0,0:53:0,,108.5,125.9,126.6,nan,nan
2000/114/0,0:53:0,,116.0,135.3,136.4,nan,nan
2000/106/0,0:53:0,,115.3,133.2,134.2,nan,nan
2000/91/0,0:53:0,,104.0,120.9,121.7,nan,nan
2000/95/0,0:53:0,,91.2,110.8,113.7,nan,nan
2000/111/0,0:53:0,,109.3,127.3,129.2,nan,nan
2000/110/0,0:53:0,,116.6,135.7,138.0,nan,nan
2000/110/0,0:53:0,,113.6,131.3,132.4,nan,nan
2000/114/0,0:53:0,,111.1,127.6,127.6,nan,nan
2000/101/0,0:53:0,,107.1,122.2,123.1,nan,nan
2000/96/0,0:53:0,,98.3,115.3,116.8,nan,nan
2000/100/0,0:53:0,,95.6,111.8,113.8,nan,nan
2000/110/0,0:53:0,,106.9,123.9,124.9,nan,nan
2000/113/0,0:53:0,,116.0,131.6,132.7,nan,nan
2000/114/0,0:53:0,,115.3,131.3,132.4,nan,nan
2000/107/0,0:53:0,,110.1,127.6,128.9,nan,nan
2000/111/0,0:53:0,,109.2,124.4,126.2,nan,nan
2000/101/0,0:53:0,,108.6,124.3,126.9,nan,nan
2000/96/0,0:53:0,,98.1,114.9,116.9,nan,nan
2000/108/0,0:53:0,,101.8,117.5,117.8,nan,nan
2000/108/0,0:53:0,,114.4,130.3,131.2,nan,nan
2000/95/0,0:53:0,,102.2,119.3,120.7,nan,nan
2000/94/0,0:53:0,,92.6,110.5,113.6,nan,nan
2000/95/0,0:53:0,,93.6,111.2,112.9,nan,nan
2000/94/0,0:53:0,,105.3,121.9,123.0,nan,nan
2000/104/0,0:53:0,,97.9,114.7,116.0,nan,nan
2000/114/0,0:53:0,,110.0,127.3,128.3,nan,nan
2000/115/0,0:53:0,,118.9,134.8,136.4,nan,nan
2000/106/0,0:53:0,,110.6,126.6,127.0,nan,nan
2000/115/0,0:53:0,,112.6,130.8,131.2,nan,nan
2000/110/0,0:53:0,,115.4,135.3,136.1,nan,nan
2000/94/0,0:53:0,,105.9,121.6,122.1,nan,nan
2000/103/0,0:53:0,,97.7,113.1,114.4,nan,nan
2000/101/0,0:53:0,,109.5,126.6,127.8,nan,nan
2000/94/0,0:53:0,,99.1,115.3,116.9,nan,nan
2000/91/0,0:53:0,,98.0,114.0,114.8,nan,nan
2000/107/0,0:53:0,,106.6,122.9,124.0,nan,nan
2000/112/0,0:53:0,,116.4,133.1,134.8,nan,nan
2000/83/0,0:53:0,,101.2,118.4,119.1,nan,nan
2000/101/0,0:53:0,,92.9,111.6,112.3,nan,nan
2000/113/0,0:53:0,,116.0,132.8,134.7,nan,nan
2000/74/0,0:53:0,,96.5,111.4,112.9,nan,nan
2000/90/0,0:53:0,,79.9,97.1,98.4,nan,nan
2000/100/0,0:53:0,,105.5,120.5,121.2,nan,nan
2000/91/0,0:53:0,,94.8,112.4,113.9,nan,nan
2000/105/0,0:53:0,,102.9,119.0,120.9,nan,nan
2000/95/0,0:53:0,,101.5,117.2,117.8,nan,nan
2000/81/0,0:53:0,,86.9,103.5,104.4,nan,nan
2000/96/0,0:53:0,,89.5,105.9,106.8,nan,nan
2000/109/0,0:53:0,,108.9,124.0,125.2,nan,nan
2000/113/0,0:53:0,,108.9,123.3,124.3,nan,nan
2000/61/0,0:53:0,,92.8,106.8,107.3,nan,nan
2000/78/0,0:53:0,,64.6,78.2,80.0,nan,nan
2000/100/0,0:53:0,,98.1,110.4,111.9,nan,nan
2000/99/0,0:53:0,,103.2,115.3,115.8,nan,nan
2000/101/0,0:53:0,,101.6,115.3,115.7,nan,nan
2000/87/0,0:53:0,,99.5,114.1,115.0,nan,nan
2000/93/0,0:53:0,,91.5,107.5,108.2,nan,nan
2000/84/0,0:53:0,,92.2,107.7,108.4,nan,nan
2000/80/0,0:53:0,,82.6,97.9,98.2,nan,nan
2000/95/0,0:53:0,,88.2,102.4,102.6,nan,nan
2000/100/0,0:53:0,,103.9,119.5,119.5,nan,nan
2000/72/0,0:53:0,,93.7,110.3,110.3,nan,nan
2000/85/0,0:53:0,,76.9,91.8,92.9,nan,nan
2000/92/0,0:53:0,,98.3,113.9,116.2,nan,nan
2000/70/0,0:53:0,,87.5,103.7,104.5,nan,nan
2000/84/0,0:53:0,,72.7,87.3,89.1,nan,nan
2000/93/0,0:53:0,,87.0,104.6,105.8,nan,nan
2000/87/0,0:53:0,,91.7,108.8,109.4,nan,nan
2000/95/0,0:53:0,,89.8,104.9,107.1,nan,nan
2000/70/0,0:53:0,,88.9,104.2,104.9,nan,nan
2000/45/0,0:53:0,,49.1,62.3,70.4,nan,nan
2000/93/0,0:53:0,,69.3,81.5,86.0,nan,nan
2000/104/0,0:53:0,,108.5,121.0,122.5,nan,nan
2000/85/0,0:53:0,,93.8,108.8,109.5,nan,nan
2000/92/0,0:53:0,,83.6,100.2,101.2,nan,nan
2000/93/0,0:53:0,,91.5,107.4,109.1,nan,nan
2000/83/0,0:53:0,,82.6,97.6,98.1,nan,nan
2000/92/0,0:53:0,,86.1,101.2,101.4,nan,nan
2000/89/0,0:53:0,,93.7,112.1,114.8,nan,nan
2000/92/0,0:53:0,,99.5,115.3,115.9,nan,nan
2000/81/0,0:53:0,,87.3,101.4,101.8,nan,nan
2000/77/0,0:53:0,,81.6,96.8,97.0,nan,nan
2000/89/0,0:53:0,,85.9,101.6,101.7,nan,nan
2000/92/0,0:53:0,,89.1,106.3,107.8,nan,nan
2000/111/0,0:53:0,,115.5,132.0,132.9,nan,nan
2000/92/0,0:53:0,,105.1,119.7,120.1,nan,nan
2000/84/0,0:53:0,,94.7,108.1,109.1,nan,nan
2000/56/0,0:53:0,,67.0,81.5,83.9,nan,nan
2000/88/0,0:53:0,,68.9,84.7,85.3,nan,nan
2000/85/0,0:53:0,,99.7,115.6,116.4,nan,nan
2000/101/0,0:53:0,,91.5,106.9,109.0,nan,nan
2000/81/0,0:53:0,,95.4,108.1,108.8,nan,nan
2000/86/0,0:53:0,,79.8,90.8,91.6,nan,nan
2000/90/0,0:53:0,,101.3,113.4,115.0,nan,nan
2000/68/0,0:53:0,,82.2,97.9,99.9,nan,nan
2000/80/0,0:53:0,,74.5,89.3,90.5,nan,nan
2000/96/0,0:53:0,,96.0,110.5,110.5,nan,nan
2000/72/0,0:53:0,,87.7,103.7,104.4,nan,nan
2000/85/0,0:53:0,,78.6,94.4,94.6,nan,nan
2000/93/0,0:53:0,,98.2,111.8,112.2,nan,nan
2000/83/0,0:53:0,,85.8,100.7,100.8,nan,nan
2000/90/0,0:53:0,,87.0,102.7,102.7,nan,nan
2000/68/0,0:53:0,,80.9,97.1,97.8,nan,nan
2000/61/0,0:53:0,,61.2,77.7,80.1,nan,nan
2000/81/0,0:53:0,,74.5,88.0,92.0,nan,nan
2000/89/0,0:53:0,,83.3,97.5,98.8,nan,nan
2000/95/0,0:53:0,,99.7,114.9,116.0,nan,nan
2000/93/0,0:53:0,,99.1,116.5,117.4,nan,nan
2000/92/0,0:53:0,,93.4,109.8,110.1,nan,nan
2000/69/0,0:53:0,,81.8,99.9,100.1,nan,nan
2000/86/0,0:53:0,,76.6,90.8,91.0,nan,nan
2000/97/0,0:53:0,,94.8,110.4,112.3,nan,nan
2000/99/0,0:53:0,,97.8,114.9,116.9,nan,nan
2000/103/0,0:53:0,,104.9,121.8,122.5,nan,nan
2000/96/0,0:53:0,,93.2,108.2,108.7,nan,nan
2000/90/0,0:53:0,,101.7,117.5,118.3,nan,nan
2000/72/0,0:53:0,,73.1,88.9,89.7,nan,nan
2000/81/0,0:53:0,,82.7,99.9,101.1,nan,nan
2000/75/0,0:53:0,,75.4,92.1,94.8,nan,nan
2000/105/0,0:53:0,,94.4,110.5,112.5,nan,nan
2000/105/0,0:53:0,,109.7,125.3,126.7,nan,nan
2000/105/0,0:53:0,,100.3,116.8,117.0,nan,nan
2000/107/0,0:53:0,,110.3,126.1,127.0,nan,nan
2000/91/0,0:53:0,,95.2,110.5,111.0,nan,nan
2000/98/0,0:53:0,,94.5,110.0,110.4,nan,nan
2000/106/0,0:53:0,,105.3,119.9,120.4,nan,nan
2000/104/0,0:53:0,,101.8,116.5,116.6,nan,nan
2000/95/0,0:53:0,,104.6,121.4,121.4,nan,nan
2000/99/0,0:53:0,,98.0,111.0,111.5,nan,nan
2000/100/0,0:53:0,,106.6,121.7,123.4,nan,nan
2000/95/0,0:53:0,,100.6,118.1,118.6,nan,nan
2000/105/0,0:53:0,,101.1,118.1,120.9,nan,nan
2000/107/0,0:53:0,,109.3,128.1,129.2,nan,nan
2000/107/0,0:53:0,,110.1,127.1,127.2,nan,nan
2000/97/0,0:53:0,,102.4,118.8,119.5,nan,nan
2000/95/0,0:53:0,,98.1,114.3,115.6,nan,nan
2000/102/0,0:53:0,,104.3,121.0,122.7,nan,nan
2000/104/0,0:53:0,,104.9,121.1,121.9,nan,nan
2000/103/0,0:53:0,,107.4,124.4,125.1,nan,nan
2000/94/0,0:53:0,,105.5,122.4,122.4,nan,nan
2000/97/0,0:53:0,,92.0,108.0,108.0,nan,nan
2000/114/0,0:53:0,,114.8,128.8,129.6,nan,nan
2000/122/0,0:53:0,,121.9,133.4,134.3,nan,nan
2000/119/0,0:53:0,,122.1,137.8,138.4,nan,nan
2000/113/0,0:53:0,,123.6,142.0,145.4,nan,nan
2000/101/0,0:53:0,,110.6,126.6,129.9,nan,nan
2000/100/0,0:53:0,,100.6,116.8,118.1,nan,nan
2000/103/0,0:53:0,,105.7,122.2,122.3,nan,nan
2000/100/0,0:53:0,,95.6,111.7,112.4,nan,nan
2000/112/0,0:53:0,,112.9,129.1,130.6,nan,nan
2000/112/0,0:53:0,,115.8,136.2,136.3,nan,nan
2000/111/0,0:53:0,,114.6,132.1,133.6,nan,nan
2000/88/0,0:53:0,,98.3,113.0,114.4,nan,nan
2000/92/0,0:53:0,,93.6,110.5,110.5,nan,nan
2000/101/0,0:53:0,,94.8,110.3,110.9,nan,nan
2000/100/0,0:53:0,,109.1,126.9,127.6,nan,nan
2000/94/0,0:53:0,,94.3,112.5,113.6,nan,nan
2000/91/0,0:53:0,,93.8,109.4,111.5,nan,nan
2000/89/0,0:53:0,,90.2,105.2,106.1,nan,nan
2000/106/0,0:53:0,,98.2,111.9,113.2,nan,nan
2000/103/0,0:53:0,,110.0,127.3,129.0,nan,nan
2000/109/0,0:53:0,,109.2,125.8,127.8,nan,nan
2000/111/0,0:53:0,,113.0,129.0,131.7,nan,nan
2000/91/0,0:53:0,,97.2,115.0,116.5,nan,nan
2000/95/0,0:53:0,,90.3,109.5,109.9,nan,nan
2000/83/0,0:53:0,,86.4,103.7,104.1,nan,nan
2000/87/0,0:53:0,,85.1,102.7,103.9,nan,nan
2000/93/0,0:53:0,,96.9,112.4,112.6,nan,nan
2000/103/0,0:53:0,,100.4,116.8,118.7,nan,nan
2000/104/0,0:53:0,,104.6,119.2,121.2,nan,nan
2000/92/0,0:53:0,,102.0,116.8,119.1,nan,nan
2000/102/0,0:53:0,,101.3,114.5,115.8,nan,nan
2000/111/0,0:53:0,,110.5,126.9,128.0,nan,nan
2000/106/0,0:53:0,,110.7,126.2,126.6,nan,nan
2000/109/0,0:53:0,,109.4,127.1,128.0,nan,nan
2000/112/0,0:53:0,,113.0,131.9,133.5,nan,nan
2000/102/0,0:53:0,,108.6,125.1,126.0,nan,nan
2000/93/0,0:53:0,,98.5,113.2,114.2,nan,nan
2000/85/0,0:53:0,,91.6,105.6,108.7,nan,nan
2000/104/0,0:53:0,,100.8,116.6,117.6,nan,nan
2000/101/0,0:53:0,,106.8,125.2,125.7,nan,nan
2000/94/0,0:53:0,,97.4,114.0,114.6,nan,nan
2000/113/0,0:53:0,,100.9,116.4,117.4,nan,nan
2000/93/0,0:53:0,,102.4,117.0,118.1,nan,nan
2000/83/0,0:53:0,,82.5,97.4,98.4,nan,nan
2000/82/0,0:53:0,,79.9,97.3,99.0,nan,nan
2000/90/0,0:53:0,,86.9,103.4,105.7,nan,nan
2000/86/0,0:53:0,,92.1,109.0,109.1,nan,nan
2000/90/0,0:53:0,,89.9,104.4,105.5,nan,nan
2000/85/0,0:53:0,,90.4,103.4,104.9,nan,nan
2000/105/0,0:53:0,,95.2,109.2,110.9,nan,nan
2000/83/0,0:53:0,,98.5,114.7,116.0,nan,nan
2000/89/0,0:53:0,,85.9,101.1,102.2,nan,nan
2000/93/0,0:53:0,,102.5,118.0,118.4,nan,nan
2000/66/0,0:53:0,,83.9,99.1,99.8,nan,nan
2000/72/0,0:53:0,,72.0,86.5,87.1,nan,nan
2000/80/0,0:53:0,,74.8,91.7,94.2,nan,nan
2000/79/0,0:53:0,,75.6,93.5,94.5,nan,nan
2000/93/0,0:53:0,,88.8,106.1,106.9,nan,nan
2000/90/0,0:53:0,,100.8,117.3,118.9,nan,nan
2000/90/0,0:53:0,,94.9,110.9,111.1,nan,nan
2000/99/0,0:53:0,,100.1,113.3,114.5,nan,nan
2000/90/0,0:53:0,,102.1,116.4,117.8,nan,nan
2000/98/0,0:53:0,,95.4,111.5,111.8,nan,nan
2000/86/0,0:53:0,,97.1,112.9,114.5,nan,nan
2000/88/0,0:53:0,,91.3,108.0,110.3,nan,nan
2000/81/0,0:53:0,,89.2,104.2,106.4,nan,nan
2000/93/0,0:53:0,,84.6,97.9,99.1,nan,nan
2000/101/0,0:53:0,,99.4,114.2,116.2,nan,nan
2000/98/0,0:53:0,,101.2,115.9,116.7,nan,nan
2000/112/0,0:53:0,,109.3,125.9,128.2,nan,nan
2000/103/0,0:53:0,,108.9,125.7,127.0,nan,nan
2000/110/0,0:53:0,,112.7,128.1,129.1,nan,nan
2000/116/0,0:53:0,,118.2,135.2,137.0,nan,nan
2000/110/0,0:53:0,,119.2,136.1,136.5,nan,nan
2000/107/0,0:53:0,,116.3,132.8,133.5,nan,nan
2000/101/0,0:53:0,,109.1,123.7,126.0,nan,nan
2000/95/0,0:53:0,,102.5,117.6,119.4,nan,nan
2000/103/0,0:53:0,,105.8,124.0,125.3,nan,nan
2000/101/0,0:53:0,,100.0,119.3,121.9,nan,nan
2000/113/0,0:53:0,,111.8,128.8,129.6,nan,nan
2000/109/0,0:53:0,,115.2,131.3,132.6,nan,nan
2000/92/0,0:53:0,,105.8,121.4,122.5,nan,nan
2000/85/0,0:53:0,,87.9,102.9,104.2,nan,nan
2000/98/0,0:53:0,,91.7,104.2,106.4,nan,nan
2000/96/0,0:53:0,,98.6,115.2,115.8,nan,nan
2000/100/0,0:53:0,,100.0,116.2,117.9,nan,nan
2000/108/0,0:53:0,,110.6,125.2,126.6,nan,nan
2000/118/0,0:53:0,,117.4,132.4,133.1,nan,nan
2000/102/0,0:53:0,,120.9,135.7,136.6,nan,nan
2000/93/0,0:53:0,,97.5,113.6,114.3,nan,nan
2000/93/0,0:53:0,,99.0,115.7,116.2,nan,nan
2000/94/0,0:53:0,,98.2,115.5,115.6,nan,nan
2000/103/0,0:53:0,,100.0,115.0,115.0,nan,nan
2000/116/0,0:53:0,,113.0,128.7,129.7,nan,nan
2000/108/0,0:53:0,,116.7,132.9,133.5,nan,nan
2000/102/0,0:53:0,,104.5,120.5,120.9,nan,nan
2000/100/0,0:53:0,,102.4,119.2,119.4,nan,nan
2000/112/0,0:53:0,,106.0,121.7,122.1,nan,nan
2000/109/0,0:53:0,,114.4,130.0,131.1,nan,nan
2000/97/0,0:53:0,,108.2,124.9,125.4,nan,nan
2000/100/0,0:53:0,,99.2,114.6,116.1,nan,nan
2000/103/0,0:53:0,,105.2,121.2,123.6,nan,nan
2000/103/0,0:53:0,,103.9,120.8,121.8,nan,nan
2000/104/0,0:53:0,,104.8,122.2,123.0,nan,nan
2000/90/0,0:53:0,,102.3,118.2,119.1,nan,nan
2000/100/0,0:53:0,,103.2,119.8,119.9,nan,nan
2000/93/0,0:53:0,,93.2,109.4,109.4,nan,nan
2000/100/0,0:53:0,,103.2,120.5,121.1,nan,nan
2000/105/0,0:53:0,,106.3,123.8,125.0,nan,nan
2000/104/0,0:53:0,,109.5,127.8,129.4,nan,nan
2000/102/0,0:53:0,,109.8,127.5,129.2,nan,nan
2000/97/0,0:53:0,,103.2,119.0,121.0,nan,nan
2000/100/0,0:53:0,,101.2,118.2,119.1,nan,nan
2000/104/0,0:53:0,,104.5,122.0,122.1,nan,nan
2000/108/0,0:53:0,,107.0,124.8,126.5,nan,nan
2000/93/0,0:53:0,,109.8,127.6,128.5,nan,nan
2000/86/0,0:53:0,,88.7,103.5,105.2,nan,nan
2000/106/0,0:53:0,,105.5,121.0,121.9,nan,nan
2000/102/0,0:53:0,,107.8,123.7,126.0,nan,nan
2000/99/0,0:53:0,,104.9,120.7,123.0,nan,nan
2000/87/0,0:53:0,,88.5,101.4,101.5,nan,nan
2000/90/0,0:53:0,,90.9,104.1,105.0,nan,nan
2000/91/0,0:53:0,,97.8,110.5,112.3,nan,nan
2000/93/0,0:53:0,,96.2,109.0,110.1,nan,nan
2000/110/0,0:53:0,,110.5,126.8,129.2,nan,nan
2000/99/0,0:53:0,,113.3,130.3,131.9,nan,nan
2000/70/0,0:53:0,,80.3,95.7,96.8,nan,nan
2000/90/0,0:53:0,,81.6,95.7,97.1,nan,nan
2000/94/0,0:53:0,,104.2,116.8,118.2,nan,nan
2000/84/0,0:53:0,,86.0,101.0,103.0,nan,nan
2000/110/0,0:53:0,,101.5,117.8,118.8,nan,nan
2000/102/0,0:53:0,,111.1,126.6,128.3,nan,nan
2000/93/0,0:53:0,,99.8,114.3,116.5,nan,nan
2000/90/0,0:53:0,,95.2,109.4,111.2,nan,nan
2000/90/0,0:53:0,,99.9,115.7,116.3,nan,nan
2000/91/0,0:53:0,,88.7,104.2,104.2,nan,nan
2000/106/0,0:53:0,,96.8,113.1,113.6,nan,nan
2000/113/0,0:53:0,,121.4,134.6,135.1,nan,nan
2000/103/0,0:53:0,,112.0,125.1,126.0,nan,nan
2000/102/0,0:53:0,,104.0,119.6,120.3,nan,nan
2000/100/0,0:53:0,,105.8,120.8,121.8,nan,nan
2000/110/0,0:53:0,,104.7,119.8,121.1,nan,nan
2000/112/0,0:53:0,,119.8,135.0,135.6,nan,nan
2000/103/0,0:53:0,,107.4,123.7,124.3,nan,nan
2000/97/0,0:53:0,,108.4,124.5,125.6,nan,nan
2000/84/0,0:53:0,,90.1,105.9,108.3,nan,nan
2000/104/0,0:53:0,,102.6,117.8,118.9,nan,nan
2000/106/0,0:53:0,,109.3,124.0,124.4,nan,nan
2000/101/0,0:53:0,,109.1,124.2,124.8,nan,nan
2000/106/0,0:53:0,,108.3,123.8,124.9,nan,nan
2000/89/0,0:53:0,,103.4,119.4,120.1,nan,nan
2000/102/0,0:53:0,,95.6,110.9,112.5,nan,nan
2000/95/0,0:53:0,,103.7,119.9,121.8,nan,nan
2000/95/0,0:53:0,,96.2,111.5,111.5,nan,nan
2000/116/0,0:53:0,,109.3,124.1,124.1,nan,nan
2000/104/0,0:53:0,,117.7,132.4,133.2,nan,nan
2000/90/0,0:53:0,,94.5,110.7,112.2,nan,nan
2000/94/0,0:53:0,,97.0,113.0,114.7,nan,nan
2000/85/0,0:53:0,,88.5,105.7,107.4,nan,nan
2000/80/0,0:53:0,,82.1,97.5,99.0,nan,nan
2000/90/0,0:53:0,,89.8,105.2,106.3,nan,nan
2000/94/0,0:53:0,,109.3,123.4,126.8,nan,nan
2000/87/0,0:53:0,,89.3,103.1,105.9,nan,nan
2000/100/0,0:53:0,,97.4,112.9,112.9,nan,nan
2000/102/0,0:53:0,,107.8,123.2,124.6,nan,nan
2000/100/0,0:53:0,,106.1,122.4,123.8,nan,nan
2000/94/0,0:53:0,,100.9,116.3,118.0,nan,nan
2000/101/0,0:53:0,,101.2,117.1,117.8,nan,nan
2000/83/0,0:53:0,,93.0,108.4,110.5,nan,nan
2000/96/0,0:53:0,,92.5,107.1,108.7,nan,nan
2000/103/0,0:53:0,,101.1,115.4,115.7,nan,nan
2000/106/0,0:53:0,,107.6,121.5,122.5,nan,nan
2000/83/0,0:53:0,,94.5,110.8,110.8,nan,nan
2000/88/0,0:53:0,,86.5,102.3,103.3,nan,nan
2000/81/0,0:53:0,,78.5,92.7,95.0,nan,nan
2000/73/0,0:53:0,,82.1,98.4,99.0,nan,nan
2000/87/0,0:53:0,,74.4,90.3,90.9,nan,nan
2000/93/0,0:53:0,,93.0,108.3,109.0,nan,nan
2000/94/0,0:53:0,,89.8,104.4,105.9,nan,nan
2000/95/0,0:53:0,,88.9,104.0,105.7,nan,nan
2000/101/0,0:53:0,,103.8,118.1,118.5,nan,nan
2000/55/0,0:53:0,,70.6,84.5,85.1,nan,nan
2000/70/0,0:53:0,,66.1,84.9,86.6,nan,nan
2000/90/0,0:53:0,,86.6,105.3,106.9,nan,nan
2000/96/0,0:53:0,,90.6,106.6,109.4,nan,nan
2000/95/0,0:53:0,,97.7,112.5,112.8,nan,nan
2000/90/0,0:53:0,,91.6,105.9,108.2,nan,nan
2000/96/0,0:53:0,,95.8,110.1,111.0,nan,nan
2000/94/0,0:53:0,,90.2,106.6,108.4,nan,nan
2000/115/0,0:53:0,,111.0,128.7,128.7,nan,nan
2000/111/0,0:53:0,,118.2,135.2,135.9,nan,nan
2000/99/0,0:53:0,,105.2,121.3,122.5,nan,nan
2000/93/0,0:53:0,,98.1,113.7,113.9,nan,nan
2000/93/0,0:53:0,,89.7,102.8,103.4,nan,nan
2000/104/0,0:53:0,,97.0,111.6,111.9,nan,nan
2000/117/0,0:53:0,,113.7,129.7,130.6,nan,nan
2000/114/0,0:53:0,,122.3,140.9,141.9,nan,nan
2000/96/0,0:53:0,,101.1,119.3,120.9,nan,nan
2000/89/0,0:53:0,,92.8,107.4,109.0,nan,nan
2000/89/0,0:53:0,,91.7,103.2,104.0,nan,nan
2000/91/0,0:53:0,,90.7,102.3,102.3,nan,nan
2000/90/0,0:53:0,,100.0,113.9,113.9,nan,nan
2000/88/0,0:53:0,,91.9,108.6,109.2,nan,nan
2000/94/0,0:53:0,,94.4,107.5,108.7,nan,nan
2000/101/0,0:53:0,,95.5,108.9,109.9,nan,nan
2000/91/0,0:53:0,,96.9,110.1,112.8,nan,nan
2000/101/0,0:53:0,,97.1,113.3,115.8,nan,nan
2000/103/0,0:53:0,,104.9,121.9,122.5,nan,nan
2000/103/0,0:53:0,,105.8,124.7,124.7,nan,nan
2000/97/0,0:53:0,,102.6,120.0,120.4,nan,nan
2000/95/0,0:53:0,,94.3,110.8,111.5,nan,nan
2000/102/0,0:53:0,,110.0,124.9,125.9,nan,nan
2000/83/0,0:53:0,,90.6,104.2,105.2,nan,nan
2000/96/0,0:53:0,,91.6,104.6,106.8,nan,nan
2000/101/0,0:53:0,,99.0,113.9,115.8,nan,nan
2000/92/0,0:53:0,,104.0,119.5,120.5,nan,nan
2000/64/0,0:53:0,,79.1,92.0,93.4,nan,nan
2000/62/0,0:53:0,,57.4,67.5,73.4,nan,nan
2000/105/0,0:53:0,,87.0,99.5,101.5,nan,nan
2000/110/0,0:53:0,,113.8,125.8,127.1,nan,nan
2000/108/0,0:53:0,,110.5,125.0,126.5,nan,nan
2000/73/0,0:53:0,,89.3,103.8,104.9,nan,nan
2000/79/0,0:53:0,,75.1,89.1,89.5,nan,nan
2000/101/0,0:53:0,,87.5,100.3,100.3,nan,nan
2000/115/0,0:53:0,,119.2,134.0,134.5,nan,nan
2000/101/0,0:53:0,,109.8,124.9,125.7,nan,nan
2000/93/0,0:53:0,,97.4,111.9,114.0,nan,nan
2000/102/0,0:53:0,,103.4,117.6,119.7,nan,nan
2000/66/0,0:53:0,,80.7,95.4,95.8,nan,nan
2000/94/0,0:53:0,,79.0,93.3,94.1,nan,nan
2000/112/0,0:53:0,,111.6,126.9,127.5,nan,nan
2000/107/0,0:53:0,,112.8,127.4,128.6,nan,nan
2000/106/0,0:53:0,,109.6,124.5,124.9,nan,nan
2000/91/0,0:53:0,,97.6,113.1,115.8,nan,nan
2000/97/0,0:53:0,,95.1,112.2,114.6,nan,nan
2000/90/0,0:53:0,,95.0,110.0,111.1,nan,nan
2000/102/0,0:53:0,,98.7,116.0,116.9,nan,nan
2000/109/0,0:53:0,,110.7,127.4,129.2,nan,nan
2000/96/0,0:53:0,,102.9,118.1,118.9,nan,nan
2000/92/0,0:53:0,,90.0,103.9,105.6,nan,nan
2000/106/0,0:53:0,,103.7,117.5,119.8,nan,nan
2000/114/0,0:53:0,,112.9,126.6,127.6,nan,nan
2000/100/0,0:53:0,,109.4,123.5,125.0,nan,nan
2000/95/0,0:53:0,,99.5,116.2,117.9,nan,nan
2000/91/0,0:53:0,,96.3,113.0,113.9,nan,nan
2000/101/0,0:53:0,,108.9,125.1,126.1,nan,nan
2000/94/0,0:53:0,,99.9,113.4,114.1,nan,nan
2000/105/0,0:53:0,,102.4,113.4,113.9,nan,nan
2000/114/0,0:53:0,,116.6,130.3,132.2,nan,nan
2000/116/0,0:53:0,,120.8,135.3,136.6,nan,nan
2000/116/0,0:53:0,,120.7,133.6,134.0,nan,nan
2000/105/0,0:53:0,,111.4,126.7,127.7,nan,nan
2000/97/0,0:53:0,,99.1,114.7,116.3,nan,nan
2000/94/0,0:53:0,,93.7,108.2,108.4,nan,nan
2000/103/0,0:53:0,,95.2,109.3,110.9,nan,nan
2000/114/0,0:53:0,,108.6,126.7,127.5,nan,nan
2000/99/0,0:53:0,,105.0,123.9,124.9,nan,nan
2000/98/0,0:53:0,,100.4,116.0,116.7,nan,nan
2000/115/0,0:53:0,,109.0,123.5,124.9,nan,nan
2000/53/0,0:53:0,,78.7,92.3,93.7,nan,nan
2000/91/0,0:53:0,,70.3,85.6,87.2,nan,nan
2000/108/0,0:53:0,,110.5,127.3,128.0,nan,nan
2000/94/0,0:53:0,,107.1,122.0,122.5,nan,nan
2000/91/0,0:53:0,,89.2,103.4,103.8,nan,nan
2000/91/0,0:53:0,,96.8,112.0,113.5,nan,nan
2000/96/0,0:53:0,,93.3,108.4,111.3,nan,nan
2000/82/0,0:53:0,,96.0,110.0,111.9,nan,nan
2000/79/0,0:53:0,,82.0,98.9,100.2,nan,nan
2000/93/0,0:53:0,,88.1,103.0,103.6,nan,nan
2000/80/0,0:53:0,,88.5,100.9,101.7,nan,nan
2000/90/0,0:53:0,,88.9,101.3,102.0,nan,nan
2000/106/0,0:53:0,,105.7,118.2,118.5,nan,nan
2000/107/0,0:53:0,,108.5,121.1,121.4,nan,nan
2000/109/0,0:53:0,,112.8,126.1,127.2,nan,nan
2000/103/0,0:53:0,,107.0,120.8,121.8,nan,nan
2000/94/0,0:53:0,,97.0,114.5,116.5,nan,nan
2000/94/0,0:53:0,,91.0,108.6,110.4,nan,nan
2000/71/0,0:53:0,,82.8,99.0,99.9,nan,nan
2000/94/0,0:53:0,,77.6,93.3,93.5,nan,nan
2000/106/0,0:53:0,,105.5,121.2,121.8,nan,nan
2000/83/0,0:53:0,,92.1,111.3,111.3,nan,nan
2000/102/0,0:53:0,,97.8,113.8,114.6,nan,nan
2000/93/0,0:53:0,,99.1,116.4,117.5,nan,nan
2000/91/0,0:53:0,,91.2,108.7,110.6,nan,nan
2000/87/0,0:53:0,,86.1,104.6,105.3,nan,nan
2000/85/0,0:53:0,,91.0,107.1,108.0,nan,nan
2000/91/0,0:53:0,,85.5,100.9,101.4,nan,nan
2000/85/0,0:53:0,,92.0,108.1,108.9,nan,nan
2000/101/0,0:53:0,,94.7,109.1,109.9,nan,nan
2000/103/0,0:53:0,,106.4,122.2,124.9,nan,nan
2000/112/0,0:53:0,,105.9,121.5,122.4,nan,nan
2000/107/0,0:53:0,,115.3,131.9,132.2,nan,nan
2000/111/0,0:53:0,,112.9,129.8,131.0,nan,nan
2000/84/0,0:53:0,,103.9,119.6,121.4,nan,nan
2000/94/0,0:53:0,,90.6,107.4,109.4,nan,nan
2000/81/0,0:53:0,,91.8,107.3,108.6,nan,nan
2000/73/0,0:53:0,,77.2,90.0,91.5,nan,nan
2000/72/0,0:53:0,,72.0,85.8,86.8,nan,nan
2000/72/0,0:53:0,,71.3,84.8,87.1,nan,nan
2000/82/0,0:53:0,,79.7,93.3,93.8,nan,nan
2000/76/0,0:53:0,,78.9,93.9,94.4,nan,nan
2000/94/0,0:53:0,,84.7,99.8,100.5,nan,nan
2000/80/0,0:53:0,,90.3,106.6,108.3,nan,nan
2000/91/0,0:53:0,,91.8,107.6,108.9,nan,nan
2000/90/0,0:53:0,,89.9,105.0,106.4,nan,nan
2000/89/0,0:53:0,,91.5,107.5,107.8,nan,nan
2000/64/0,0:53:0,,76.1,90.2,90.9,nan,nan
2000/91/0,0:53:0,,70.7,86.8,86.8,nan,nan
2000/91/0,0:53:0,,96.4,113.6,113.6,nan,nan
2000/106/0,0:53:0,,104.1,117.6,118.7,nan,nan
2000/106/0,0:53:0,,108.5,121.6,122.2,nan,nan
2000/95/0,0:53:0,,110.7,127.1,127.1,nan,nan
2000/91/0,0:53:0,,97.4,113.4,113.7,nan,nan
2000/70/0,0:53:0,,82.0,96.7,98.4,nan,nan
2000/95/0,0:53:0,,80.8,94.5,96.7,nan,nan
2000/102/0,0:53:0,,106.9,122.8,124.1,nan,nan
2000/89/0,0:53:0,,96.5,113.0,113.2,nan,nan
2000/92/0,0:53:0,,94.5,109.3,109.5,nan,nan
2000/102/0,0:53:0,,102.5,117.2,117.2,nan,nan
2000/82/0,0:53:0,,95.4,111.2,111.2,nan,nan
2000/94/0,0:53:0,,88.3,103.8,104.9,nan,nan
2000/113/0,0:53:0,,108.7,124.6,125.3,nan,nan
2000/103/0,0:53:0,,114.7,131.9,132.3,nan,nan
2000/107/0,0:53:0,,106.8,123.3,124.0,nan,nan
2000/83/0,0:53:0,,95.1,111.4,113.0,nan,nan
2000/89/0,0:53:0,,83.2,99.0,99.3,nan,nan
2000/107/0,0:53:0,,101.0,117.6,117.6,nan,nan
2000/115/0,0:53:0,,117.3,133.3,133.6,nan,nan
2000/117/0,0:53:0,,123.1,138.1,138.8,nan,nan
2000/110/0,0:53:0,,116.3,133.2,136.0,nan,nan
2000/93/0,0:53:0,,104.0,122.0,122.5,nan,nan
2000/114/0,0:53:0,,102.3,119.0,120.1,nan,nan
2000/101/0,0:53:0,,109.0,127.2,128.5,nan,nan
2001/156/0,0:53:0,,130.0,180.2,190.6,nan,nan
2002/48/1,0:53:0,,203.1,356.7,409.4,nan,nan
2003/80/1,0:53:0,,232.4,451.8,533.0,nan,nan
2003/96/1,0:53:0,,266.3,553.8,668.3,nan,nan
2004/123/1,0:53:0,,285.1,664.4,820.2,nan,nan
2004/127/1,0:53:0,,298.0,723.2,885.1,nan,nan
2004/132/1,0:53:0,,305.6,745.3,907.8,nan,nan
2004/131/1,0:53:0,,307.0,797.5,995.7,nan,nan
2005/137/1,0:53:0,,307.0,850.3,1075.9,nan,nan
2005/131/1,0:53:0,,311.7,888.8,1132.8,nan,nan
2005/133/1,0:53:0,,312.5,919.0,1198.9,nan,nan
2005/146/1,0:53:0,,313.0,952.9,1254.7,nan,nan
2005/127/1,0:53:0,,310.5,999.4,1307.1,nan,nan
2005/125/1,0:53:0,,300.7,988.8,1299.2,nan,nan
2005/135/1,0:53:0,,301.9,977.5,1289.6,nan,nan
2005/134/1,0:53:0,,308.6,982.6,1286.2,nan,nan
2006/141/1,0:53:0,,309.1,1000.9,1299.4,nan,nan
2006/135/1,0:53:0,,311.7,1038.3,1362.5,nan,nan
2006/123/1,0:53:0,,305.8,1089.6,1450.3,nan,nan
2006/119/1,0:53:0,,297.7,1125.9,1527.4,nan,nan
2006/111/1,0:53:0,,287.9,1149.6,1569.9,nan,nan
2006/111/1,0:53:0,,284.3,1148.3,1564.7,nan,nan
2006/104/1,0:53:0,,281.3,1137.2,1534.1,nan,nan
2006/115/1,0:53:0,,284.0,1131.7,1534.0,nan,nan
2006/125/1,0:53:0,,292.1,1127.9,1521.0,nan,nan
2006/136/1,0:53:0,,305.5,1119.3,1520.1,nan,nan
2006/134/1,0:53:0,,310.8,1088.8,1463.6,nan,nan
2006/125/1,0:53:0,,299.9,1057.1,1420.5,nan,nan
2006/121/1,0:53:0,,295.0,1046.5,1396.7,nan,nan
2006/124/1,0:53:0,,295.6,1054.2,1390.8,nan,nan
2006/133/1,0:53:0,,307.5,1045.1,1394.9,nan,nan
2005/133/1,0:53:0,,311.4,1025.6,1379.2,nan,nan
2005/139/1,0:53:0,,312.0,1007.3,1376.9,nan,nan
2005/135/1,0:53:0,,313.1,1010.9,1343.3,nan,nan
2005/134/1,0:53:0,,313.3,1010.4,1322.4,nan,nan
2005/131/1,0:53:0,,309.7,988.8,1294.5,nan,nan
2005/127/1,0:53:0,,303.6,972.3,1296.7,nan,nan
2005/130/1,0:53:0,,304.4,952.3,1272.1,nan,nan
2005/137/1,0:53:0,,311.6,943.6,1254.1,nan,nan
2005/144/1,0:53:0,,317.1,927.2,1224.3,nan,nan
2005/130/1,0:53:0,,314.7,917.5,1219.8,nan,nan
2005/125/1,0:53:0,,306.2,913.6,1219.9,nan,nan
2005/134/1,0:53:0,,305.2,902.9,1217.8,nan,nan
2005/133/1,0:53:0,,305.8,884.7,1174.7,nan,nan
2005/139/1,0:53:0,,311.1,877.5,1131.0,nan,nan
2005/130/1,0:53:0,,308.0,863.1,1087.9,nan,nan
2004/131/1,0:53:0,,304.8,850.6,1090.5,nan,nan
2004/130/1,0:53:0,,305.2,832.4,1082.3,nan,nan
2004/129/1,0:53:0,,302.9,817.7,1066.4,nan,nan
2004/131/1,0:53:0,,306.7,798.1,1027.8,nan,nan
2004/133/1,0:53:0,,309.3,787.9,999.3,nan,nan
2004/131/1,0:53:0,,312.7,785.9,1006.7,nan,nan
2004/121/1,0:53:0,,303.2,770.2,1007.3,nan,nan
2004/117/1,0:53:0,,294.3,762.3,992.2,nan,nan
2004/114/1,0:53:0,,288.7,756.5,967.6,nan,nan
2004/115/1,0:53:0,,288.1,749.3,952.3,nan,nan
2004/120/1,0:53:0,,291.6,749.5,970.6,nan,nan
2004/123/1,0:53:0,,298.6,739.1,966.7,nan,nan
2004/123/1,0:53:0,,300.5,731.4,937.9,nan,nan
2004/120/1,0:53:0,,298.1,716.5,899.3,nan,nan
2004/118/1,0:53:0,,293.7,710.6,890.0,nan,nan
2004/118/1,0:53:0,,292.9,702.9,900.6,nan,nan
2004/122/1,0:53:0,,292.5,691.0,897.4,nan,nan
2004/119/1,0:53:0,,293.7,685.4,885.1,nan,nan
2003/111/1,0:53:0,,286.5,674.6,860.2,nan,nan
2003/114/1,0:53:0,,286.1,667.7,847.9,nan,nan
2003/110/1,0:53:0,,285.7,650.3,815.5,nan,nan
2003/112/1,0:53:0,,289.2,643.5,799.7,nan,nan
2003/116/1,0:53:0,,289.7,639.9,775.6,nan,nan
2003/115/1,0:53:0,,290.4,632.3,767.8,nan,nan
2003/104/1,0:53:0,,283.4,619.3,748.9,nan,nan
2003/97/1,0:53:0,,275.9,607.6,741.0,nan,nan
2003/98/1,0:53:0,,267.8,597.4,726.9,nan,nan
2003/95/1,0:53:0,,269.6,575.2,700.1,nan,nan
2003/98/1,0:53:0,,264.9,566.7,688.6,nan,nan
2003/93/1,0:53:0,,263.6,564.6,678.9,nan,nan
2003/96/1,0:53:0,,268.5,562.3,675.5,nan,nan
2003/95/1,0:53:0,,267.8,557.9,667.9,nan,nan
2003/96/1,0:53:0,,268.2,558.7,669.9,nan,nan
2003/90/1,0:53:0,,265.7,554.4,661.2,nan,nan
2003/96/1,0:53:0,,267.7,545.6,650.3,nan,nan
2003/90/1,0:53:0,,266.1,536.2,634.0,nan,nan
2003/86/1,0:53:0,,262.0,520.3,614.2,nan,nan
2002/81/1,0:53:0,,256.7,510.6,607.7,nan,nan
2002/82/1,0:53:0,,252.6,501.1,599.8,nan,nan
2002/79/1,0:53:0,,249.8,495.5,586.2,nan,nan
2002/76/1,0:53:0,,248.9,473.7,561.6,nan,nan
2002/70/1,0:53:0,,246.4,473.2,560.8,nan,nan
2002/67/1,0:53:0,,240.8,466.5,553.8,nan,nan
2002/64/1,0:53:0,,238.0,460.7,535.7,nan,nan
2002/62/1,0:53:0,,234.7,450.7,514.8,nan,nan
2002/61/1,0:53:0,,234.9,444.7,508.1,nan,nan
2002/61/1,0:53:0,,234.0,436.4,508.3,nan,nan
2002/62/1,0:53:0,,232.8,430.0,506.6,nan,nan
2002/53/1,0:53:0,,229.0,427.9,497.9,nan,nan
2002/55/1,0:53:0,,224.3,426.2,487.6,nan,nan
2002/48/1,0:53:0,,220.6,421.5,482.7,nan,nan
2002/43/1,0:53:0,,215.3,409.4,474.2,nan,nan
2002/41/1,0:53:0,,211.7,394.4,459.3,nan,nan
2002/40/1,0:53:0,,209.9,382.4,443.9,nan,nan
2002/39/1,0:53:0,,211.9,376.9,436.4,nan,nan
2002/37/1,0:53:0,,207.7,371.7,438.1,nan,nan
2002/35/1,0:53:0,,203.4,370.0,431.9,nan,nan
2002/30/1,0:53:0,,201.6,365.0,424.1,nan,nan
2002/30/1,0:53:0,,201.6,364.4,416.7,nan,nan
2002/33/1,0:53:0,,200.5,357.1,408.0,nan,nan
2002/28/1,0:53:0,,199.2,350.6,405.7,nan,nan
2001/23/1,0:53:0,,194.4,338.9,394.9,nan,nan
2001/25/1,0:53:0,,191.8,333.2,390.7,nan,nan
2001/18/1,0:53:0,,187.0,326.6,373.3,nan,nan
2001/16/1,0:53:0,,185.1,322.3,370.9,nan,nan
2001/11/1,0:53:0,,182.2,316.1,370.8,nan,nan
2001/10/1,0:53:0,,179.7,309.6,372.4,nan,nan
2001/13/1,0:53:0,,179.5,302.6,365.0,nan,nan
2001/12/1,0:53:0,,178.1,295.9,349.8,nan,nan
2001/6/1,0:53:0,,176.7,293.8,344.5,nan,nan
2001/6/1,0:53:0,,172.6,289.7,323.4,nan,nan
2001/160/0,0:53:0,,169.2,280.3,317.0,nan,nan
2001/162/0,0:53:0,,164.4,273.6,314.4,nan,nan
2001/165/0,0:53:0,,167.9,277.2,317.2,nan,nan
2001/163/0,0:53:0,,168.1,277.4,318.1,nan,nan
2001/151/0,0:53:0,,165.2,273.5,308.4,nan,nan
2001/151/0,0:53:0,,163.2,263.7,295.7,nan,nan
2001/150/0,0:53:0,,157.3,256.4,285.5,nan,nan
2001/148/0,0:53:0,,152.8,251.6,286.7,nan,nan
2001/150/0,0:53:0,,156.8,251.0,287.8,nan,nan
2001/152/0,0:53:0,,159.3,252.2,290.4,nan,nan
2001/153/0,0:53:0,,159.4,251.5,285.0,nan,nan
2001/149/0,0:53:0,,155.2,250.7,285.6,nan,nan
2001/142/0,0:53:0,,153.0,249.1,280.9,nan,nan
2001/138/0,0:53:0,,143.0,231.7,261.9,nan,nan
2001/142/0,0:53:0,,146.4,228.8,257.7,nan,nan
2001/145/0,0:53:0,,152.3,228.4,258.0,nan,nan
2001/139/0,0:53:0,,146.0,227.2,254.3,nan,nan
2001/132/0,0:53:0,,141.3,221.7,249.8,nan,nan
2001/132/0,0:53:0,,136.6,211.2,239.1,nan,nan
2001/126/0,0:53:0,,135.1,209.3,231.2,nan,nan
2001/131/0,0:53:0,,134.3,202.5,225.1,nan,nan
2001/137/0,0:53:0,,140.1,206.2,229.8,nan,nan
2001/138/0,0:53:0,,143.4,213.2,237.7,nan,nan
2001/130/0,0:53:0,,138.6,205.3,229.2,nan,nan
2001/127/0,0:53:0,,127.6,191.4,217.0,nan,nan
2001/127/0,0:53:0,,134.4,195.6,220.0,nan,nan
2001/115/0,0:53:0,,121.0,178.9,198.9,nan,nan
2001/116/0,0:53:0,,118.1,179.8,199.2,nan,nan
2001/125/0,0:53:0,,121.9,181.9,202.4,nan,nan
2001/120/0,0:53:0,,126.4,188.6,208.0,nan,nan
2001/124/0,0:53:0,,122.9,182.9,198.1,nan,nan
2000/102/0,0:53:0,,113.7,168.9,184.1,nan,nan
2001/122/0,0:53:0,,111.7,166.5,187.8,nan,nan
2001/121/0,0:53:0,,128.1,182.0,202.2,nan,nan
2000/113/0,0:53:0,,121.0,173.3,187.4,nan,nan
2000/97/0,0:53:0,,102.7,150.2,170.7,nan,nan
2000/110/0,0:53:0,,105.1,152.4,168.9,nan,nan
2000/112/0,0:53:0,,115.4,164.3,183.8,nan,nan
2000/109/0,0:53:0,,111.7,160.0,179.3,nan,nan
2000/110/0,0:53:0,,113.6,161.0,182.0,nan,nan
2000/109/0,0:53:0,,122.4,166.3,182.4,nan,nan
2000/103/0,0:53:0,,106.6,151.7,163.8,nan,nan
2000/74/0,0:53:0,,97.3,142.6,152.6,nan,nan
2000/78/0,0:53:0,,67.7,110.6,128.8,nan,nan
2000/122/0,0:53:0,,106.9,144.9,163.3,nan,nan
2000/110/0,0:53:0,,123.4,162.3,177.9,nan,nan
2000/111/0,0:53:0,,112.0,151.5,166.5,nan,nan
2000/116/0,0:53:0,,119.9,158.4,170.5,nan,nan
2000/100/0,0:53:0,,108.4,145.3,158.7,nan,nan
2000/124/0,0:53:0,,117.6,155.4,171.7,nan,nan
2000/101/0,0:53:0,,112.8,148.0,164.4,nan,nan
2000/122/0,0:53:0,,118.9,155.2,168.7,nan,nan
2000/109/0,0:53:0,,117.2,152.0,164.5,nan,nan
2000/105/0,0:53:0,,110.7,143.9,152.1,nan,nan
2000/89/0,0:53:0,,91.5,126.8,140.4,nan,nan
2000/113/0,0:53:0,,98.5,128.9,138.2,nan,nan
2000/121/0,0:53:0,,123.3,152.5,164.7,nan,nan
2000/122/0,0:53:0,,125.0,157.7,170.2,nan,nan
2000/111/0,0:53:0,,113.6,145.9,156.9,nan,nan
2000/102/0,0:53:0,,111.7,140.3,149.2,nan,nan
2000/86/0,0:53:0,,92.2,118.8,126.2,nan,nan
2000/100/0,0:53:0,,96.2,123.1,131.3,nan,nan
2000/118/0,0:53:0,,115.1,145.4,156.2,nan,nan
2000/110/0,0:53:0,,119.5,149.5,160.7,nan,nan
2000/122/0,0:53:0,,118.7,145.4,155.7,nan,nan
2000/101/0,0:53:0,,111.0,136.3,143.8,nan,nan
2000/81/0,0:53:0,,85.1,110.3,117.4,nan,nan
2000/94/0,0:53:0,,89.4,114.1,121.8,nan,nan
2000/90/0,0:53:0,,92.8,117.4,122.3,nan,nan
2000/105/0,0:53:0,,100.9,125.4,129.3,nan,nan
2000/92/0,0:53:0,,100.6,124.5,130.4,nan,nan
2000/97/0,0:53:0,,103.9,123.4,134.4,nan,nan
2000/92/0,0:53:0,,89.6,109.9,119.6,nan,nan
2000/93/0,0:53:0,,98.0,120.3,126.7,nan,nan
2000/81/0,0:53:0,,86.4,105.4,110.5,nan,nan
2000/95/0,0:53:0,,87.4,105.6,112.8,nan,nan
2000/108/0,0:53:0,,104.7,123.9,131.6,nan,nan
2000/95/0,0:53:0,,109.6,126.1,132.4,nan,nan
2000/75/0,0:53:0,,84.0,102.2,106.2,nan,nan
2000/92/0,0:53:0,,80.0,96.6,101.1,nan,nan
2000/93/0,0:53:0,,93.7,110.9,117.5,nan,nan
2000/93/0,0:53:0,,96.7,115.2,118.5,nan,nan
2000/93/0,0:53:0,,92.6,112.0,113.9,nan,nan
2000/63/0,0:53:0,,86.3,105.1,111.0,nan,nan
2000/65/0,0:53:0,,58.6,77.0,86.6,nan,nan
2000/83/0,0:53:0,,78.7,95.8,105.4,nan,nan
2000/82/0,0:53:0,,92.8,112.1,119.1,nan,nan
2000/100/0,0:53:0,,93.4,111.3,115.9,nan,nan
2000/86/0,0:53:0,,102.1,119.3,125.6,nan,nan
2000/85/0,0:53:0,,79.6,99.5,105.5,nan,nan
2000/98/0,0:53:0,,100.4,120.6,126.2,nan,nan
2000/72/0,0:53:0,,94.2,116.0,121.3,nan,nan
2000/65/0,0:53:0,,61.3,79.8,86.4,nan,nan
2000/113/0,0:53:0,,92.2,111.6,117.2,nan,nan
2000/103/0,0:53:0,,114.9,138.1,142.6,nan,nan
2000/79/0,0:53:0,,85.9,105.5,112.8,nan,nan
2000/97/0,0:53:0,,88.3,107.9,112.0,nan,nan
2000/106/0,0:53:0,,108.3,129.6,133.8,nan,nan
2000/115/0,0:53:0,,112.6,134.8,139.8,nan,nan
2000/115/0,0:53:0,,118.7,139.1,143.5,nan,nan
2000/102/0,0:53:0,,111.9,129.2,136.1,nan,nan
2000/97/0,0:53:0,,101.7,119.9,125.1,nan,nan
2000/105/0,0:53:0,,105.6,125.4,128.9,nan,nan
2000/95/0,0:53:0,,94.8,115.3,118.2,nan,nan
2000/104/0,0:53:0,,102.2,124.8,126.1,nan,nan
2000/90/0,0:53:0,,102.7,123.6,127.4,nan,nan
2000/105/0,0:53:0,,100.9,120.0,124.6,nan,nan
2000/93/0,0:53:0,,103.6,121.4,125.7,nan,nan
2000/100/0,0:53:0,,97.5,116.4,122.3,nan,nan
2000/98/0,0:53:0,,104.3,123.2,126.2,nan,nan
2000/100/0,0:53:0,,99.6,118.3,122.6,nan,nan
2000/112/0,0:53:0,,114.7,137.5,144.6,nan,nan
2000/101/0,0:53:0,,107.3,129.3,133.9,nan,nan
2000/103/0,0:53:0,,107.1,124.1,129.9,nan,nan
2000/106/0,0:53:0,,105.1,121.6,128.1,nan,nan
2000/110/0,0:53:0,,114.5,132.0,137.6,nan,nan
2000/110/0,0:53:0,,109.0,127.6,133.0,nan,nan
2000/122/0,0:53:0,,124.6,142.1,145.4,nan,nan
2000/101/0,0:53:0,,112.2,130.1,133.3,nan,nan
2000/110/0,0:53:0,,112.4,131.3,133.6,nan,nan
2000/115/0,0:53:0,,112.9,131.7,134.4,nan,nan
2000/101/0,0:53:0,,110.3,127.1,130.9,nan,nan
2000/98/0,0:53:0,,100.5,117.6,119.2,nan,nan
2000/99/0,0:53:0,,100.6,118.6,120.3,nan,nan
2000/114/0,0:53:0,,108.1,124.7,126.3,nan,nan
2000/119/0,0:53:0,,119.6,135.6,137.2,nan,nan
2000/120/0,0:53:0,,122.4,138.3,142.3,nan,nan
2000/114/0,0:53:0,,120.5,137.6,141.5,nan,nan
2000/103/0,0:53:0,,110.8,128.6,132.5,nan,nan
2000/109/0,0:53:0,,107.5,127.3,131.5,nan,nan
2000/116/0,0:53:0,,117.4,135.2,138.0,nan,nan
2000/120/0,0:53:0,,121.1,137.9,140.9,nan,nan
2000/116/0,0:53:0,,123.0,138.8,142.7,nan,nan
2000/85/0,0:53:0,,103.9,122.2,129.4,nan,nan
2000/84/0,0:53:0,,82.9,101.2,104.7,nan,nan
2000/94/0,0:53:0,,93.2,112.3,114.8,nan,nan
2000/93/0,0:53:0,,92.2,113.0,114.7,nan,nan
2000/91/0,0:53:0,,90.5,109.3,115.4,nan,nan
2000/100/0,0:53:0,,99.9,118.1,122.5,nan,nan
2000/106/0,0:53:0,,103.1,122.8,125.6,nan,nan
2000/110/0,0:53:0,,114.8,134.6,138.0,nan,nan
2000/103/0,0:53:0,,108.9,126.9,131.1,nan,nan
2000/115/0,0:53:0,,115.1,131.9,134.5,nan,nan
2000/115/0,0:53:0,,119.3,137.5,141.9,nan,nan
2000/102/0,0:53:0,,109.2,129.3,132.5,nan,nan
2000/85/0,0:53:0,,94.5,112.8,115.5,nan,nan
2000/94/0,0:53:0,,91.1,108.4,114.2,nan,nan
2000/102/0,0:53:0,,101.0,119.2,124.8,nan,nan
2000/111/0,0:53:0,,110.5,126.1,130.4,nan,nan
2000/105/0,0:53:0,,113.7,130.4,131.8,nan,nan
2000/95/0,0:53:0,,103.8,121.6,122.2,nan,nan
2000/79/0,0:53:0,,84.1,102.1,105.1,nan,nan
2000/81/0,0:53:0,,78.0,95.0,99.4,nan,nan
2000/99/0,0:53:0,,92.0,107.8,111.8,nan,nan
2000/102/0,0:53:0,,101.5,115.6,120.9,nan,nan
2000/104/0,0:53:0,,105.4,120.7,124.4,nan,nan
2000/103/0,0:53:0,,107.6,123.8,127.1,nan,nan
2000/88/0,0:53:0,,93.7,111.0,112.6,nan,nan
2000/87/0,0:53:0,,89.7,104.8,108.3,nan,nan
2000/100/0,0:53:0,,89.4,104.2,107.2,nan,nan
2000/87/0,0:53:0,,96.8,113.6,117.0,nan,nan
2000/77/0,0:53:0,,82.3,97.9,103.9,nan,nan
2000/80/0,0:53:0,,82.2,96.4,100.6,nan,nan
2000/88/0,0:53:0,,93.4,109.3,112.6,nan,nan
2000/93/0,0:53:0,,90.5,108.1,113.7,nan,nan
2000/91/0,0:53:0,,95.1,112.1,116.2,nan,nan
2000/92/0,0:53:0,,93.5,107.6,111.1,nan,nan
2000/92/0,0:53:0,,88.7,102.4,108.0,nan,nan
2000/101/0,0:53:0,,96.6,112.0,116.7,nan,nan
2000/89/0,0:53:0,,106.3,122.8,125.5,nan,nan
2000/83/0,0:53:0,,79.1,95.8,97.6,nan,nan
2000/93/0,0:53:0,,89.2,103.7,104.1,nan,nan
2000/106/0,0:53:0,,107.4,122.5,125.9,nan,nan
2000/108/0,0:53:0,,111.7,128.4,131.9,nan,nan
2000/102/0,0:53:0,,103.7,119.8,121.6,nan,nan
2000/90/0,0:53:0,,104.5,119.7,121.7,nan,nan
2000/81/0,0:53:0,,83.1,94.6,97.4,nan,nan
2000/102/0,0:53:0,,94.1,107.3,111.4,nan,nan
2000/107/0,0:53:0,,109.6,124.8,129.6,nan,nan
2000/102/0,0:53:0,,110.3,125.1,128.9,nan,nan
2000/85/0,0:53:0,,93.7,112.0,115.3,nan,nan
2000/98/0,0:53:0,,91.8,108.6,110.8,nan,nan
2000/84/0,0:53:0,,87.9,103.0,106.6,nan,nan
2000/101/0,0:53:0,,89.8,107.2,110.2,nan,nan
2000/95/0,0:53:0,,101.4,120.5,123.0,nan,nan
2000/110/0,0:53:0,,105.0,122.0,127.2,nan,nan
2000/102/0,0:53:0,,113.7,130.9,134.3,nan,nan
2000/115/0,0:53:0,,107.4,123.8,126.6,nan,nan
2000/105/0,0:53:0,,116.6,132.3,136.1,nan,nan
2000/85/0,0:53:0,,93.8,109.6,113.1,nan,nan
2000/85/0,0:53:0,,86.0,100.3,102.1,nan,nan
2000/103/0,0:53:0,,100.1,113.3,117.2,nan,nan
2000/94/0,0:53:0,,105.9,121.3,124.6,nan,nan
2000/80/0,0:53:0,,89.0,105.3,108.1,nan,nan
2000/104/0,0:53:0,,94.2,110.8,114.2,nan,nan
2000/100/0,0:53:0,,106.5,123.1,125.0,nan,nan
2000/92/0,0:53:0,,97.9,115.8,123.4,nan,nan
2000/84/0,0:53:0,,86.3,103.2,106.4,nan,nan
2000/101/0,0:53:0,,98.1,116.2,120.0,nan,nan
2000/94/0,0:53:0,,97.6,115.1,117.7,nan,nan
2000/85/0,0:53:0,,92.6,109.0,112.6,nan,nan
2000/97/0,0:53:0,,89.8,105.3,109.3,nan,nan
2000/105/0,0:53:0,,104.5,123.1,127.4,nan,nan
2000/83/0,0:53:0,,97.2,114.1,115.7,nan,nan
2000/75/0,0:53:0,,75.9,92.4,93.4,nan,nan
2000/91/0,0:53:0,,89.6,103.9,106.3,nan,nan
2000/88/0,0:53:0,,93.2,107.8,108.7,nan,nan
2000/87/0,0:53:0,,89.5,100.8,104.3,nan,nan
2000/100/0,0:53:0,,97.6,110.0,112.4,nan,nan
2000/81/0,0:53:0,,92.4,107.9,108.6,nan,nan
2000/85/0,0:53:0,,81.7,100.2,103.0,nan,nan
2000/81/0,0:53:0,,83.4,99.4,100.9,nan,nan
2000/79/0,0:53:0,,75.4,87.6,89.9,nan,nan
2000/104/0,0:53:0,,93.9,108.8,111.0,nan,nan
2000/106/0,0:53:0,,108.7,126.0,131.3,nan,nan
2000/93/0,0:53:0,,106.9,123.3,127.3,nan,nan
2000/81/0,0:53:0,,85.3,101.1,104.1,nan,nan
2000/90/0,0:53:0,,90.4,106.9,107.6,nan,nan
2000/91/0,0:53:0,,94.0,107.4,108.9,nan,nan
2000/104/0,0:53:0,,103.8,116.6,117.7,nan,nan
2000/100/0,0:53:0,,108.4,124.6,127.3,nan,nan
2000/115/0,0:53:0,,112.4,130.1,131.8,nan,nan
2000/109/0,0:53:0,,114.5,130.3,134.2,nan,nan
2000/105/0,0:53:0,,110.9,126.8,129.8,nan,nan
2000/85/0,0:53:0,,101.0,117.4,119.9,nan,nan
2000/85/0,0:53:0,,85.1,101.6,104.7,nan,nan
2000/94/0,0:53:0,,91.7,108.0,110.4,nan,nan
2000/104/0,0:53:0,,101.8,117.9,119.8,nan,nan
2000/101/0,0:53:0,,106.5,120.6,122.0,nan,nan
2000/101/0,0:53:0,,103.0,117.5,120.1,nan,nan
2000/109/0,0:53:0,,107.5,125.7,129.0,nan,nan
2000/107/0,0:53:0,,112.6,129.6,132.3,nan,nan
2000/105/0,0:53:0,,106.5,122.5,124.1,nan,nan
2000/102/0,0:53:0,,103.0,118.8,123.0,nan,nan
2000/103/0,0:53:0,,104.3,121.6,123.0,nan,nan
2000/102/0,0:53:0,,105.4,120.8,122.6,nan,nan
2000/104/0,0:53:0,,107.0,122.7,125.2,nan,nan
2000/101/0,0:53:0,,102.7,117.6,120.2,nan,nan
2000/94/0,0:53:0,,95.5,109.6,112.2,nan,nan
2000/102/0,0:53:0,,104.0,122.1,125.5,nan,nan
2000/84/0,0:53:0,,89.6,105.7,108.4,nan,nan
2000/98/0,0:53:0,,96.1,110.8,112.5,nan,nan
2000/87/0,0:53:0,,92.7,106.5,109.9,nan,nan
2000/104/0,0:53:0,,97.0,108.2,110.2,nan,nan
2000/98/0,0:53:0,,106.0,120.0,120.5,nan,nan
2000/86/0,0:53:0,,91.1,105.6,107.8,nan,nan
2000/98/0,0:53:0,,100.5,116.6,118.4,nan,nan
2000/98/0,0:53:0,,102.0,119.7,121.0,nan,nan
2000/87/0,0:53:0,,93.0,109.2,109.3,nan,nan
2000/81/0,0:53:0,,81.5,95.7,97.2,nan,nan
2000/91/0,0:53:0,,92.8,106.7,111.2,nan,nan
2000/89/0,0:53:0,,83.9,98.1,100.7,nan,nan
2000/111/0,0:53:0,,99.8,115.9,117.8,nan,nan
2000/103/0,0:53:0,,112.7,127.7,131.8,nan,nan
2000/74/0,0:53:0,,92.8,107.3,111.3,nan,nan
2000/84/0,0:53:0,,82.6,97.5,101.0,nan,nan
2000/91/0,0:53:0,,96.6,111.5,115.4,nan,nan
2000/90/0,0:53:0,,89.4,102.6,104.9,nan,nan
2000/85/0,0:53:0,,83.5,96.8,99.6,nan,nan
2000/94/0,0:53:0,,93.2,107.0,111.5,nan,nan
2000/95/0,0:53:0,,100.4,116.4,117.8,nan,nan
2000/83/0,0:53:0,,89.1,104.8,106.0,nan,nan
2000/80/0,0:53:0,,89.9,105.0,110.5,nan,nan
2000/86/0,0:53:0,,86.6,102.1,103.8,nan,nan
2000/92/0,0:53:0,,91.2,105.7,108.1,nan,nan
2000/87/0,0:53:0,,93.7,108.5,112.2,nan,nan
2000/75/0,0:53:0,,84.0,97.6,102.9,nan,nan
2000/87/0,0:53:0,,86.2,98.6,101.9,nan,nan
2000/92/0,0:53:0,,92.9,107.6,110.1,nan,nan
2000/87/0,0:53:0,,90.9,105.4,108.8,nan,nan
2000/99/0,0:53:0,,96.9,111.9,115.6,nan,nan
2000/100/0,0:53:0,,104.1,119.6,121.9,nan,nan
2000/105/0,0:53:0,,107.0,123.5,125.6,nan,nan
2000/83/0,0:53:0,,89.7,105.5,110.0,nan,nan
2000/92/0,0:53:0,,91.1,104.5,108.7,nan,nan
2000/90/0,0:53:0,,95.4,109.8,112.0,nan,nan
2000/83/0,0:53:0,,89.0,102.3,104.7,nan,nan
2000/78/0,0:53:0,,78.0,89.0,92.3,nan,nan
2000/83/0,0:53:0,,84.7,97.1,100.0,nan,nan
2000/101/0,0:53:0,,92.0,105.9,109.5,nan,nan
2000/80/0,0:53:0,,97.0,111.8,113.1,nan,nan
2000/75/0,0:53:0,,72.2,87.2,88.4,nan,nan
2000/82/0,0:53:0,,82.0,98.6,100.2,nan,nan
2000/85/0,0:53:0,,87.4,103.7,104.8,nan,nan
2000/84/0,0:53:0,,88.5,104.7,105.4,nan,nan
2000/83/0,0:53:0,,84.3,98.7,100.0,nan,nan
2000/40/0,0:53:0,,59.2,72.6,79.1,nan,nan
2000/59/0,0:53:0,,41.1,54.0,65.8,nan,nan
2000/70/0,0:53:0,,82.0,94.1,97.6,nan,nan
2000/68/0,0:53:0,,70.9,84.9,86.4,nan,nan
2000/83/0,0:53:0,,80.6,92.9,96.0,nan,nan
2000/33/0,0:53:0,,63.1,74.3,81.0,nan,nan
2000/28/0,0:53:0,,30.1,45.1,56.8,nan,nan
2000/58/0,0:53:0,,34.5,49.5,59.0,nan,nan
2000/101/0,0:53:0,,92.3,103.4,105.4,nan,nan
2000/73/0,0:53:0,,88.1,98.2,101.4,nan,nan
2000/64/0,0:53:0,,70.1,81.2,84.0,nan,nan
2000/53/0,0:53:0,,49.2,60.6,69.1,nan,nan
2000/83/0,0:53:0,,66.9,77.4,80.6,nan,nan
2000/71/0,0:53:0,,84.8,95.6,97.7,nan,nan
2000/88/0,0:53:0,,76.2,86.9,90.0,nan,nan
2000/79/0,0:53:0,,91.5,104.7,106.0,nan,nan
2000/63/0,0:53:0,,67.6,81.0,84.4,nan,nan
2000/50/0,0:53:0,,58.0,71.4,76.1,nan,nan
2000/83/0,0:53:0,,69.0,76.7,81.2,nan,nan
2000/110/0,0:53:0,,102.6,112.0,114.3,nan,nan
2000/100/0,0:53:0,,109.2,120.6,121.0,nan,nan
2000/60/0,0:53:0,,70.9,86.2,87.6,nan,nan
2000/101/0,0:53:0,,107.3,126.9,129.3,nan,nan
2000/13/0,0:53:0,,45.6,66.1,73.3,nan,nan
2000/81/0,0:53:0,,39.8,60.4,67.5,nan,nan
2000/93/0,0:53:0,,101.3,123.8,127.6,nan,nan
2000/104/0,0:53:0,,101.4,124.7,128.1,nan,nan
2000/90/0,0:53:0,,101.0,123.2,125.5,nan,nan
2000/100/0,0:53:0,,105.3,131.6,133.6,nan,nan
2000/84/0,0:53:0,,93.8,118.4,121.9,nan,nan
2000/87/0,0:53:0,,87.8,116.2,118.3,nan,nan
2000/103/0,0:53:0,,100.4,127.2,131.1,nan,nan
2000/72/0,0:53:0,,92.2,115.4,119.4,nan,nan
2000/73/0,0:53:0,,69.9,93.5,97.7,nan,nan
2000/86/0,0:53:0,,83.5,106.1,110.7,nan,nan
2000/95/0,0:53:0,,93.4,120.4,121.6,nan,nan
2000/93/0,0:53:0,,98.8,125.7,128.0,nan,nan
2000/93/0,0:53:0,,90.7,116.9,121.7,nan,nan
2000/87/0,0:53:0,,97.4,121.1,124.3,nan,nan
2000/108/0,0:53:0,,98.2,121.5,124.3,nan,nan
2000/95/0,0:53:0,,108.4,130.4,135.1,nan,nan
2000/103/0,0:53:0,,106.6,129.6,132.8,nan,nan
2000/106/0,0:53:0,,111.4,138.4,140.5,nan,nan
2000/84/0,0:53:0,,101.9,126.3,129.9,nan,nan
2000/92/0,0:53:0,,92.1,120.5,123.6,nan,nan
2000/109/0,0:53:0,,107.3,132.4,134.8,nan,nan
2000/85/0,0:53:0,,99.7,126.0,128.8,nan,nan
2000/105/0,0:53:0,,95.7,120.6,124.3,nan,nan
2000/104/0,0:53:0,,108.1,133.8,139.0,nan,nan
2000/92/0,0:53:0,,105.0,132.1,137.0,nan,nan
2000/89/0,0:53:0,,92.4,122.2,125.9,nan,nan
2000/108/0,0:53:0,,103.7,126.5,128.9,nan,nan
2000/93/0,0:53:0,,108.9,130.8,133.9,nan,nan
2000/108/0,0:53:0,,105.3,132.3,135.9,nan,nan
2000/113/0,0:53:0,,115.1,140.9,143.2,nan,nan
2000/101/0,0:53:0,,110.7,134.7,136.6,nan,nan
2000/84/0,0:53:0,,89.9,117.2,119.5,nan,nan
2000/93/0,0:53:0,,94.2,119.4,123.2,nan,nan
2000/88/0,0:53:0,,90.0,114.1,116.1,nan,nan
2000/75/0,0:53:0,,78.9,103.9,109.6,nan,nan
2000/90/0,0:53:0,,83.4,109.1,114.9,nan,nan
2000/90/0,0:53:0,,91.1,116.3,123.0,nan,nan
2000/92/0,0:53:0,,92.9,115.8,120.8,nan,nan
2000/94/0,0:53:0,,93.7,118.6,122.8,nan,nan
2000/105/0,0:53:0,,103.9,129.5,134.0,nan,nan
2000/90/0,0:53:0,,103.3,130.3,132.0,nan,nan
2000/81/0,0:53:0,,85.1,108.4,110.5,nan,nan
2000/97/0,0:53:0,,89.6,113.9,116.5,nan,nan
2000/90/0,0:53:0,,103.0,128.0,129.2,nan,nan
2000/104/0,0:53:0,,98.8,122.6,127.2,nan,nan
2000/90/0,0:53:0,,99.6,121.0,127.4,nan,nan
2000/89/0,0:53:0,,90.1,115.1,117.8,nan,nan
2000/103/0,0:53:0,,99.2,126.1,129.2,nan,nan
2000/91/0,0:53:0,,99.5,124.9,128.4,nan,nan
2000/99/0,0:53:0,,93.4,119.4,123.0,nan,nan
2000/115/0,0:53:0,,109.9,136.1,141.8,nan,nan
2000/107/0,0:53:0,,114.8,144.0,150.5,nan,nan
2000/99/0,0:53:0,,108.6,134.7,138.0,nan,nan
2000/84/0,0:53:0,,90.7,118.9,121.3,nan,nan
2000/91/0,0:53:0,,87.9,116.3,120.2,nan,nan
2000/83/0,0:53:0,,92.9,119.8,123.8,nan,nan
2000/70/0,0:53:0,,75.2,100.5,104.7,nan,nan
2000/89/0,0:53:0,,73.7,98.2,101.4,nan,nan
2000/112/0,0:53:0,,110.1,139.2,143.0,nan,nan
2000/103/0,0:53:0,,114.0,140.7,146.0,nan,nan
2000/100/0,0:53:0,,107.0,130.8,136.9,nan,nan
2000/112/0,0:53:0,,106.8,133.8,138.9,nan,nan
2000/125/0,0:53:0,,126.0,153.7,156.2,nan,nan
2000/110/0,0:53:0,,119.6,145.2,147.9,nan,nan
2000/111/0,0:53:0,,115.6,140.2,141.7,nan,nan
2000/115/0,0:53:0,,114.2,139.0,140.4,nan,nan
2000/118/0,0:53:0,,121.6,148.7,153.6,nan,nan
2000/113/0,0:53:0,,120.6,146.5,152.2,nan,nan
2000/101/0,0:53:0,,105.3,128.6,132.2,nan,nan
2000/120/0,0:53:0,,117.0,144.1,147.8,nan,nan
2000/121/0,0:53:0,,126.0,152.9,156.2,nan,nan
2000/109/0,0:53:0,,120.4,145.5,147.4,nan,nan
2000/114/0,0:53:0,,114.5,141.3,142.0,nan,nan
2000/104/0,0:53:0,,114.4,138.4,141.3,nan,nan
2000/121/0,0:53:0,,112.3,136.3,142.4,nan,nan
2000/115/0,0:53:0,,121.6,147.9,152.1,nan,nan
2000/111/0,0:53:0,,119.0,142.5,146.6,nan,nan
2000/110/0,0:53:0,,115.0,138.8,145.1,nan,nan
2000/115/0,0:53:0,,118.5,146.9,152.2,nan,nan
2000/95/0,0:53:0,,106.9,134.7,141.4,nan,nan
2000/117/0,0:53:0,,112.8,139.4,142.6,nan,nan
2000/120/0,0:53:0,,125.8,152.2,154.2,nan,nan
2000/108/0,0:53:0,,118.9,145.4,150.3,nan,nan
2000/101/0,0:53:0,,103.5,127.6,134.3,nan,nan
2000/87/0,0:53:0,,92.5,118.5,123.4,nan,nan
2000/97/0,0:53:0,,96.7,122.9,126.1,nan,nan
2000/87/0,0:53:0,,91.3,116.8,120.4,nan,nan
