2023/2/26,19:43:6,,95.7,127.0,143.5,nan,nan
2023/2/26,19:43:16,,155.7,191.6,216.8,nan,nan
2023/2/26,19:43:26,,124.6,153.1,173.1,nan,nan
2023/2/26,19:43:36,,100.9,123.9,140.0,nan,nan
2023/2/26,19:43:46,,135.5,166.4,188.0,nan,nan
2023/2/26,19:43:56,,136.2,167.5,189.3,nan,nan
2023/2/26,19:44:7,,93.5,115.0,130.0,nan,nan
2023/2/26,19:44:17,,91.0,112.0,126.8,nan,nan
2023/2/26,19:44:27,,90.2,111.2,125.4,nan,nan
2023/2/26,19:44:37,,89.9,110.9,125.0,nan,nan
2023/2/26,19:44:47,,89.2,109.8,123.8,nan,nan
2023/2/26,19:44:57,,88.1,108.1,122.1,nan,nan
2023/2/26,19:45:7,,88.1,108.2,122.3,nan,nan
2023/2/26,19:45:17,,90.3,111.1,125.7,nan,nan
2023/2/26,19:45:27,,86.8,106.8,120.8,nan,nan
2023/2/26,19:45:38,,85.7,105.7,119.6,nan,nan
2023/2/26,19:45:48,,84.4,104.3,117.7,nan,nan
2023/2/26,19:45:58,,84.0,103.7,116.7,nan,nan
2023/2/26,19:46:8,,83.9,102.9,115.9,nan,nan
2023/2/26,19:46:18,,84.0,103.4,116.4,nan,nan
2023/2/26,19:46:28,,84.1,104.1,117.2,nan,nan
2023/2/26,19:46:38,,84.6,104.6,118.2,nan,nan
2023/2/26,19:46:48,,84.5,104.5,118.0,nan,nan
2023/2/26,19:46:59,,84.2,104.0,117.2,nan,nan
2023/2/26,19:47:9,,84.4,104.4,117.8,nan,nan
2023/2/26,19:47:19,,84.2,103.9,117.1,nan,nan
2023/2/26,19:47:29,,82.7,101.7,114.7,nan,nan
2023/2/26,19:47:39,,83.2,102.2,115.2,nan,nan
2023/2/26,19:47:49,,84.0,103.1,116.1,nan,nan
2023/2/26,19:47:59,,82.7,101.7,114.7,nan,nan
2023/2/26,19:48:9,,80.2,99.2,112.6,nan,nan
2023/2/26,19:48:19,,80.0,98.0,111.0,nan,nan
2023/2/26,19:48:30,,79.8,97.8,110.6,nan,nan
2023/2/26,19:48:40,,79.4,97.4,109.8,nan,nan
2023/2/26,19:48:50,,79.3,97.3,109.6,nan,nan
2023/2/26,19:49:0,,79.0,97.0,109.0,nan,nan
2023/2/26,19:49:10,,79.1,97.1,109.3,nan,nan
2023/2/26,19:49:20,,77.6,95.6,107.6,nan,nan
2023/2/26,19:49:30,,76.3,94.3,106.3,nan,nan
2023/2/26,19:49:40,,75.0,93.0,105.0,nan,nan
2023/2/26,19:49:50,,75.0,92.4,104.4,nan,nan
2023/2/26,19:50:1,,74.6,91.6,103.6,nan,nan
2023/2/26,19:50:11,,73.7,90.7,102.7,nan,nan
2023/2/26,19:50:21,,74.0,91.0,103.0,nan,nan
2023/2/26,19:50:31,,73.3,90.3,102.3,nan,nan
2023/2/26,19:50:41,,73.1,90.1,102.1,nan,nan
2023/2/26,19:50:51,,72.3,89.3,100.6,nan,nan
2023/2/26,19:51:1,,72.5,89.5,101.0,nan,nan
2023/2/26,19:51:11,,72.3,89.3,100.7,nan,nan
2023/2/26,19:51:21,,71.5,88.5,99.5,nan,nan
2023/2/26,19:51:32,,73.3,90.3,102.3,nan,nan
2023/2/26,19:51:42,,73.8,90.8,102.8,nan,nan
2023/2/26,19:51:52,,74.9,92.3,104.3,nan,nan
2023/2/26,19:52:2,,75.9,93.9,105.9,nan,nan
2023/2/26,19:52:12,,77.5,95.5,107.5,nan,nan
2023/2/26,19:52:22,,76.7,94.7,106.7,nan,nan
2023/2/26,19:52:32,,76.1,94.1,106.1,nan,nan
2023/2/26,19:52:42,,76.6,94.6,106.6,nan,nan
2023/2/26,19:52:52,,76.8,94.8,106.8,nan,nan
2023/2/26,19:53:3,,76.6,94.6,106.6,nan,nan
2023/2/26,19:53:13,,75.0,92.3,104.3,nan,nan
2023/2/26,19:53:23,,73.8,90.9,102.7,nan,nan
2023/2/26,19:53:33,,72.7,89.7,101.4,nan,nan
2023/2/26,19:53:43,,74.4,91.4,103.4,nan,nan
2023/2/26,19:53:53,,72.0,89.0,100.1,nan,nan
2023/2/26,19:54:3,,72.7,89.7,101.4,nan,nan
2023/2/26,19:54:13,,72.0,89.0,100.0,nan,nan
2023/2/26,19:54:23,,72.1,89.1,100.4,nan,nan
2023/2/26,19:54:34,,71.7,88.7,99.7,nan,nan
2023/2/26,19:54:44,,71.2,88.0,99.0,nan,nan
2023/2/26,19:54:54,,72.2,89.2,100.4,nan,nan
2023/2/26,19:55:4,,71.7,88.7,99.7,nan,nan
2023/2/26,19:55:14,,74.0,91.1,103.1,nan,nan
2023/2/26,19:55:24,,75.0,92.2,104.2,nan,nan
2023/2/26,19:55:34,,76.9,94.7,106.7,nan,nan
2023/2/26,19:55:44,,77.1,95.1,107.1,nan,nan
2023/2/26,19:55:55,,75.4,93.2,105.2,nan,nan
2023/2/26,19:56:5,,76.2,94.1,106.1,nan,nan
2023/2/26,19:56:15,,74.1,91.1,103.1,nan,nan
2023/2/26,19:56:25,,72.5,89.3,100.8,nan,nan
2023/2/26,19:56:35,,71.0,87.4,98.4,nan,nan
2023/2/26,19:56:45,,71.8,88.8,99.8,nan,nan
2023/2/26,19:56:55,,71.7,88.5,99.8,nan,nan
2023/2/26,19:57:5,,71.2,87.5,98.6,nan,nan
2023/2/26,19:57:15,,72.6,89.6,101.1,nan,nan
2023/2/26,19:57:26,,70.9,87.1,98.1,nan,nan
2023/2/26,19:57:36,,70.6,87.1,98.1,nan,nan
2023/2/26,19:57:46,,72.8,89.8,101.3,nan,nan
2023/2/26,19:57:56,,74.2,91.3,103.3,nan,nan
2023/2/26,19:58:6,,98.7,121.3,137.2,nan,nan
2023/2/26,19:58:16,,148.6,182.6,206.6,nan,nan
2023/2/26,19:58:26,,108.5,133.3,150.8,nan,nan
2023/2/26,19:58:36,,87.8,108.0,122.0,nan,nan
2023/2/26,19:58:46,,85.0,104.7,118.3,nan,nan
2023/2/26,19:58:57,,115.0,141.5,160.1,nan,nan
2023/2/26,19:59:7,,114.5,140.6,158.9,nan,nan
2023/2/26,19:59:17,,89.9,110.6,124.8,nan,nan
2023/2/26,19:59:27,,59.8,73.8,83.3,nan,nan
2023/2/26,19:59:37,,54.7,67.7,76.3,nan,nan
2023/2/26,19:59:47,,72.1,89.2,100.5,nan,nan
2023/2/26,19:59:57,,146.8,180.3,204.1,nan,nan
2023/2/26,20:0:7,,111.2,136.6,154.3,nan,nan
2023/2/26,20:0:17,,73.5,90.4,101.9,nan,nan
2023/2/26,20:0:28,,74.6,91.9,103.7,nan,nan
2023/2/26,20:0:38,,93.6,115.0,130.0,nan,nan
2023/2/26,20:0:48,,124.1,152.3,172.2,nan,nan
2023/2/26,20:0:58,,129.7,159.7,180.5,nan,nan
2023/2/26,20:1:8,,85.6,105.5,119.1,nan,nan
2023/2/26,20:1:18,,73.3,90.2,101.8,nan,nan
2023/2/26,20:1:28,,74.7,92.1,104.0,nan,nan
2023/2/26,20:1:38,,80.1,98.6,111.4,nan,nan
2023/2/26,20:1:48,,113.1,138.7,156.8,nan,nan
2023/2/26,20:1:59,,105.1,129.3,146.2,nan,nan
2023/2/26,20:2:9,,86.5,106.6,120.2,nan,nan
2023/2/26,20:2:19,,91.0,111.9,126.5,nan,nan
2023/2/26,20:2:29,,126.8,155.7,175.9,nan,nan
2023/2/26,20:2:39,,74.0,91.3,103.0,nan,nan
2023/2/26,20:2:49,,66.2,81.4,91.6,nan,nan
2023/2/26,20:2:59,,74.5,92.0,103.7,nan,nan
2023/2/26,20:3:9,,121.6,149.4,169.0,nan,nan
2023/2/26,20:3:19,,111.1,136.7,154.7,nan,nan
2023/2/26,20:3:30,,72.8,89.8,101.2,nan,nan
2023/2/26,20:3:40,,68.9,84.7,95.4,nan,nan
2023/2/26,20:3:50,,72.0,88.7,100.2,nan,nan
2023/2/26,20:4:0,,105.7,130.0,146.9,nan,nan
2023/2/26,20:4:10,,114.2,140.5,158.9,nan,nan
2023/2/26,20:4:20,,100.5,123.7,139.8,nan,nan
2023/2/26,20:4:30,,69.6,85.8,96.7,nan,nan
2023/2/26,20:4:40,,58.7,72.4,81.6,nan,nan
2023/2/26,20:4:50,,86.3,106.2,119.8,nan,nan
2023/2/26,20:5:1,,120.0,147.6,166.8,nan,nan
2023/2/26,20:5:11,,96.0,117.9,133.3,nan,nan
2023/2/26,20:5:21,,76.3,93.8,105.9,nan,nan
2023/2/26,20:5:31,,66.6,82.3,92.9,nan,nan
2023/2/26,20:5:41,,105.8,129.9,147.0,nan,nan
2023/2/26,20:5:51,,109.0,134.2,151.8,nan,nan
2023/2/26,20:6:1,,118.3,145.5,164.4,nan,nan
2023/2/26,20:6:11,,93.7,115.1,130.0,nan,nan
2023/2/26,20:6:22,,68.2,84.1,95.0,nan,nan
2023/2/26,20:6:32,,89.7,110.4,124.6,nan,nan
2023/2/26,20:6:42,,135.3,166.1,187.8,nan,nan
2023/2/26,20:6:52,,145.5,178.7,202.0,nan,nan
2023/2/26,20:7:2,,97.7,120.1,135.7,nan,nan
2023/2/26,20:7:12,,71.5,88.3,99.7,nan,nan
2023/2/26,20:7:22,,75.5,93.2,105.1,nan,nan
2023/2/26,20:7:32,,133.0,163.4,184.7,nan,nan
2023/2/26,20:7:42,,156.1,191.9,217.0,nan,nan
2023/2/26,20:7:53,,100.1,123.1,139.0,nan,nan
2023/2/26,20:8:3,,97.1,119.7,135.2,nan,nan
2023/2/26,20:8:13,,152.7,187.5,212.0,nan,nan
2023/2/26,20:8:23,,149.8,183.9,207.9,nan,nan
2023/2/26,20:8:33,,116.6,143.3,162.3,nan,nan
2023/2/26,20:8:43,,100.6,123.7,139.8,nan,nan
2023/2/26,20:8:53,,94.4,116.4,131.5,nan,nan
2023/2/26,20:9:3,,90.3,111.2,125.4,nan,nan
2023/2/26,20:9:13,,112.9,139.0,157.1,nan,nan
2023/2/26,20:9:24,,105.4,129.7,146.5,nan,nan
2023/2/26,20:9:34,,94.4,116.2,131.2,nan,nan
2023/2/26,20:9:44,,89.1,109.7,123.9,nan,nan
2023/2/26,20:9:54,,82.2,101.2,114.2,nan,nan
2023/2/26,20:10:4,,79.9,98.6,111.2,nan,nan
2023/2/26,20:10:14,,145.0,178.1,201.3,nan,nan
2023/2/26,20:10:24,,69.5,85.8,96.8,nan,nan
2023/2/26,20:10:34,,51.4,63.4,71.4,nan,nan
2023/2/26,20:10:44,,49.4,61.4,69.4,nan,nan
2023/2/26,20:10:55,,60.5,74.6,83.9,nan,nan
2023/2/26,20:11:5,,70.8,87.6,98.8,nan,nan
2023/2/26,20:11:15,,73.0,90.0,101.8,nan,nan
2023/2/26,20:11:25,,73.2,89.9,101.6,nan,nan
2023/2/26,20:11:35,,66.3,81.8,92.1,nan,nan
2023/2/26,20:11:45,,64.9,79.9,89.9,nan,nan
2023/2/26,20:11:55,,69.4,85.4,96.4,nan,nan
2023/2/26,20:12:5,,69.3,85.3,96.3,nan,nan
2023/2/26,20:12:15,,68.8,84.8,95.8,nan,nan
2023/2/26,20:12:26,,68.6,84.5,95.4,nan,nan
2023/2/26,20:12:36,,61.9,76.3,86.1,nan,nan
2023/2/26,20:12:46,,59.2,73.1,82.4,nan,nan
2023/2/26,20:12:56,,58.7,72.7,81.7,nan,nan
2023/2/26,20:13:6,,57.5,70.5,79.5,nan,nan
2023/2/26,20:13:16,,56.9,70.1,79.1,nan,nan
2023/2/26,20:13:26,,59.2,72.9,82.2,nan,nan
2023/2/26,20:13:36,,106.2,130.6,147.4,nan,nan
2023/2/26,20:13:46,,110.3,135.4,153.1,nan,nan
2023/2/26,20:13:57,,67.9,83.9,94.7,nan,nan
2023/2/26,20:14:7,,52.7,65.2,73.4,nan,nan
2023/2/26,20:14:17,,201.5,247.1,301.3,nan,nan
2023/2/26,20:14:27,,515.2,631.6,747.0,nan,nan
2023/2/26,20:14:37,,572.8,701.5,794.2,nan,nan
2023/2/26,20:14:47,,606.6,747.6,881.6,nan,nan
2023/2/26,20:14:57,,738.4,921.8,994.8,nan,nan
2023/2/26,20:15:7,,769.7,946.5,990.2,nan,nan
2023/2/26,20:15:17,,896.3,954.1,991.7,nan,nan
2023/2/26,20:15:28,,1000.0,1000.0,1000.0,nan,nan
2023/2/26,20:15:38,,1000.0,1000.0,1000.0,nan,nan
2023/2/26,20:15:48,,1000.0,1000.0,1000.0,nan,nan
2023/2/26,20:15:58,,1000.0,1000.0,1000.0,nan,nan
2023/2/26,20:16:8,,1000.0,1000.0,1000.0,nan,nan
2023/2/26,20:16:18,,1000.0,1000.0,1000.0,nan,nan
2023/2/26,20:16:28,,1000.0,1000.0,1000.0,nan,nan
2023/2/26,20:16:38,,1000.0,1000.0,1000.0,nan,nan
2023/2/26,20:16:49,,1000.0,1000.0,1000.0,nan,nan
2023/2/26,20:16:59,,1000.0,1000.0,1000.0,nan,nan
2023/2/26,20:17:9,,1000.0,1000.0,1000.0,nan,nan
2023/2/26,20:17:19,,1000.0,1000.0,1000.0,nan,nan
2023/2/26,20:17:29,,1000.0,1000.0,1000.0,nan,nan
2023/2/26,20:17:39,,1000.0,1000.0,1000.0,nan,nan
2023/2/26,20:17:49,,1000.0,1000.0,1000.0,nan,nan
2023/2/26,20:17:59,,1000.0,1000.0,1000.0,nan,nan
2023/2/26,20:18:9,,1000.0,1000.0,1000.0,nan,nan
2023/2/26,20:18:20,,1000.0,1000.0,1000.0,nan,nan
2023/2/26,20:18:30,,1000.0,1000.0,1000.0,nan,nan
2023/2/26,20:18:40,,1000.0,1000.0,1000.0,nan,nan
2023/2/26,20:18:50,,1000.0,1000.0,1000.0,nan,nan
2023/2/26,20:19:0,,1000.0,1000.0,1000.0,nan,nan
2023/2/26,20:19:10,,1000.0,1000.0,1000.0,nan,nan
2023/2/26,20:19:20,,1000.0,1000.0,1000.0,nan,nan
2023/2/26,20:19:30,,1000.0,1000.0,1000.0,nan,nan
2023/2/26,20:19:40,,1000.0,1000.0,1000.0,nan,nan
2023/2/26,20:19:51,,1000.0,1000.0,1000.0,nan,nan
2023/2/26,20:20:1,,1000.0,1000.0,1000.0,nan,nan
2023/2/26,20:20:11,,1000.0,1000.0,1000.0,nan,nan
2023/2/26,20:20:21,,1000.0,1000.0,1000.0,nan,nan
2023/2/26,20:20:31,,1000.0,1000.0,1000.0,nan,nan
2023/2/26,20:20:41,,1000.0,1000.0,1000.0,nan,nan
2023/2/26,20:20:51,,1000.0,1000.0,1000.0,nan,nan
2023/2/26,20:21:1,,1000.0,1000.0,1000.0,nan,nan
2023/2/26,20:21:11,,999.0,1000.0,1000.0,nan,nan
2023/2/26,20:21:22,,976.1,1000.0,1000.0,nan,nan
2023/2/26,20:21:32,,946.7,1000.0,1000.0,nan,nan
2023/2/26,20:21:42,,917.5,1000.0,1000.0,nan,nan
2023/2/26,20:21:52,,861.5,1000.0,1000.0,nan,nan
2023/2/26,20:22:2,,820.2,1000.0,1000.0,nan,nan
2023/2/26,20:22:12,,780.7,985.5,1000.0,nan,nan
2023/2/26,20:22:22,,762.4,957.3,1000.0,nan,nan
2023/2/26,20:22:32,,735.3,924.3,1000.0,nan,nan
2023/2/26,20:22:42,,707.2,885.6,1000.0,nan,nan
2023/2/26,20:22:53,,651.4,810.6,941.9,nan,nan
2023/2/26,20:23:3,,606.3,754.3,887.9,nan,nan
2023/2/26,20:23:13,,573.7,712.2,833.9,nan,nan
2023/2/26,20:23:23,,527.0,656.3,764.9,nan,nan
2023/2/26,20:23:33,,505.4,626.4,723.5,nan,nan
2023/2/26,20:23:43,,497.1,610.2,703.0,nan,nan
2023/2/26,20:23:53,,447.9,549.6,632.1,nan,nan
2023/2/26,20:24:3,,403.0,497.2,567.8,nan,nan
2023/2/26,20:24:13,,386.6,474.1,540.1,nan,nan
2023/2/26,20:24:24,,372.2,456.9,519.4,nan,nan
2023/2/26,20:24:34,,362.4,444.3,506.9,nan,nan
2023/2/26,20:24:44,,339.9,416.8,473.7,nan,nan
2023/2/26,20:24:54,,308.4,378.1,428.3,nan,nan
2023/2/26,20:25:4,,292.6,358.6,406.6,nan,nan
2023/2/26,20:25:14,,282.5,346.4,392.8,nan,nan
2023/2/26,20:25:24,,265.7,325.9,369.2,nan,nan
2023/2/26,20:25:34,,248.3,304.7,345.7,nan,nan
2023/2/26,20:25:44,,222.5,272.8,309.0,nan,nan
2023/2/26,20:25:55,,206.2,253.1,286.6,nan,nan
2023/2/26,20:26:5,,213.7,262.4,297.0,nan,nan
2023/2/26,20:26:15,,223.5,273.9,310.0,nan,nan
2023/2/26,20:26:25,,189.5,232.7,263.3,nan,nan
2023/2/26,20:26:35,,157.4,193.3,218.6,nan,nan
2023/2/26,20:26:45,,148.7,182.4,206.3,nan,nan
2023/2/26,20:26:55,,194.2,238.2,269.7,nan,nan
2023/2/26,20:27:5,,171.0,209.7,237.3,nan,nan
2023/2/26,20:27:15,,122.5,150.5,170.2,nan,nan
2023/2/26,20:27:26,,111.7,137.7,155.8,nan,nan
2023/2/26,20:27:36,,123.1,151.2,170.8,nan,nan
2023/2/26,20:27:46,,198.9,244.1,276.4,nan,nan
2023/2/26,20:27:56,,129.9,159.7,180.7,nan,nan
2023/2/26,20:28:6,,91.0,111.8,126.4,nan,nan
2023/2/26,20:28:16,,94.5,116.2,131.6,nan,nan
2023/2/26,20:28:26,,114.0,140.3,158.6,nan,nan
2023/2/26,20:28:36,,120.9,148.3,167.6,nan,nan
2023/2/26,20:28:46,,116.1,142.6,161.1,nan,nan
2023/2/26,20:28:57,,109.4,134.3,151.9,nan,nan
2023/2/26,20:29:7,,89.5,110.3,124.7,nan,nan
2023/2/26,20:29:17,,81.3,100.0,112.9,nan,nan
2023/2/26,20:29:27,,117.9,145.0,164.0,nan,nan
2023/2/26,20:29:37,,139.4,171.4,193.7,nan,nan
2023/2/26,20:29:47,,96.7,118.8,134.2,nan,nan
2023/2/26,20:29:57,,81.4,100.2,113.1,nan,nan
2023/2/26,20:30:7,,90.0,110.8,125.2,nan,nan
2023/2/26,20:30:18,,126.8,155.6,175.9,nan,nan
2023/2/26,20:30:28,,131.1,161.1,182.1,nan,nan
2023/2/26,20:30:38,,117.6,144.4,163.1,nan,nan
2023/2/26,20:30:48,,88.4,108.8,123.0,nan,nan
2023/2/26,20:30:58,,82.1,101.2,114.2,nan,nan
2023/2/26,20:31:8,,97.0,119.5,135.1,nan,nan
2023/2/26,20:31:18,,126.7,155.6,176.1,nan,nan
2023/2/26,20:31:28,,120.6,148.3,167.6,nan,nan
2023/2/26,20:31:38,,89.9,110.7,125.0,nan,nan
2023/2/26,20:31:49,,91.2,112.2,126.7,nan,nan
2023/2/26,20:31:59,,122.4,150.2,169.7,nan,nan
2023/2/26,20:32:9,,140.7,172.8,195.6,nan,nan
2023/2/26,20:32:19,,106.0,130.4,147.3,nan,nan
2023/2/26,20:32:29,,78.3,96.7,109.1,nan,nan
2023/2/26,20:32:39,,78.1,96.0,108.5,nan,nan
2023/2/26,20:32:49,,111.9,137.5,155.4,nan,nan
2023/2/26,20:32:59,,146.0,179.4,203.0,nan,nan
2023/2/26,20:33:9,,114.3,140.6,159.0,nan,nan
2023/2/26,20:33:20,,90.2,111.0,125.4,nan,nan
2023/2/26,20:33:30,,80.0,98.4,110.9,nan,nan
2023/2/26,20:33:40,,131.9,162.1,183.3,nan,nan
2023/2/26,20:33:50,,134.6,165.4,186.9,nan,nan
2023/2/26,20:34:0,,92.5,113.9,129.0,nan,nan
2023/2/26,20:34:10,,78.4,96.6,109.2,nan,nan
2023/2/26,20:34:20,,74.4,91.4,103.4,nan,nan
2023/2/26,20:34:30,,74.0,91.0,103.0,nan,nan
2023/2/26,20:34:40,,77.8,95.7,107.9,nan,nan
2023/2/26,20:34:51,,79.4,97.4,109.8,nan,nan
2023/2/26,20:35:1,,79.9,98.1,111.8,nan,nan
2023/2/26,20:35:11,,79.9,98.3,111.1,nan,nan
2023/2/26,20:35:21,,81.7,100.5,113.3,nan,nan
2023/2/26,20:35:31,,87.2,107.2,121.2,nan,nan
2023/2/26,20:35:41,,84.8,104.6,118.3,nan,nan
2023/2/26,20:35:51,,82.0,101.0,114.0,nan,nan
2023/2/26,20:36:1,,83.4,102.7,116.0,nan,nan
2023/2/26,20:36:11,,78.8,97.1,109.6,nan,nan
2023/2/26,20:36:22,,72.9,89.9,101.5,nan,nan
2023/2/26,20:36:32,,70.9,87.1,98.1,nan,nan
2023/2/26,20:36:42,,71.0,87.8,98.8,nan,nan
2023/2/26,20:36:52,,71.0,87.1,98.1,nan,nan
2023/2/26,20:37:2,,71.0,87.1,98.1,nan,nan
2023/2/26,20:37:12,,70.7,87.1,98.1,nan,nan
2023/2/26,20:37:22,,70.5,86.8,97.8,nan,nan
2023/2/26,20:37:32,,71.9,88.9,100.1,nan,nan
2023/2/26,20:37:42,,75.3,92.6,104.6,nan,nan
2023/2/26,20:37:53,,77.4,95.7,108.0,nan,nan
2023/2/26,20:38:3,,103.7,127.4,144.0,nan,nan
2023/2/26,20:38:13,,126.5,155.6,175.8,nan,nan
2023/2/26,20:38:23,,93.6,115.3,130.0,nan,nan
2023/2/26,20:38:33,,81.3,100.0,112.7,nan,nan
2023/2/26,20:38:43,,74.1,91.4,103.3,nan,nan
2023/2/26,20:38:53,,72.5,89.5,101.0,nan,nan
2023/2/26,20:39:3,,71.3,87.8,99.1,nan,nan
2023/2/26,20:39:13,,70.2,86.5,97.5,nan,nan
2023/2/26,20:39:24,,74.8,92.2,104.2,nan,nan
2023/2/26,20:39:34,,79.2,97.8,110.3,nan,nan
2023/2/26,20:39:44,,86.4,106.3,120.2,nan,nan
2023/2/26,20:39:54,,94.2,116.0,130.9,nan,nan
2023/2/26,20:40:4,,92.9,114.4,129.4,nan,nan
2023/2/26,20:40:14,,98.1,120.7,136.4,nan,nan
2023/2/26,20:40:24,,95.8,118.0,133.5,nan,nan
2023/2/26,20:40:34,,140.2,172.1,194.8,nan,nan
2023/2/26,20:40:44,,131.7,161.7,183.0,nan,nan
2023/2/26,20:40:55,,104.7,128.8,145.6,nan,nan
2023/2/26,20:41:5,,80.5,99.1,111.7,nan,nan
2023/2/26,20:41:15,,86.4,106.4,120.2,nan,nan
2023/2/26,20:41:25,,134.0,164.5,186.1,nan,nan
2023/2/26,20:41:35,,131.8,162.1,183.4,nan,nan
2023/2/26,20:41:45,,104.7,128.5,145.2,nan,nan
2023/2/26,20:41:55,,79.1,97.5,110.1,nan,nan
2023/2/26,20:42:5,,82.2,101.4,114.4,nan,nan
2023/2/26,20:42:15,,142.0,174.4,197.3,nan,nan
2023/2/26,20:42:26,,151.9,186.6,211.2,nan,nan
2023/2/26,20:42:36,,99.9,122.8,138.8,nan,nan
2023/2/26,20:42:46,,89.1,109.8,124.1,nan,nan
2023/2/26,20:42:56,,99.3,122.1,138.0,nan,nan
2023/2/26,20:43:6,,152.1,186.8,211.5,nan,nan
2023/2/26,20:43:16,,138.2,169.8,192.2,nan,nan
2023/2/26,20:43:26,,105.0,128.9,145.7,nan,nan
2023/2/26,20:43:36,,74.8,92.2,104.0,nan,nan
2023/2/26,20:43:46,,75.8,93.2,105.0,nan,nan
2023/2/26,20:43:57,,110.3,135.7,153.4,nan,nan
2023/2/26,20:44:7,,128.3,157.5,177.9,nan,nan
2023/2/26,20:44:17,,105.8,130.4,147.3,nan,nan
2023/2/26,20:44:27,,81.9,100.9,114.1,nan,nan
2023/2/26,20:44:37,,78.5,97.0,109.5,nan,nan
2023/2/26,20:44:47,,99.2,121.8,137.6,nan,nan
2023/2/26,20:44:57,,150.5,184.8,209.2,nan,nan
2023/2/26,20:45:7,,96.6,118.6,134.1,nan,nan
2023/2/26,20:45:17,,77.7,95.6,107.9,nan,nan
2023/2/26,20:45:28,,66.9,82.5,92.9,nan,nan
2023/2/26,20:45:38,,87.4,107.6,121.6,nan,nan
2023/2/26,20:45:48,,128.6,157.9,178.6,nan,nan
2023/2/26,20:45:58,,95.9,118.0,133.1,nan,nan
2023/2/26,20:46:8,,74.5,91.7,103.7,nan,nan
2023/2/26,20:46:18,,75.8,93.3,105.3,nan,nan
2023/2/26,20:46:28,,112.9,138.8,156.8,nan,nan
2023/2/26,20:46:38,,133.9,164.5,186.0,nan,nan
2023/2/26,20:46:49,,101.8,125.3,141.5,nan,nan
2023/2/26,20:46:59,,81.8,100.7,113.6,nan,nan
2023/2/26,20:47:9,,71.9,88.6,99.8,nan,nan
2023/2/26,20:47:19,,69.7,86.1,97.3,nan,nan
2023/2/26,20:47:29,,141.8,174.3,197.3,nan,nan
2023/2/26,20:47:39,,127.0,156.1,176.5,nan,nan
2023/2/26,20:47:49,,77.2,95.0,107.4,nan,nan
2023/2/26,20:47:59,,71.8,88.7,100.0,nan,nan
2023/2/26,20:48:9,,75.6,93.3,105.2,nan,nan
2023/2/26,20:48:20,,118.7,146.0,165.1,nan,nan
2023/2/26,20:48:30,,142.1,174.6,197.5,nan,nan
2023/2/26,20:48:40,,104.8,129.0,145.7,nan,nan
2023/2/26,20:48:50,,79.7,98.1,110.9,nan,nan
2023/2/26,20:49:0,,80.8,99.7,112.5,nan,nan
2023/2/26,20:49:10,,115.1,141.4,160.0,nan,nan
2023/2/26,20:49:20,,117.5,144.5,163.3,nan,nan
2023/2/26,20:49:30,,121.3,149.3,168.8,nan,nan
2023/2/26,20:49:40,,106.3,130.5,147.5,nan,nan
2023/2/26,20:49:51,,88.8,109.4,123.7,nan,nan
2023/2/26,20:50:1,,83.4,102.6,115.7,nan,nan
2023/2/26,20:50:11,,86.9,106.9,120.9,nan,nan
2023/2/26,20:50:21,,85.8,105.8,119.6,nan,nan
2023/2/26,20:50:31,,85.5,105.5,119.2,nan,nan
2023/2/26,20:50:41,,88.0,108.4,122.4,nan,nan
2023/2/26,20:50:51,,91.4,112.4,127.2,nan,nan
2023/2/26,20:51:1,,90.8,111.8,126.3,nan,nan
2023/2/26,20:51:11,,92.0,113.2,128.2,nan,nan
2023/2/26,20:51:22,,95.6,117.6,132.6,nan,nan
2023/2/26,20:51:32,,93.5,115.2,130.2,nan,nan
2023/2/26,20:51:42,,90.4,111.4,125.8,nan,nan
2023/2/26,20:51:52,,88.9,109.3,123.4,nan,nan
2023/2/26,20:52:2,,87.9,107.9,121.9,nan,nan
2023/2/26,20:52:12,,89.4,110.3,124.3,nan,nan
2023/2/26,20:52:22,,88.6,108.6,122.6,nan,nan
2023/2/26,20:52:32,,89.8,110.7,124.7,nan,nan
2023/2/26,20:52:42,,91.9,112.9,127.7,nan,nan
2023/2/26,20:52:53,,93.9,115.8,130.8,nan,nan
2023/2/26,20:53:3,,95.1,117.1,132.1,nan,nan
2023/2/26,20:53:13,,96.6,118.6,134.0,nan,nan
2023/2/26,20:53:23,,99.7,122.5,138.9,nan,nan
2023/2/26,20:53:33,,102.1,125.5,141.7,nan,nan
2023/2/26,20:53:43,,102.1,125.8,141.9,nan,nan
2023/2/26,20:53:53,,102.2,125.8,142.0,nan,nan
2023/2/26,20:54:3,,103.6,127.6,144.4,nan,nan
2023/2/26,20:54:13,,103.9,127.9,144.9,nan,nan
2023/2/26,20:54:24,,102.7,126.2,142.6,nan,nan
2023/2/26,20:54:34,,102.0,125.8,141.8,nan,nan
2023/2/26,20:54:44,,102.3,126.3,142.6,nan,nan
2023/2/26,20:54:54,,102.1,125.8,142.0,nan,nan
2023/2/26,20:55:4,,100.1,123.1,139.1,nan,nan
2023/2/26,20:55:14,,102.1,125.7,141.9,nan,nan
2023/2/26,20:55:24,,102.2,125.9,142.3,nan,nan
2023/2/26,20:55:34,,100.8,123.8,139.8,nan,nan
2023/2/26,20:55:44,,101.0,124.0,140.3,nan,nan
2023/2/26,20:55:55,,102.6,126.1,142.8,nan,nan
2023/2/26,20:56:5,,105.1,129.1,146.1,nan,nan
2023/2/26,20:56:15,,104.2,128.2,145.2,nan,nan
2023/2/26,20:56:25,,106.9,131.3,148.3,nan,nan
2023/2/26,20:56:35,,108.7,133.7,150.8,nan,nan
2023/2/26,20:56:45,,110.4,135.5,154.4,nan,nan
2023/2/26,20:56:55,,111.9,137.9,157.2,nan,nan
2023/2/26,20:57:5,,112.7,138.7,156.7,nan,nan
2023/2/26,20:57:15,,115.1,141.2,159.5,nan,nan
2023/2/26,20:57:26,,117.3,144.2,163.3,nan,nan
2023/2/26,20:57:36,,120.4,148.1,167.2,nan,nan
2023/2/26,20:57:46,,122.8,150.8,170.8,nan,nan
2023/2/26,20:57:56,,124.2,152.2,172.2,nan,nan
2023/2/26,20:58:6,,125.6,154.3,174.3,nan,nan
2023/2/26,20:58:16,,127.6,156.6,177.3,nan,nan
2023/2/26,20:58:26,,128.9,158.2,179.2,nan,nan
2023/2/26,20:58:36,,129.5,159.3,180.8,nan,nan
2023/2/26,20:58:46,,130.3,160.3,181.3,nan,nan
2023/2/26,20:58:57,,130.4,160.4,181.4,nan,nan
2023/2/26,20:59:7,,129.4,159.4,180.4,nan,nan
2023/2/26,20:59:17,,129.0,158.5,179.5,nan,nan
2023/2/26,20:59:27,,128.5,157.5,178.5,nan,nan
2023/2/26,20:59:37,,127.3,156.3,176.8,nan,nan
2023/2/26,20:59:47,,123.5,151.7,171.7,nan,nan
2023/2/26,20:59:57,,124.2,152.2,174.9,nan,nan
2023/2/26,21:0:7,,124.1,152.1,172.1,nan,nan
2023/2/26,21:0:17,,124.9,153.4,173.4,nan,nan
2023/2/26,21:0:28,,125.6,154.6,174.6,nan,nan
2023/2/26,21:0:38,,126.2,155.0,175.1,nan,nan
2023/2/26,21:0:48,,128.8,158.3,179.3,nan,nan
2023/2/26,21:0:58,,128.9,158.0,179.0,nan,nan
2023/2/26,21:1:8,,129.4,159.2,180.2,nan,nan
2023/2/26,21:1:18,,131.4,161.6,182.6,nan,nan
2023/2/26,21:1:28,,134.6,165.6,187.2,nan,nan
2023/2/26,21:1:38,,137.6,169.0,191.0,nan,nan
2023/2/26,21:1:48,,138.5,170.5,192.5,nan,nan
2023/2/26,21:1:59,,143.9,176.6,200.0,nan,nan
2023/2/26,21:2:9,,146.9,180.2,203.9,nan,nan
2023/2/26,21:2:19,,146.1,179.1,204.3,nan,nan
2023/2/26,21:2:29,,146.1,179.1,203.5,nan,nan
2023/2/26,21:2:39,,144.9,177.9,201.0,nan,nan
2023/2/26,21:2:49,,146.0,179.1,202.6,nan,nan
2023/2/26,21:2:59,,142.3,174.9,200.5,nan,nan
2023/2/26,21:3:9,,141.2,173.2,196.5,nan,nan
2023/2/26,21:3:19,,142.6,175.4,198.4,nan,nan
2023/2/26,21:3:30,,149.2,183.4,207.4,nan,nan
2023/2/26,21:3:40,,157.7,193.6,218.9,nan,nan
2023/2/26,21:3:50,,188.2,231.1,261.3,nan,nan
2023/2/26,21:4:0,,198.5,243.7,275.8,nan,nan
2023/2/26,21:4:10,,170.6,209.2,236.7,nan,nan
2023/2/26,21:4:20,,171.7,210.6,238.4,nan,nan
2023/2/26,21:4:30,,180.0,220.8,249.8,nan,nan
2023/2/26,21:4:40,,204.1,250.2,283.3,nan,nan
2023/2/26,21:4:50,,202.3,248.4,281.2,nan,nan
2023/2/26,21:5:1,,170.6,209.4,236.9,nan,nan
