2023/2/24,13:37:55,,37.8,60.7,70.6,nan,nan
2023/2/24,13:38:4,,33.6,54.9,68.6,nan,nan
2023/2/24,13:38:13,,31.9,53.3,69.2,nan,nan
2023/2/24,13:38:22,,31.8,55.7,69.8,nan,nan
2023/2/24,13:38:31,,32.8,57.1,70.7,nan,nan
2023/2/25,17:11:21,,29.7,45.1,59.7,nan,nan
2023/2/25,17:11:30,,39.5,62.3,77.7,nan,nan
2023/2/25,17:11:40,,41.0,67.4,78.3,nan,nan
2023/2/25,17:11:49,,41.6,68.9,79.7,nan,nan
2023/2/25,17:11:58,,40.6,71.7,80.4,nan,nan
2023/2/25,17:12:7,,42.3,67.8,77.6,nan,nan
2023/2/25,17:12:16,,43.6,73.2,81.3,nan,nan
2023/2/25,17:12:25,,44.9,74.0,81.0,nan,nan
2023/2/25,17:12:34,,45.0,72.5,77.7,nan,nan
2023/2/25,17:12:43,,45.2,73.7,79.8,nan,nan
2023/2/25,17:12:52,,43.2,72.5,79.6,nan,nan
2023/2/25,17:13:1,,45.8,78.1,82.1,nan,nan
2023/2/25,17:13:11,,47.3,78.2,82.1,nan,nan
2023/2/25,17:13:20,,48.8,77.6,84.0,nan,nan
2023/2/25,17:13:29,,45.6,70.3,76.6,nan,nan
2023/2/25,17:13:38,,47.9,76.2,80.9,nan,nan
2023/2/25,17:13:47,,47.5,78.3,85.9,nan,nan
2023/2/25,17:13:56,,44.7,73.0,79.1,nan,nan
2023/2/25,17:14:5,,46.3,73.1,78.6,nan,nan
2023/2/25,17:14:14,,46.5,75.8,84.5,nan,nan
2023/2/25,17:14:24,,46.0,79.0,87.3,nan,nan
2023/2/25,17:14:33,,48.0,79.0,83.8,nan,nan
2023/2/25,17:14:42,,46.9,79.1,83.8,nan,nan
2023/2/25,17:14:51,,45.3,77.0,81.1,nan,nan
2023/2/25,17:15:0,,46.1,73.6,83.5,nan,nan
2023/2/25,17:15:9,,46.6,76.7,84.0,nan,nan
2023/2/25,17:15:19,,43.3,74.2,82.0,nan,nan
2023/2/25,17:15:28,,42.8,68.8,76.4,nan,nan
2023/2/25,17:15:37,,44.8,74.2,81.8,nan,nan
2023/2/25,17:15:46,,45.2,76.3,86.3,nan,nan
2023/2/25,17:15:55,,44.4,74.1,81.9,nan,nan
2023/2/25,17:16:5,,43.9,71.7,77.3,nan,nan
2023/2/25,17:16:14,,45.0,70.6,78.8,nan,nan
2023/2/25,17:16:23,,47.6,77.1,84.5,nan,nan
2023/2/25,17:16:32,,46.9,80.5,85.7,nan,nan
2023/2/25,17:16:41,,46.9,76.0,83.9,nan,nan
2023/2/25,17:16:50,,46.1,71.3,80.8,nan,nan
2023/2/25,17:16:59,,46.1,73.8,79.6,nan,nan
2023/2/25,17:17:9,,46.6,80.9,83.9,nan,nan
2023/2/25,17:17:18,,47.9,81.1,85.7,nan,nan
2023/2/25,17:17:27,,48.9,77.6,81.6,nan,nan
2023/2/25,17:17:36,,46.7,73.3,78.2,nan,nan
2023/2/25,17:17:45,,43.6,71.0,76.8,nan,nan
2023/2/25,17:17:54,,44.9,72.8,78.1,nan,nan
2023/2/25,17:18:3,,45.8,74.4,81.5,nan,nan
2023/2/25,17:18:12,,47.5,76.4,84.6,nan,nan
2023/2/25,17:18:21,,48.1,76.8,85.3,nan,nan
2023/2/25,17:18:30,,46.9,76.3,82.6,nan,nan
2023/2/25,17:18:40,,46.4,77.4,84.1,nan,nan
2023/2/25,17:18:49,,45.0,72.2,79.9,nan,nan
2023/2/25,17:18:58,,46.0,73.5,79.0,nan,nan
2023/2/25,17:19:7,,47.4,74.2,79.1,nan,nan
2023/2/25,17:19:16,,46.1,76.8,80.1,nan,nan
2023/2/25,17:19:25,,44.9,73.8,78.8,nan,nan
2023/2/25,17:19:34,,46.0,72.2,77.5,nan,nan
2023/2/25,17:19:44,,45.8,74.7,78.4,nan,nan
2023/2/25,17:19:53,,46.6,75.0,78.5,nan,nan
2023/2/25,17:20:2,,44.9,72.1,76.8,nan,nan
2023/2/25,17:20:11,,44.4,73.4,79.3,nan,nan
2023/2/25,17:20:20,,46.9,77.0,81.9,nan,nan
2023/2/25,17:20:29,,48.1,77.1,81.0,nan,nan
2023/2/25,17:20:38,,42.7,70.9,78.1,nan,nan
2023/2/25,17:20:48,,43.6,69.6,77.2,nan,nan
2023/2/25,17:20:57,,45.3,72.1,79.4,nan,nan
2023/2/25,17:21:6,,45.6,70.7,77.6,nan,nan
2023/2/25,17:21:15,,45.0,72.8,78.3,nan,nan
2023/2/25,17:21:24,,47.3,77.5,84.7,nan,nan
2023/2/25,17:21:33,,46.7,76.1,86.8,nan,nan
2023/2/25,17:21:43,,44.5,72.9,81.9,nan,nan
2023/2/25,17:21:52,,46.1,76.2,85.7,nan,nan
2023/2/25,17:22:1,,46.8,75.7,85.1,nan,nan
2023/2/25,17:22:10,,45.5,71.7,78.3,nan,nan
2023/2/25,17:22:19,,42.6,71.5,76.9,nan,nan
2023/2/25,17:22:29,,41.5,71.8,77.6,nan,nan
2023/2/25,17:22:38,,43.6,71.4,78.2,nan,nan
2023/2/25,17:22:47,,44.4,70.3,77.3,nan,nan
2023/2/25,17:22:56,,43.2,72.4,80.0,nan,nan
2023/2/25,17:23:5,,42.2,74.6,82.5,nan,nan
2023/2/25,17:23:14,,42.5,69.8,77.8,nan,nan
2023/2/25,17:23:23,,42.3,70.0,76.2,nan,nan
2023/2/25,17:23:32,,43.0,68.7,75.3,nan,nan
2023/2/25,17:23:41,,42.7,66.8,73.7,nan,nan
2023/2/25,17:23:50,,41.9,67.6,74.9,nan,nan
2023/2/25,17:24:0,,42.1,70.6,77.6,nan,nan
2023/2/25,17:24:9,,42.4,70.9,79.2,nan,nan
2023/2/25,17:24:18,,42.3,74.7,80.7,nan,nan
2023/2/25,17:24:27,,46.1,73.4,79.0,nan,nan
2023/2/25,17:24:36,,44.9,72.7,82.1,nan,nan
2023/2/25,17:24:45,,44.6,70.3,80.0,nan,nan
2023/2/25,17:24:54,,45.3,71.6,77.6,nan,nan
2023/2/25,17:25:3,,44.2,70.9,78.0,nan,nan
2023/2/25,17:25:13,,46.9,73.7,79.5,nan,nan
2023/2/25,17:25:21,,47.0,69.7,76.4,nan,nan
2023/2/25,17:25:31,,45.8,69.1,76.9,nan,nan
2023/2/25,17:25:40,,45.0,71.5,77.8,nan,nan
2023/2/25,17:25:49,,45.3,72.1,79.6,nan,nan
2023/2/25,17:25:58,,44.2,71.8,79.2,nan,nan
2023/2/25,17:26:7,,45.5,70.6,77.4,nan,nan
2023/2/25,17:26:16,,44.9,72.2,78.0,nan,nan
2023/2/25,17:26:25,,44.4,70.7,77.1,nan,nan
2023/2/25,17:26:34,,44.8,71.0,78.7,nan,nan
2023/2/25,17:26:44,,44.5,74.8,81.0,nan,nan
2023/2/25,17:26:53,,45.1,74.2,81.0,nan,nan
2023/2/25,17:27:2,,45.8,74.7,79.5,nan,nan
2023/2/25,17:27:11,,44.8,73.3,78.4,nan,nan
2023/2/25,17:27:20,,45.9,71.9,77.6,nan,nan
2023/2/25,17:27:29,,46.7,75.1,81.8,nan,nan
2023/2/25,17:27:38,,45.0,73.0,80.3,nan,nan
2023/2/25,17:27:48,,43.1,70.5,79.1,nan,nan
2023/2/25,17:27:57,,42.9,72.3,79.6,nan,nan
2023/2/25,17:28:6,,43.2,69.8,78.6,nan,nan
2023/2/25,17:28:15,,43.3,67.9,77.6,nan,nan
2023/2/25,17:28:24,,40.9,69.1,78.2,nan,nan
2023/2/25,17:28:33,,41.3,70.2,77.7,nan,nan
2023/2/25,17:28:42,,43.3,75.8,83.4,nan,nan
2023/2/25,17:28:51,,45.1,77.3,83.5,nan,nan
2023/2/25,17:29:0,,45.2,75.4,79.8,nan,nan
2023/2/25,17:29:9,,43.7,73.0,78.1,nan,nan
2023/2/25,17:29:18,,45.0,71.1,77.0,nan,nan
2023/2/25,17:29:27,,44.7,71.1,78.0,nan,nan
2023/2/25,17:29:37,,42.2,70.1,77.7,nan,nan
2023/2/25,17:29:46,,43.3,70.1,77.3,nan,nan
2023/2/25,17:29:55,,43.6,69.2,77.4,nan,nan
2023/2/25,17:30:4,,44.3,70.5,78.1,nan,nan
2023/2/25,17:30:13,,45.2,78.7,85.2,nan,nan
2023/2/25,17:30:22,,44.6,77.2,83.9,nan,nan
2023/2/25,17:30:31,,45.1,76.3,82.0,nan,nan
2023/2/25,17:30:40,,45.5,71.1,80.5,nan,nan
2023/2/25,17:30:49,,43.5,71.5,78.8,nan,nan
2023/2/25,17:30:59,,45.0,73.6,78.2,nan,nan
2023/2/25,17:31:8,,42.0,68.8,76.5,nan,nan
2023/2/25,17:31:17,,41.6,69.8,77.4,nan,nan
2023/2/25,17:31:26,,43.5,67.8,77.7,nan,nan
2023/2/25,17:31:35,,45.1,72.3,80.0,nan,nan
2023/2/25,17:31:44,,43.9,70.0,76.9,nan,nan
2023/2/25,17:31:53,,43.3,70.4,77.8,nan,nan
2023/2/25,17:32:2,,44.0,70.5,77.3,nan,nan
2023/2/25,17:32:11,,46.6,74.6,80.9,nan,nan
2023/2/25,17:32:20,,44.0,73.1,81.6,nan,nan
2023/2/25,17:32:30,,43.1,73.2,80.0,nan,nan
2023/2/25,17:32:39,,44.1,74.8,81.2,nan,nan
2023/2/25,17:32:48,,44.7,73.6,81.3,nan,nan
2023/2/25,17:32:57,,44.6,72.5,78.6,nan,nan
2023/2/25,17:33:6,,45.4,73.0,78.6,nan,nan
2023/2/25,17:33:15,,44.1,73.2,78.6,nan,nan
2023/2/25,17:33:24,,43.9,69.7,78.8,nan,nan
2023/2/25,17:33:33,,45.5,75.7,84.7,nan,nan
2023/2/25,17:33:43,,43.9,75.0,79.6,nan,nan
2023/2/25,17:33:52,,45.8,70.9,76.9,nan,nan
2023/2/25,17:34:1,,45.8,72.2,77.0,nan,nan
2023/2/25,17:34:10,,47.0,75.8,80.0,nan,nan
2023/2/25,17:34:19,,46.0,75.4,80.7,nan,nan
2023/2/25,17:34:28,,45.2,73.4,80.5,nan,nan
2023/2/25,17:34:38,,47.1,70.3,79.5,nan,nan
2023/2/25,17:34:47,,47.0,75.0,83.2,nan,nan
2023/2/25,17:34:56,,45.8,76.7,84.8,nan,nan
2023/2/25,17:35:5,,44.0,74.1,80.0,nan,nan
2023/2/25,17:35:14,,43.2,71.3,76.9,nan,nan
2023/2/25,17:35:23,,44.2,69.3,77.1,nan,nan
2023/2/25,17:35:33,,42.5,72.7,78.9,nan,nan
2023/2/25,17:35:42,,42.9,76.3,80.3,nan,nan
2023/2/25,17:35:51,,44.7,73.6,79.3,nan,nan
2023/2/25,17:36:0,,45.6,72.2,77.9,nan,nan
2023/2/25,17:36:9,,45.3,69.5,76.2,nan,nan
2023/2/25,17:36:18,,44.8,72.5,77.6,nan,nan
2023/2/25,17:36:27,,47.1,74.1,78.4,nan,nan
2023/2/25,17:36:36,,46.3,78.4,82.0,nan,nan
2023/2/25,17:36:45,,44.2,75.6,79.0,nan,nan
2023/2/25,17:36:54,,45.9,72.3,76.9,nan,nan
2023/2/25,17:37:3,,48.0,72.7,77.3,nan,nan
2023/2/25,17:37:12,,46.9,76.8,80.1,nan,nan
2023/2/25,17:37:21,,44.0,75.9,79.4,nan,nan
2023/2/25,17:37:30,,45.3,75.0,78.9,nan,nan
2023/2/25,17:37:39,,44.9,72.7,78.9,nan,nan
2023/2/25,17:37:48,,47.3,74.3,81.7,nan,nan
2023/2/25,17:37:58,,45.9,77.2,84.1,nan,nan
2023/2/25,17:38:7,,46.3,74.4,80.4,nan,nan
2023/2/25,17:38:16,,45.7,73.9,80.3,nan,nan
2023/2/25,17:38:25,,47.2,77.3,86.2,nan,nan
2023/2/25,17:38:34,,45.9,72.8,80.1,nan,nan
2023/2/25,17:38:43,,45.0,75.6,83.8,nan,nan
2023/2/25,17:38:53,,46.4,76.6,84.5,nan,nan
2023/2/25,17:39:2,,45.5,74.8,82.1,nan,nan
2023/2/25,17:39:11,,45.4,74.6,80.3,nan,nan
2023/2/25,17:39:20,,45.8,76.5,81.8,nan,nan
2023/2/25,17:39:29,,43.3,71.4,77.7,nan,nan
2023/2/25,17:39:38,,43.2,72.0,79.3,nan,nan
2023/2/25,17:39:48,,44.7,74.8,80.7,nan,nan
2023/2/25,17:39:57,,43.2,70.6,80.4,nan,nan
2023/2/25,17:40:6,,41.2,65.9,76.1,nan,nan
2023/2/25,17:40:15,,44.0,69.8,78.9,nan,nan
2023/2/25,17:40:24,,45.2,71.9,79.9,nan,nan
2023/2/25,17:40:33,,44.8,72.3,78.3,nan,nan
2023/2/25,17:40:42,,43.0,71.0,76.9,nan,nan
2023/2/25,17:40:51,,44.7,68.6,77.0,nan,nan
2023/2/25,17:41:0,,44.7,73.9,80.0,nan,nan
2023/2/25,17:41:10,,45.7,73.9,81.1,nan,nan
2023/2/25,17:41:19,,45.7,74.6,80.4,nan,nan
2023/2/25,17:41:28,,45.7,78.3,82.4,nan,nan
2023/2/25,17:41:37,,44.7,76.8,83.4,nan,nan
2023/2/25,17:41:46,,44.5,72.4,78.5,nan,nan
2023/2/25,17:41:55,,45.6,75.1,80.7,nan,nan
2023/2/25,17:42:4,,46.6,74.3,79.8,nan,nan
2023/2/25,17:42:13,,46.7,73.9,80.1,nan,nan
2023/2/25,17:42:23,,44.3,72.5,79.8,nan,nan
2023/2/25,17:42:32,,43.7,73.1,80.7,nan,nan
2023/2/25,17:42:41,,43.1,70.0,77.3,nan,nan
2023/2/25,17:42:50,,41.8,67.6,75.6,nan,nan
2023/2/25,17:42:59,,45.3,74.0,80.0,nan,nan
2023/2/25,17:43:8,,47.3,73.7,79.6,nan,nan
2023/2/25,17:43:17,,44.8,69.4,77.9,nan,nan
2023/2/25,17:43:27,,45.1,73.6,79.8,nan,nan
2023/2/25,17:43:36,,44.0,70.9,79.7,nan,nan
2023/2/25,17:43:45,,42.6,70.1,79.7,nan,nan
2023/2/25,17:43:54,,44.2,75.0,79.8,nan,nan
2023/2/25,17:44:3,,43.2,72.6,79.2,nan,nan
2023/2/25,17:44:12,,45.0,72.0,81.5,nan,nan
2023/2/25,17:44:21,,47.6,75.3,79.5,nan,nan
2023/2/25,17:44:31,,46.1,75.5,79.2,nan,nan
2023/2/25,17:44:40,,44.3,74.5,79.3,nan,nan
2023/2/25,17:44:49,,43.4,71.6,78.1,nan,nan
2023/2/25,17:44:58,,43.9,72.6,78.6,nan,nan
2023/2/25,17:45:7,,44.5,76.5,85.3,nan,nan
2023/2/25,17:45:17,,44.8,73.5,80.1,nan,nan
2023/2/25,17:45:26,,43.7,72.2,77.4,nan,nan
2023/2/25,17:45:35,,44.7,73.0,78.9,nan,nan
2023/2/25,17:45:44,,45.9,75.8,84.9,nan,nan
2023/2/25,17:45:53,,44.2,74.6,82.1,nan,nan
2023/2/25,17:46:2,,46.9,73.4,78.4,nan,nan
2023/2/25,17:46:11,,47.3,74.1,78.2,nan,nan
2023/2/25,17:46:20,,47.1,73.7,80.8,nan,nan
2023/2/25,17:46:30,,44.6,74.4,82.9,nan,nan
2023/2/25,17:46:39,,44.8,74.0,80.3,nan,nan
2023/2/25,17:46:48,,43.5,70.7,78.2,nan,nan
2023/2/25,17:46:57,,44.0,73.9,80.4,nan,nan
2023/2/25,17:47:6,,45.9,76.1,82.0,nan,nan
2023/2/25,17:47:15,,45.4,73.0,79.9,nan,nan
2023/2/25,17:47:24,,46.4,71.9,79.8,nan,nan
2023/2/25,17:47:33,,43.7,73.1,81.0,nan,nan
2023/2/25,17:47:43,,42.7,73.2,81.3,nan,nan
2023/2/25,17:47:52,,44.3,72.0,79.8,nan,nan
2023/2/25,17:48:1,,46.8,73.9,81.0,nan,nan
