2000/62/0,0:53:0,,101.3,124.5,140.7,nan,nan
2000/47/0,0:53:0,,85.7,105.5,119.0,nan,nan
2000/100/0,0:53:0,,140.5,172.6,195.3,nan,nan
2000/60/0,0:53:0,,124.2,152.7,172.6,nan,nan
2000/39/0,0:53:0,,73.8,91.0,102.9,nan,nan
2000/35/0,0:53:0,,54.2,67.2,75.7,nan,nan
2023/2/27,11:27:7,,2.0,2.8,3.0,nan,nan
2023/2/27,11:28:12,,42.0,52.0,58.3,nan,nan
2023/2/27,11:28:46,,44.0,54.0,61.9,nan,nan
2023/2/27,11:29:22,,42.6,53.1,60.4,nan,nan
2023/2/27,11:29:32,,42.3,52.3,59.1,nan,nan
2023/2/27,11:29:42,,42.0,52.0,58.3,nan,nan
2000/104/0,0:53:0,,177.9,218.4,247.3,nan,nan
2000/60/0,0:53:0,,107.9,132.8,150.0,nan,nan
2000/61/0,0:53:0,,87.4,107.5,121.5,nan,nan
2000/85/0,0:53:0,,127.5,156.7,177.2,nan,nan
2000/85/0,0:53:0,,133.9,164.8,186.0,nan,nan
2000/69/0,0:53:0,,123.0,151.3,170.9,nan,nan
2000/55/0,0:53:0,,94.5,116.2,131.4,nan,nan
2000/49/0,0:53:0,,77.3,95.3,107.6,nan,nan
2000/43/0,0:53:0,,70.2,86.4,97.5,nan,nan
2000/42/0,0:53:0,,63.6,78.5,88.5,nan,nan
2000/41/0,0:53:0,,58.8,72.7,81.7,nan,nan
2000/39/0,0:53:0,,58.1,71.7,80.7,nan,nan
2000/37/0,0:53:0,,55.2,68.2,77.1,nan,nan
2000/38/0,0:53:0,,56.8,70.0,79.0,nan,nan
2000/39/0,0:53:0,,55.9,68.9,77.8,nan,nan
2000/38/0,0:53:0,,56.4,69.4,78.4,nan,nan
2000/36/0,0:53:0,,54.8,67.8,76.4,nan,nan
2000/37/0,0:53:0,,54.9,67.9,76.8,nan,nan
2000/35/0,0:53:0,,53.6,66.5,74.6,nan,nan
2000/33/0,0:53:0,,52.0,64.0,72.0,nan,nan
2000/31/0,0:53:0,,50.3,62.3,70.3,nan,nan
2000/30/0,0:53:0,,48.7,59.9,67.6,nan,nan
2000/30/0,0:53:0,,48.2,59.2,66.4,nan,nan
2000/31/0,0:53:0,,48.6,59.6,67.2,nan,nan
2000/30/0,0:53:0,,48.1,59.1,66.2,nan,nan
2000/35/0,0:53:0,,47.5,58.5,65.5,nan,nan
2000/35/0,0:53:0,,47.0,58.0,65.0,nan,nan
2000/30/0,0:53:0,,47.2,58.3,65.3,nan,nan
2000/30/0,0:53:0,,47.8,58.8,65.8,nan,nan
2000/35/0,0:53:0,,47.1,58.1,65.1,nan,nan
2000/35/0,0:53:0,,46.9,57.9,64.9,nan,nan
2000/34/0,0:53:0,,48.3,59.6,66.9,nan,nan
2000/38/0,0:53:0,,54.0,66.7,75.1,nan,nan
2000/46/0,0:53:0,,62.1,76.5,86.4,nan,nan
2000/112/0,0:53:0,,101.9,125.3,141.6,nan,nan
2000/75/0,0:53:0,,152.8,187.6,212.3,nan,nan
2000/51/0,0:53:0,,88.3,108.7,122.7,nan,nan
2000/75/0,0:53:0,,86.0,106.0,119.6,nan,nan
2000/78/0,0:53:0,,119.5,146.8,165.8,nan,nan
2000/80/0,0:53:0,,120.2,148.2,167.3,nan,nan
2000/74/0,0:53:0,,112.9,138.8,157.0,nan,nan
2000/65/0,0:53:0,,101.5,124.9,141.1,nan,nan
2000/54/0,0:53:0,,86.8,107.1,120.9,nan,nan
2000/51/0,0:53:0,,79.5,98.0,110.5,nan,nan
2000/42/0,0:53:0,,70.1,86.5,97.5,nan,nan
2000/40/0,0:53:0,,61.3,75.6,85.2,nan,nan
2000/40/0,0:53:0,,62.2,76.6,86.3,nan,nan
2000/51/0,0:53:0,,69.9,86.5,97.8,nan,nan
2000/53/0,0:53:0,,77.0,95.0,107.0,nan,nan
2000/51/0,0:53:0,,75.8,93.6,105.6,nan,nan
2000/41/0,0:53:0,,72.9,89.8,101.4,nan,nan
2000/44/0,0:53:0,,62.8,77.7,87.7,nan,nan
2000/40/0,0:53:0,,59.2,73.1,82.1,nan,nan
2000/40/0,0:53:0,,59.1,73.0,82.3,nan,nan
2000/40/0,0:53:0,,58.0,71.4,80.4,nan,nan
2000/45/0,0:53:0,,61.4,75.8,85.6,nan,nan
2000/49/0,0:53:0,,67.5,83.3,94.1,nan,nan
2000/48/0,0:53:0,,72.2,89.1,100.4,nan,nan
2000/44/0,0:53:0,,68.8,84.8,95.8,nan,nan
2000/47/0,0:53:0,,69.7,85.7,96.7,nan,nan
2000/53/0,0:53:0,,72.7,89.5,100.9,nan,nan
2000/53/0,0:53:0,,76.5,94.4,106.4,nan,nan
2000/51/0,0:53:0,,76.3,94.2,106.2,nan,nan
2000/55/0,0:53:0,,77.4,95.3,107.3,nan,nan
2000/50/0,0:53:0,,79.8,97.9,110.7,nan,nan
2000/57/0,0:53:0,,83.9,103.4,116.8,nan,nan
2000/61/0,0:53:0,,88.8,109.0,123.2,nan,nan
2000/97/0,0:53:0,,107.7,132.5,149.6,nan,nan
2000/119/0,0:53:0,,171.3,210.3,238.0,nan,nan
2000/103/0,0:53:0,,182.3,223.7,253.1,nan,nan
2000/83/0,0:53:0,,142.0,174.3,197.1,nan,nan
2000/84/0,0:53:0,,129.7,159.7,180.7,nan,nan
2000/113/0,0:53:0,,162.7,199.9,226.2,nan,nan
2000/124/0,0:53:0,,188.3,231.2,261.8,nan,nan
2000/126/0,0:53:0,,197.2,242.0,274.0,nan,nan
2000/112/0,0:53:0,,186.8,229.2,259.4,nan,nan
2000/108/0,0:53:0,,171.2,210.1,237.8,nan,nan
2000/115/0,0:53:0,,170.7,209.3,236.8,nan,nan
2000/112/0,0:53:0,,175.7,215.7,244.1,nan,nan
2000/118/0,0:53:0,,185.3,227.4,257.4,nan,nan
2000/119/0,0:53:0,,188.0,230.6,261.0,nan,nan
2000/117/0,0:53:0,,184.8,226.8,256.6,nan,nan
2000/117/0,0:53:0,,185.1,226.8,256.8,nan,nan
2000/114/0,0:53:0,,179.9,220.7,249.9,nan,nan
2000/113/0,0:53:0,,175.7,215.6,244.1,nan,nan
2000/117/0,0:53:0,,177.5,218.0,246.6,nan,nan
2000/125/0,0:53:0,,188.5,231.3,261.9,nan,nan
2000/132/0,0:53:0,,202.4,248.2,280.9,nan,nan
2001/135/0,0:53:0,,209.1,256.9,290.8,nan,nan
2001/139/0,0:53:0,,215.7,264.7,299.7,nan,nan
2001/140/0,0:53:0,,216.2,265.1,300.0,nan,nan
2001/136/0,0:53:0,,215.8,264.8,299.9,nan,nan
2001/134/0,0:53:0,,212.3,260.3,294.4,nan,nan
2001/134/0,0:53:0,,212.1,260.1,294.1,nan,nan
2001/136/0,0:53:0,,212.5,260.8,295.1,nan,nan
2001/139/0,0:53:0,,217.2,266.5,301.6,nan,nan
2001/145/0,0:53:0,,220.1,270.1,305.7,nan,nan
2001/143/0,0:53:0,,225.6,276.8,313.4,nan,nan
2001/142/0,0:53:0,,225.9,276.9,313.7,nan,nan
2001/143/0,0:53:0,,227.1,278.9,315.9,nan,nan
2001/142/0,0:53:0,,226.8,278.0,315.0,nan,nan
2001/140/0,0:53:0,,226.3,277.3,314.2,nan,nan
2001/142/0,0:53:0,,222.2,272.7,308.7,nan,nan
2001/145/0,0:53:0,,222.0,272.0,308.0,nan,nan
2001/145/0,0:53:0,,222.8,273.3,309.3,nan,nan
2001/142/0,0:53:0,,224.2,275.2,311.3,nan,nan
2001/143/0,0:53:0,,227.0,278.6,315.6,nan,nan
2001/143/0,0:53:0,,226.3,277.5,314.5,nan,nan
2001/142/0,0:53:0,,226.7,277.8,314.8,nan,nan
2001/140/0,0:53:0,,225.4,276.4,312.9,nan,nan
2001/142/0,0:53:0,,222.1,272.6,308.6,nan,nan
2001/143/0,0:53:0,,219.7,269.7,305.6,nan,nan
2001/140/0,0:53:0,,218.6,268.2,303.5,nan,nan
2001/140/0,0:53:0,,218.1,267.5,302.6,nan,nan
2001/135/0,0:53:0,,215.4,264.1,299.0,nan,nan
2001/135/0,0:53:0,,211.2,259.2,293.2,nan,nan
2001/135/0,0:53:0,,213.8,262.3,297.0,nan,nan
2001/135/0,0:53:0,,213.6,262.0,296.6,nan,nan
2001/138/0,0:53:0,,216.2,265.2,300.2,nan,nan
2001/142/0,0:53:0,,218.1,268.0,303.1,nan,nan
2001/144/0,0:53:0,,222.2,272.5,308.5,nan,nan
2001/140/0,0:53:0,,220.5,270.4,306.1,nan,nan
2001/141/0,0:53:0,,218.7,268.6,304.2,nan,nan
2001/143/0,0:53:0,,221.7,271.7,307.7,nan,nan
2001/137/0,0:53:0,,219.6,269.3,305.0,nan,nan
2000/124/0,0:53:0,,204.6,250.8,284.1,nan,nan
2000/134/0,0:53:0,,201.3,246.9,279.4,nan,nan
2000/130/0,0:53:0,,207.6,254.8,288.7,nan,nan
2000/133/0,0:53:0,,205.5,251.9,285.1,nan,nan
2000/129/0,0:53:0,,201.4,247.1,279.7,nan,nan
2000/132/0,0:53:0,,200.9,246.4,278.9,nan,nan
2000/133/0,0:53:0,,204.3,250.5,283.5,nan,nan
2001/132/0,0:53:0,,208.3,255.9,289.7,nan,nan
2001/137/0,0:53:0,,213.2,261.7,296.2,nan,nan
2001/136/0,0:53:0,,214.6,263.2,297.9,nan,nan
2001/140/0,0:53:0,,216.1,265.1,300.0,nan,nan
2001/138/0,0:53:0,,216.6,265.9,301.1,nan,nan
2001/134/0,0:53:0,,212.1,260.2,294.3,nan,nan
2001/133/0,0:53:0,,211.8,259.8,293.8,nan,nan
2000/125/0,0:53:0,,208.3,255.8,289.6,nan,nan
2000/130/0,0:53:0,,196.6,241.3,273.1,nan,nan
2001/136/0,0:53:0,,209.4,256.9,290.8,nan,nan
2001/140/0,0:53:0,,217.0,265.9,300.9,nan,nan
2001/142/0,0:53:0,,218.6,267.9,303.2,nan,nan
2001/140/0,0:53:0,,216.5,265.6,300.8,nan,nan
2001/138/0,0:53:0,,219.6,269.5,305.1,nan,nan
2001/142/0,0:53:0,,218.8,268.5,304.1,nan,nan
2001/132/0,0:53:0,,212.9,261.4,295.9,nan,nan
2001/134/0,0:53:0,,210.0,258.0,292.0,nan,nan
2001/142/0,0:53:0,,216.6,265.9,301.2,nan,nan
2000/133/0,0:53:0,,216.8,266.1,301.3,nan,nan
2001/131/0,0:53:0,,205.0,251.6,285.0,nan,nan
2000/133/0,0:53:0,,206.3,252.8,286.1,nan,nan
2001/131/0,0:53:0,,205.9,252.3,285.5,nan,nan
2001/138/0,0:53:0,,209.3,256.7,290.7,nan,nan
2001/142/0,0:53:0,,215.1,263.9,298.6,nan,nan
2000/133/0,0:53:0,,207.7,254.9,288.5,nan,nan
2000/131/0,0:53:0,,202.9,248.9,281.9,nan,nan
2000/133/0,0:53:0,,203.2,249.2,282.2,nan,nan
2001/135/0,0:53:0,,206.9,253.8,287.1,nan,nan
2001/145/0,0:53:0,,219.4,269.1,304.8,nan,nan
2001/140/0,0:53:0,,222.5,273.0,308.8,nan,nan
2000/135/0,0:53:0,,211.6,259.5,293.9,nan,nan
2000/133/0,0:53:0,,205.3,251.9,285.1,nan,nan
2001/132/0,0:53:0,,205.7,252.4,285.7,nan,nan
2000/135/0,0:53:0,,208.4,255.8,289.8,nan,nan
2001/136/0,0:53:0,,208.2,255.2,288.9,nan,nan
2001/139/0,0:53:0,,213.1,261.4,295.8,nan,nan
2001/141/0,0:53:0,,217.2,266.7,302.1,nan,nan
2001/145/0,0:53:0,,221.0,271.1,307.1,nan,nan
2000/135/0,0:53:0,,219.3,269.0,304.8,nan,nan
2001/140/0,0:53:0,,212.1,260.2,294.5,nan,nan
2001/143/0,0:53:0,,221.2,271.2,307.2,nan,nan
2001/145/0,0:53:0,,222.1,272.1,308.1,nan,nan
2001/144/0,0:53:0,,222.9,273.3,309.3,nan,nan
2001/145/0,0:53:0,,222.0,272.2,308.2,nan,nan
2001/141/0,0:53:0,,225.3,276.3,312.9,nan,nan
2001/144/0,0:53:0,,223.1,273.6,309.6,nan,nan
2001/141/0,0:53:0,,220.7,270.7,306.7,nan,nan
2001/138/0,0:53:0,,218.1,267.8,303.3,nan,nan
2000/125/0,0:53:0,,210.3,258.2,292.2,nan,nan
2000/120/0,0:53:0,,186.1,228.3,258.4,nan,nan
2000/112/0,0:53:0,,181.4,222.7,252.2,nan,nan
2000/112/0,0:53:0,,179.3,220.3,249.3,nan,nan
2000/133/0,0:53:0,,190.1,233.4,264.2,nan,nan
2001/136/0,0:53:0,,208.7,256.1,289.9,nan,nan
2001/136/0,0:53:0,,215.0,264.0,299.0,nan,nan
2001/140/0,0:53:0,,216.9,266.1,301.2,nan,nan
2001/135/0,0:53:0,,215.4,264.2,299.1,nan,nan
2001/136/0,0:53:0,,214.5,263.2,298.2,nan,nan
2001/136/0,0:53:0,,213.8,262.3,296.9,nan,nan
2001/131/0,0:53:0,,211.8,259.7,294.1,nan,nan
2001/135/0,0:53:0,,212.1,260.1,294.2,nan,nan
2001/135/0,0:53:0,,212.2,260.2,294.2,nan,nan
2001/136/0,0:53:0,,214.1,262.5,297.5,nan,nan
2001/135/0,0:53:0,,215.1,263.9,298.7,nan,nan
2001/135/0,0:53:0,,211.8,259.6,293.6,nan,nan
2001/140/0,0:53:0,,216.0,265.1,300.1,nan,nan
2001/145/0,0:53:0,,219.5,269.5,305.0,nan,nan
2001/144/0,0:53:0,,221.6,271.6,307.6,nan,nan
2001/139/0,0:53:0,,217.9,267.4,302.6,nan,nan
2001/136/0,0:53:0,,216.6,265.6,300.6,nan,nan
2000/135/0,0:53:0,,208.7,256.1,289.8,nan,nan
2000/133/0,0:53:0,,206.4,253.4,287.0,nan,nan
2000/133/0,0:53:0,,204.6,251.3,284.3,nan,nan
2000/135/0,0:53:0,,206.0,252.6,286.1,nan,nan
2001/134/0,0:53:0,,205.5,252.3,285.7,nan,nan
2001/143/0,0:53:0,,217.3,266.7,302.1,nan,nan
2001/143/0,0:53:0,,221.0,271.0,307.0,nan,nan
2001/145/0,0:53:0,,221.2,271.2,307.2,nan,nan
2001/145/0,0:53:0,,223.4,274.3,310.3,nan,nan
2001/140/0,0:53:0,,222.7,273.0,309.0,nan,nan
2001/141/0,0:53:0,,223.7,274.7,310.7,nan,nan
2001/143/0,0:53:0,,226.2,277.5,314.2,nan,nan
2001/142/0,0:53:0,,226.6,278.0,315.0,nan,nan
2001/141/0,0:53:0,,220.9,271.1,307.1,nan,nan
2001/138/0,0:53:0,,219.1,268.7,304.2,nan,nan
2001/140/0,0:53:0,,219.0,268.7,304.2,nan,nan
2001/137/0,0:53:0,,216.7,265.7,300.7,nan,nan
2001/137/0,0:53:0,,214.3,263.3,298.3,nan,nan
2001/135/0,0:53:0,,215.4,264.3,299.2,nan,nan
2000/133/0,0:53:0,,210.2,257.9,291.8,nan,nan
2000/120/0,0:53:0,,198.4,243.7,275.8,nan,nan
2000/115/0,0:53:0,,183.4,224.9,254.5,nan,nan
2000/122/0,0:53:0,,182.4,223.9,253.3,nan,nan
2000/132/0,0:53:0,,200.2,245.6,278.0,nan,nan
2000/133/0,0:53:0,,203.1,248.9,281.7,nan,nan
2000/123/0,0:53:0,,199.1,244.2,276.6,nan,nan
2000/124/0,0:53:0,,190.8,234.4,265.4,nan,nan
2000/124/0,0:53:0,,191.5,234.9,265.9,nan,nan
2000/125/0,0:53:0,,194.7,239.1,270.6,nan,nan
2000/110/0,0:53:0,,190.5,233.7,264.5,nan,nan
2000/78/0,0:53:0,,138.8,170.5,192.7,nan,nan
2000/91/0,0:53:0,,120.8,148.5,167.7,nan,nan
2000/124/0,0:53:0,,185.1,227.0,257.0,nan,nan
2000/133/0,0:53:0,,200.3,245.7,278.0,nan,nan
2000/105/0,0:53:0,,190.6,233.6,264.5,nan,nan
2000/86/0,0:53:0,,144.4,177.3,200.6,nan,nan
2000/86/0,0:53:0,,131.9,162.1,183.3,nan,nan
2000/113/0,0:53:0,,149.2,183.1,207.2,nan,nan
2000/121/0,0:53:0,,188.0,230.8,261.2,nan,nan
2000/74/0,0:53:0,,154.8,190.1,215.0,nan,nan
2000/65/0,0:53:0,,106.7,131.3,148.3,nan,nan
2000/91/0,0:53:0,,127.6,156.8,177.2,nan,nan
2000/112/0,0:53:0,,160.5,197.0,223.0,nan,nan
2000/118/0,0:53:0,,179.6,220.3,249.4,nan,nan
2000/81/0,0:53:0,,168.8,207.1,234.3,nan,nan
2000/74/0,0:53:0,,114.5,140.7,159.1,nan,nan
2000/71/0,0:53:0,,104.9,129.1,146.1,nan,nan
2000/103/0,0:53:0,,135.8,167.0,188.9,nan,nan
2000/110/0,0:53:0,,170.4,209.3,236.7,nan,nan
2000/91/0,0:53:0,,166.3,204.2,231.1,nan,nan
2000/82/0,0:53:0,,138.2,169.8,191.9,nan,nan
2000/79/0,0:53:0,,126.8,155.7,175.9,nan,nan
2000/108/0,0:53:0,,134.4,165.0,186.7,nan,nan
2000/125/0,0:53:0,,186.3,228.5,258.7,nan,nan
2000/99/0,0:53:0,,165.0,202.4,229.0,nan,nan
2000/85/0,0:53:0,,136.9,168.1,190.1,nan,nan
2000/82/0,0:53:0,,121.1,148.7,168.2,nan,nan
2000/119/0,0:53:0,,159.5,195.9,221.6,nan,nan
2000/132/0,0:53:0,,196.6,241.2,273.1,nan,nan
2000/122/0,0:53:0,,204.0,250.3,283.1,nan,nan
2000/100/0,0:53:0,,176.5,216.9,245.5,nan,nan
2000/92/0,0:53:0,,144.7,177.9,201.3,nan,nan
2000/114/0,0:53:0,,155.7,191.2,216.4,nan,nan
2000/130/0,0:53:0,,191.8,235.3,266.4,nan,nan
2000/130/0,0:53:0,,207.8,254.7,288.4,nan,nan
2000/95/0,0:53:0,,171.5,210.4,238.1,nan,nan
2000/90/0,0:53:0,,140.7,172.7,195.3,nan,nan
2000/117/0,0:53:0,,159.2,195.6,221.2,nan,nan
2000/125/0,0:53:0,,192.5,236.4,267.6,nan,nan
2001/133/0,0:53:0,,206.8,253.7,287.2,nan,nan
2000/133/0,0:53:0,,204.5,250.8,283.9,nan,nan
2000/117/0,0:53:0,,191.0,234.3,265.2,nan,nan
2000/120/0,0:53:0,,182.7,224.1,253.7,nan,nan
2000/130/0,0:53:0,,193.1,237.1,268.4,nan,nan
2000/130/0,0:53:0,,204.3,250.6,283.9,nan,nan
2001/132/0,0:53:0,,208.6,256.0,289.9,nan,nan
2000/133/0,0:53:0,,203.9,250.4,283.3,nan,nan
2000/132/0,0:53:0,,204.8,250.9,283.9,nan,nan
2000/130/0,0:53:0,,203.8,249.8,282.8,nan,nan
2000/124/0,0:53:0,,202.0,247.9,280.7,nan,nan
2000/124/0,0:53:0,,196.6,241.3,273.3,nan,nan
2000/132/0,0:53:0,,202.5,248.7,281.4,nan,nan
2001/131/0,0:53:0,,207.1,254.2,287.8,nan,nan
2001/131/0,0:53:0,,209.9,257.9,291.9,nan,nan
2001/132/0,0:53:0,,210.7,258.7,292.7,nan,nan
2001/131/0,0:53:0,,209.2,256.8,290.8,nan,nan
2000/130/0,0:53:0,,208.0,255.3,288.9,nan,nan
2000/133/0,0:53:0,,205.5,251.9,285.2,nan,nan
2000/128/0,0:53:0,,201.5,247.0,279.4,nan,nan
2000/125/0,0:53:0,,196.5,241.1,272.9,nan,nan
2000/125/0,0:53:0,,191.6,235.4,266.6,nan,nan
2000/126/0,0:53:0,,189.8,233.0,263.9,nan,nan
2000/129/0,0:53:0,,199.7,245.2,277.3,nan,nan
2000/130/0,0:53:0,,205.0,251.4,284.5,nan,nan
2001/136/0,0:53:0,,212.0,260.1,294.2,nan,nan
2001/137/0,0:53:0,,212.3,260.7,295.2,nan,nan
2001/138/0,0:53:0,,215.4,264.4,299.4,nan,nan
2001/138/0,0:53:0,,214.6,263.3,298.3,nan,nan
2001/137/0,0:53:0,,215.7,264.7,299.7,nan,nan
2001/135/0,0:53:0,,214.0,262.5,297.2,nan,nan
2001/136/0,0:53:0,,213.0,261.0,295.3,nan,nan
2001/134/0,0:53:0,,212.8,260.8,295.0,nan,nan
2001/137/0,0:53:0,,213.9,262.5,297.2,nan,nan
2001/139/0,0:53:0,,216.5,265.5,300.5,nan,nan
2001/140/0,0:53:0,,216.8,265.8,300.8,nan,nan
2001/134/0,0:53:0,,215.0,263.8,298.7,nan,nan
2001/131/0,0:53:0,,210.9,258.9,292.9,nan,nan
2001/135/0,0:53:0,,211.2,259.1,293.1,nan,nan
2001/136/0,0:53:0,,214.0,262.6,297.5,nan,nan
2001/133/0,0:53:0,,212.1,260.1,294.1,nan,nan
2000/124/0,0:53:0,,205.7,252.6,285.9,nan,nan
2000/125/0,0:53:0,,196.3,241.0,272.9,nan,nan
2000/125/0,0:53:0,,196.8,241.8,273.8,nan,nan
2000/128/0,0:53:0,,197.6,242.6,274.6,nan,nan
2000/132/0,0:53:0,,202.2,248.0,280.7,nan,nan
2000/133/0,0:53:0,,202.6,248.4,281.0,nan,nan
2001/133/0,0:53:0,,209.5,257.1,290.9,nan,nan
2001/137/0,0:53:0,,213.5,262.0,296.6,nan,nan
2001/137/0,0:53:0,,216.0,265.0,300.0,nan,nan
2001/133/0,0:53:0,,214.2,263.0,297.8,nan,nan
2000/131/0,0:53:0,,210.3,258.0,292.0,nan,nan
2000/129/0,0:53:0,,200.7,246.4,279.0,nan,nan
2000/124/0,0:53:0,,199.6,245.0,277.6,nan,nan
2000/126/0,0:53:0,,196.4,240.8,272.8,nan,nan
2000/128/0,0:53:0,,197.2,242.2,274.0,nan,nan
2000/134/0,0:53:0,,200.1,245.4,277.8,nan,nan
2001/139/0,0:53:0,,214.0,262.5,297.1,nan,nan
2001/140/0,0:53:0,,217.6,267.1,302.1,nan,nan
2001/140/0,0:53:0,,218.4,268.4,303.8,nan,nan
2001/136/0,0:53:0,,215.9,265.0,300.0,nan,nan
2001/134/0,0:53:0,,211.7,259.8,294.0,nan,nan
2000/128/0,0:53:0,,208.5,256.1,289.7,nan,nan
2000/126/0,0:53:0,,199.0,244.1,276.1,nan,nan
2000/128/0,0:53:0,,198.6,243.6,275.6,nan,nan
2000/129/0,0:53:0,,201.5,247.5,280.2,nan,nan
2000/125/0,0:53:0,,201.4,247.1,279.8,nan,nan
2000/126/0,0:53:0,,194.8,238.9,270.5,nan,nan
2000/127/0,0:53:0,,200.7,246.3,278.7,nan,nan
2000/125/0,0:53:0,,198.8,243.8,275.8,nan,nan
2000/123/0,0:53:0,,196.4,241.1,273.1,nan,nan
2000/128/0,0:53:0,,197.1,241.8,273.8,nan,nan
2000/128/0,0:53:0,,199.7,245.0,277.0,nan,nan
2000/126/0,0:53:0,,198.1,243.2,275.2,nan,nan
2000/127/0,0:53:0,,199.1,244.1,276.1,nan,nan
2000/128/0,0:53:0,,199.3,244.3,276.3,nan,nan
2000/127/0,0:53:0,,199.5,244.6,276.6,nan,nan
2000/120/0,0:53:0,,187.3,229.9,260.2,nan,nan
2000/121/0,0:53:0,,189.1,232.3,262.7,nan,nan
2000/122/0,0:53:0,,187.3,230.2,260.2,nan,nan
2000/121/0,0:53:0,,186.7,229.3,259.4,nan,nan
2000/128/0,0:53:0,,193.3,237.3,268.6,nan,nan
2000/133/0,0:53:0,,202.2,248.4,281.0,nan,nan
2000/126/0,0:53:0,,199.1,244.3,276.4,nan,nan
2000/125/0,0:53:0,,196.6,241.6,273.6,nan,nan
2000/131/0,0:53:0,,198.4,243.7,275.9,nan,nan
2000/119/0,0:53:0,,198.7,243.9,275.9,nan,nan
2000/112/0,0:53:0,,178.5,219.1,248.1,nan,nan
2000/108/0,0:53:0,,170.9,209.6,237.2,nan,nan
2000/100/0,0:53:0,,159.5,195.9,221.5,nan,nan
2000/114/0,0:53:0,,169.0,207.6,235.0,nan,nan
2000/121/0,0:53:0,,186.6,229.2,259.3,nan,nan
2000/108/0,0:53:0,,179.0,219.7,248.5,nan,nan
2000/105/0,0:53:0,,167.6,205.7,232.8,nan,nan
2000/101/0,0:53:0,,158.9,195.0,220.6,nan,nan
2000/114/0,0:53:0,,167.9,206.0,233.0,nan,nan
2000/117/0,0:53:0,,182.5,223.9,253.5,nan,nan
2000/121/0,0:53:0,,185.7,228.0,258.0,nan,nan
2000/123/0,0:53:0,,188.2,231.1,261.7,nan,nan
2000/125/0,0:53:0,,189.9,233.0,263.9,nan,nan
2000/125/0,0:53:0,,191.1,234.7,265.7,nan,nan
2000/122/0,0:53:0,,191.4,234.9,265.9,nan,nan
2000/120/0,0:53:0,,189.1,232.1,262.8,nan,nan
2000/123/0,0:53:0,,188.8,231.8,262.6,nan,nan
2000/121/0,0:53:0,,187.5,230.4,260.6,nan,nan
2000/120/0,0:53:0,,186.1,228.3,258.3,nan,nan
2000/119/0,0:53:0,,183.5,225.1,254.8,nan,nan
2000/114/0,0:53:0,,186.4,228.9,258.9,nan,nan
2000/117/0,0:53:0,,181.2,222.3,251.4,nan,nan
2000/118/0,0:53:0,,183.2,225.1,255.1,nan,nan
2000/123/0,0:53:0,,188.1,230.6,261.0,nan,nan
2000/121/0,0:53:0,,189.2,232.1,262.8,nan,nan
2000/127/0,0:53:0,,192.9,236.8,268.0,nan,nan
2000/125/0,0:53:0,,193.3,237.3,268.5,nan,nan
2000/125/0,0:53:0,,190.4,233.5,264.5,nan,nan
2000/120/0,0:53:0,,188.9,231.8,262.4,nan,nan
2000/123/0,0:53:0,,191.1,234.6,265.7,nan,nan
2000/122/0,0:53:0,,193.2,237.1,268.1,nan,nan
2000/100/0,0:53:0,,181.3,222.4,251.6,nan,nan
2000/105/0,0:53:0,,157.3,193.3,218.5,nan,nan
2000/109/0,0:53:0,,161.2,197.9,223.9,nan,nan
2000/96/0,0:53:0,,163.0,200.3,226.7,nan,nan
2000/114/0,0:53:0,,166.1,203.8,230.6,nan,nan
2000/105/0,0:53:0,,178.9,219.6,248.7,nan,nan
2000/111/0,0:53:0,,170.1,208.6,236.1,nan,nan
2000/110/0,0:53:0,,172.4,211.7,239.7,nan,nan
2000/110/0,0:53:0,,179.6,220.3,249.3,nan,nan
2000/112/0,0:53:0,,173.9,213.4,241.6,nan,nan
2000/117/0,0:53:0,,176.4,216.4,244.9,nan,nan
2000/120/0,0:53:0,,190.6,234.0,264.7,nan,nan
2000/124/0,0:53:0,,192.0,235.7,266.7,nan,nan
2000/117/0,0:53:0,,183.1,224.6,254.3,nan,nan
2000/85/0,0:53:0,,167.9,206.2,233.4,nan,nan
2000/76/0,0:53:0,,117.7,144.8,163.7,nan,nan
2000/110/0,0:53:0,,153.4,188.2,212.9,nan,nan
2000/120/0,0:53:0,,186.1,228.4,258.6,nan,nan
2000/98/0,0:53:0,,185.3,227.4,257.6,nan,nan
2000/81/0,0:53:0,,137.7,169.2,191.4,nan,nan
2000/70/0,0:53:0,,111.6,137.2,155.1,nan,nan
2000/81/0,0:53:0,,115.8,142.2,160.8,nan,nan
2000/116/0,0:53:0,,169.9,208.6,236.1,nan,nan
2000/114/0,0:53:0,,182.4,223.7,253.3,nan,nan
2000/89/0,0:53:0,,155.7,191.1,216.2,nan,nan
2000/74/0,0:53:0,,119.1,146.5,165.7,nan,nan
2000/97/0,0:53:0,,124.9,153.5,173.5,nan,nan
2000/112/0,0:53:0,,163.2,200.4,226.8,nan,nan
2000/115/0,0:53:0,,173.5,213.0,240.9,nan,nan
2000/80/0,0:53:0,,151.4,185.9,210.4,nan,nan
2000/59/0,0:53:0,,95.4,117.4,132.7,nan,nan
2000/95/0,0:53:0,,120.1,147.7,167.0,nan,nan
2000/108/0,0:53:0,,164.4,201.7,228.1,nan,nan
2000/117/0,0:53:0,,181.6,222.7,252.1,nan,nan
2000/90/0,0:53:0,,164.5,201.8,228.3,nan,nan
2000/77/0,0:53:0,,126.1,154.9,175.2,nan,nan
2000/88/0,0:53:0,,118.3,145.3,164.2,nan,nan
2000/114/0,0:53:0,,155.7,191.3,216.3,nan,nan
2000/112/0,0:53:0,,175.4,215.2,243.6,nan,nan
2000/75/0,0:53:0,,155.4,191.0,216.1,nan,nan
2000/63/0,0:53:0,,99.1,121.9,137.8,nan,nan
2000/92/0,0:53:0,,111.2,136.5,154.4,nan,nan
2000/108/0,0:53:0,,154.5,189.7,214.5,nan,nan
2000/119/0,0:53:0,,177.6,218.0,246.8,nan,nan
2000/118/0,0:53:0,,187.3,229.8,260.1,nan,nan
2000/112/0,0:53:0,,176.1,216.2,244.5,nan,nan
2000/97/0,0:53:0,,159.3,195.6,221.4,nan,nan
2000/103/0,0:53:0,,156.1,191.7,216.5,nan,nan
2000/105/0,0:53:0,,161.9,198.7,224.7,nan,nan
2000/107/0,0:53:0,,165.9,203.6,230.5,nan,nan
2000/109/0,0:53:0,,168.1,206.5,233.5,nan,nan
2000/111/0,0:53:0,,171.8,210.8,238.8,nan,nan
2000/110/0,0:53:0,,175.1,214.9,242.9,nan,nan
2000/113/0,0:53:0,,178.0,218.3,247.2,nan,nan
2000/116/0,0:53:0,,178.9,219.7,248.7,nan,nan
2000/116/0,0:53:0,,183.2,224.7,254.2,nan,nan
2000/123/0,0:53:0,,186.4,229.0,259.1,nan,nan
2000/124/0,0:53:0,,193.5,237.5,268.9,nan,nan
2000/124/0,0:53:0,,197.4,242.4,274.4,nan,nan
2000/120/0,0:53:0,,193.1,237.2,268.5,nan,nan
2000/120/0,0:53:0,,191.8,235.4,266.4,nan,nan
2000/124/0,0:53:0,,193.1,237.1,268.5,nan,nan
2000/127/0,0:53:0,,196.6,241.1,272.9,nan,nan
2000/131/0,0:53:0,,201.2,246.8,279.3,nan,nan
2000/130/0,0:53:0,,202.9,248.9,281.9,nan,nan
2000/129/0,0:53:0,,201.5,247.5,280.2,nan,nan
2000/130/0,0:53:0,,202.3,248.2,281.0,nan,nan
2000/134/0,0:53:0,,205.0,251.6,284.6,nan,nan
2001/131/0,0:53:0,,207.7,254.7,288.7,nan,nan
2000/134/0,0:53:0,,207.9,254.9,288.8,nan,nan
2000/133/0,0:53:0,,205.5,252.3,285.3,nan,nan
2000/133/0,0:53:0,,205.2,251.8,284.9,nan,nan
2001/131/0,0:53:0,,207.3,254.4,288.1,nan,nan
2001/131/0,0:53:0,,209.0,256.5,290.5,nan,nan
2001/131/0,0:53:0,,209.1,257.1,291.1,nan,nan
2001/133/0,0:53:0,,210.4,258.4,292.4,nan,nan
2001/134/0,0:53:0,,211.2,259.2,293.2,nan,nan
2001/135/0,0:53:0,,212.6,260.6,294.6,nan,nan
2001/136/0,0:53:0,,213.9,262.6,297.3,nan,nan
2001/136/0,0:53:0,,213.8,261.9,296.7,nan,nan
2001/131/0,0:53:0,,211.5,259.5,293.7,nan,nan
2001/131/0,0:53:0,,208.8,255.9,289.9,nan,nan
2001/133/0,0:53:0,,209.9,257.9,291.9,nan,nan
2001/134/0,0:53:0,,211.6,259.6,293.6,nan,nan
2001/135/0,0:53:0,,212.0,260.0,294.0,nan,nan
2001/134/0,0:53:0,,212.5,260.5,294.5,nan,nan
2001/136/0,0:53:0,,213.2,261.2,295.6,nan,nan
2001/136/0,0:53:0,,213.9,262.2,297.1,nan,nan
2001/136/0,0:53:0,,214.3,263.3,298.3,nan,nan
2001/136/0,0:53:0,,214.0,263.0,298.0,nan,nan
2001/135/0,0:53:0,,213.7,261.8,296.5,nan,nan
2001/135/0,0:53:0,,213.5,261.5,296.0,nan,nan
2001/133/0,0:53:0,,212.0,260.0,294.0,nan,nan
2001/132/0,0:53:0,,210.6,258.6,292.6,nan,nan
2000/133/0,0:53:0,,208.8,256.5,290.4,nan,nan
2000/135/0,0:53:0,,204.2,250.5,283.6,nan,nan
2000/125/0,0:53:0,,197.8,242.7,274.9,nan,nan
2000/124/0,0:53:0,,193.8,237.8,269.3,nan,nan
2000/124/0,0:53:0,,195.9,239.9,271.9,nan,nan
2000/134/0,0:53:0,,202.3,248.3,281.0,nan,nan
2000/131/0,0:53:0,,206.0,252.7,286.3,nan,nan
2000/135/0,0:53:0,,206.1,252.9,286.5,nan,nan
2000/128/0,0:53:0,,204.1,250.4,283.6,nan,nan
2000/125/0,0:53:0,,197.7,242.7,274.7,nan,nan
2000/121/0,0:53:0,,195.6,240.1,271.9,nan,nan
2000/113/0,0:53:0,,183.8,225.4,255.1,nan,nan
2000/110/0,0:53:0,,174.9,214.7,243.0,nan,nan
2000/116/0,0:53:0,,180.7,221.4,250.5,nan,nan
2000/115/0,0:53:0,,181.1,222.1,251.1,nan,nan
2000/124/0,0:53:0,,183.4,225.1,254.8,nan,nan
2000/123/0,0:53:0,,187.5,229.9,260.0,nan,nan
2000/125/0,0:53:0,,188.6,231.6,262.1,nan,nan
2000/122/0,0:53:0,,188.1,230.8,261.0,nan,nan
2000/118/0,0:53:0,,184.8,227.0,257.0,nan,nan
2000/116/0,0:53:0,,183.9,225.8,255.7,nan,nan
2000/116/0,0:53:0,,180.0,221.0,250.0,nan,nan
2000/114/0,0:53:0,,178.6,219.0,247.9,nan,nan
2000/106/0,0:53:0,,174.7,214.4,242.5,nan,nan
2000/111/0,0:53:0,,169.6,208.4,236.1,nan,nan
2000/110/0,0:53:0,,170.8,209.8,237.7,nan,nan
2000/109/0,0:53:0,,171.8,211.0,238.7,nan,nan
2000/113/0,0:53:0,,175.5,215.3,243.6,nan,nan
2000/121/0,0:53:0,,181.0,222.1,251.4,nan,nan
2000/122/0,0:53:0,,188.7,231.7,262.1,nan,nan
2000/118/0,0:53:0,,185.2,227.4,257.4,nan,nan
2000/117/0,0:53:0,,180.5,221.7,251.1,nan,nan
2000/115/0,0:53:0,,179.2,219.9,248.8,nan,nan
2000/115/0,0:53:0,,179.5,220.3,249.2,nan,nan
2000/109/0,0:53:0,,171.7,211.1,238.7,nan,nan
2000/113/0,0:53:0,,170.0,208.5,235.9,nan,nan
2000/114/0,0:53:0,,170.3,209.1,236.7,nan,nan
2000/110/0,0:53:0,,174.0,213.5,241.5,nan,nan
2000/114/0,0:53:0,,174.0,213.3,241.5,nan,nan
2000/117/0,0:53:0,,176.7,216.7,245.2,nan,nan
2000/120/0,0:53:0,,183.9,225.9,255.9,nan,nan
2000/125/0,0:53:0,,187.8,230.2,260.6,nan,nan
2000/117/0,0:53:0,,186.4,228.5,258.6,nan,nan
2000/108/0,0:53:0,,181.8,223.1,252.4,nan,nan
2000/91/0,0:53:0,,131.7,161.7,182.7,nan,nan
2000/115/0,0:53:0,,166.1,203.8,230.7,nan,nan
2000/130/0,0:53:0,,195.1,239.3,270.9,nan,nan
2000/118/0,0:53:0,,199.5,244.9,277.2,nan,nan
2000/90/0,0:53:0,,164.0,201.4,227.9,nan,nan
2000/87/0,0:53:0,,135.1,165.9,187.6,nan,nan
2000/97/0,0:53:0,,144.2,177.2,200.4,nan,nan
2000/120/0,0:53:0,,171.3,210.1,237.8,nan,nan
2000/124/0,0:53:0,,193.3,237.3,268.8,nan,nan
2000/103/0,0:53:0,,181.1,222.4,251.6,nan,nan
2000/85/0,0:53:0,,133.8,164.3,185.8,nan,nan
2000/93/0,0:53:0,,130.5,160.2,181.3,nan,nan
2000/112/0,0:53:0,,163.4,200.6,227.0,nan,nan
2000/120/0,0:53:0,,187.6,230.3,260.5,nan,nan
2000/108/0,0:53:0,,183.7,225.4,255.1,nan,nan
2000/84/0,0:53:0,,129.6,159.2,179.9,nan,nan
2000/97/0,0:53:0,,132.6,162.8,184.3,nan,nan
2000/122/0,0:53:0,,172.9,212.2,240.1,nan,nan
2000/124/0,0:53:0,,192.9,236.7,268.0,nan,nan
2000/83/0,0:53:0,,163.2,200.1,226.4,nan,nan
2000/92/0,0:53:0,,120.8,148.3,167.6,nan,nan
2000/104/0,0:53:0,,151.0,185.7,210.0,nan,nan
2000/124/0,0:53:0,,179.9,220.6,249.6,nan,nan
2000/126/0,0:53:0,,192.6,236.5,267.8,nan,nan
2000/105/0,0:53:0,,190.4,233.7,264.7,nan,nan
2000/102/0,0:53:0,,149.6,183.7,207.8,nan,nan
2000/115/0,0:53:0,,173.3,212.8,240.7,nan,nan
2000/105/0,0:53:0,,178.6,219.2,247.9,nan,nan
2000/111/0,0:53:0,,167.5,205.6,232.7,nan,nan
2000/124/0,0:53:0,,182.7,224.1,253.7,nan,nan
2000/125/0,0:53:0,,192.9,236.8,268.0,nan,nan
2000/113/0,0:53:0,,188.4,231.3,261.7,nan,nan
2000/125/0,0:53:0,,183.6,225.4,255.1,nan,nan
2000/123/0,0:53:0,,194.4,238.4,269.9,nan,nan
2000/123/0,0:53:0,,191.8,235.4,266.4,nan,nan
2000/123/0,0:53:0,,187.4,230.1,260.6,nan,nan
2000/122/0,0:53:0,,188.9,231.8,262.3,nan,nan
2000/126/0,0:53:0,,198.3,243.2,275.2,nan,nan
2000/126/0,0:53:0,,198.1,243.1,275.1,nan,nan
2000/129/0,0:53:0,,198.9,244.1,276.2,nan,nan
2000/115/0,0:53:0,,197.3,242.1,274.1,nan,nan
2000/106/0,0:53:0,,170.5,209.3,237.0,nan,nan
2000/109/0,0:53:0,,168.7,207.4,234.4,nan,nan
2000/111/0,0:53:0,,172.3,211.7,239.5,nan,nan
2000/121/0,0:53:0,,185.5,227.7,257.9,nan,nan
2000/124/0,0:53:0,,196.8,241.2,273.2,nan,nan
2000/121/0,0:53:0,,196.5,241.2,273.1,nan,nan
2000/125/0,0:53:0,,191.9,235.9,266.9,nan,nan
2000/122/0,0:53:0,,190.5,233.6,264.5,nan,nan
2000/114/0,0:53:0,,179.1,220.0,249.1,nan,nan
2000/101/0,0:53:0,,180.7,221.8,251.0,nan,nan
2000/82/0,0:53:0,,138.8,170.4,192.7,nan,nan
2000/103/0,0:53:0,,139.7,171.6,194.1,nan,nan
2000/115/0,0:53:0,,170.7,209.6,237.3,nan,nan
2000/117/0,0:53:0,,181.7,222.8,252.4,nan,nan
2000/122/0,0:53:0,,185.6,227.6,257.6,nan,nan
2000/83/0,0:53:0,,151.1,185.3,209.5,nan,nan
2000/95/0,0:53:0,,133.1,163.6,184.9,nan,nan
2000/112/0,0:53:0,,157.3,193.2,218.7,nan,nan
2000/125/0,0:53:0,,183.7,225.7,255.4,nan,nan
2000/100/0,0:53:0,,181.9,223.5,253.0,nan,nan
2000/81/0,0:53:0,,133.4,163.9,185.3,nan,nan
2000/90/0,0:53:0,,135.8,167.0,188.9,nan,nan
2000/113/0,0:53:0,,152.5,187.4,212.0,nan,nan
2000/119/0,0:53:0,,181.1,222.4,251.9,nan,nan
2000/71/0,0:53:0,,145.8,178.9,202.4,nan,nan
2000/91/0,0:53:0,,136.5,167.8,189.6,nan,nan
2000/97/0,0:53:0,,125.6,154.4,174.4,nan,nan
2000/122/0,0:53:0,,180.3,221.3,250.4,nan,nan
2000/123/0,0:53:0,,195.3,239.6,271.6,nan,nan
2000/100/0,0:53:0,,173.4,212.9,241.0,nan,nan
2000/81/0,0:53:0,,133.6,164.1,185.5,nan,nan
2000/85/0,0:53:0,,122.7,150.6,170.3,nan,nan
2000/100/0,0:53:0,,138.2,169.7,192.1,nan,nan
2000/120/0,0:53:0,,172.8,212.1,239.9,nan,nan
2000/105/0,0:53:0,,177.2,217.5,246.1,nan,nan
2000/80/0,0:53:0,,132.4,162.5,183.9,nan,nan
2000/85/0,0:53:0,,126.2,155.0,175.1,nan,nan
2000/93/0,0:53:0,,134.7,165.7,187.4,nan,nan
2000/116/0,0:53:0,,171.8,210.9,238.6,nan,nan
2000/102/0,0:53:0,,181.8,223.0,252.2,nan,nan
2000/80/0,0:53:0,,145.9,179.3,202.9,nan,nan
2000/77/0,0:53:0,,124.8,153.2,173.2,nan,nan
2000/109/0,0:53:0,,143.8,176.7,199.9,nan,nan
2000/112/0,0:53:0,,172.4,211.7,239.7,nan,nan
2000/111/0,0:53:0,,172.3,211.5,239.4,nan,nan
2000/68/0,0:53:0,,129.0,158.3,179.0,nan,nan
2000/94/0,0:53:0,,123.4,151.8,171.5,nan,nan
2000/100/0,0:53:0,,157.1,192.9,218.3,nan,nan
2000/116/0,0:53:0,,174.6,214.2,242.3,nan,nan
2000/113/0,0:53:0,,180.7,221.7,250.8,nan,nan
2000/112/0,0:53:0,,179.5,220.1,249.2,nan,nan
2000/97/0,0:53:0,,155.3,190.5,215.5,nan,nan
2000/97/0,0:53:0,,147.5,180.7,204.7,nan,nan
2000/110/0,0:53:0,,170.4,209.1,236.6,nan,nan
2000/104/0,0:53:0,,165.2,202.9,229.6,nan,nan
2000/114/0,0:53:0,,166.8,204.8,231.9,nan,nan
2000/110/0,0:53:0,,170.5,209.4,237.2,nan,nan
2000/102/0,0:53:0,,159.4,195.6,221.2,nan,nan
2000/103/0,0:53:0,,154.9,190.1,215.1,nan,nan
2000/116/0,0:53:0,,171.4,210.4,238.1,nan,nan
2000/124/0,0:53:0,,189.6,232.6,263.3,nan,nan
2000/121/0,0:53:0,,191.0,234.5,265.4,nan,nan
2000/115/0,0:53:0,,183.9,225.6,255.4,nan,nan
2000/120/0,0:53:0,,186.4,228.4,258.4,nan,nan
2000/117/0,0:53:0,,185.1,227.0,257.0,nan,nan
2000/117/0,0:53:0,,185.5,227.8,257.9,nan,nan
2000/121/0,0:53:0,,185.6,227.8,257.8,nan,nan
2000/120/0,0:53:0,,189.8,233.0,263.9,nan,nan
2000/120/0,0:53:0,,192.1,236.1,267.1,nan,nan
2000/120/0,0:53:0,,188.9,232.0,262.5,nan,nan
2000/119/0,0:53:0,,186.0,228.2,258.2,nan,nan
2000/121/0,0:53:0,,185.1,227.1,257.1,nan,nan
2000/121/0,0:53:0,,187.5,230.5,260.5,nan,nan
2000/125/0,0:53:0,,189.3,232.5,263.1,nan,nan
2000/124/0,0:53:0,,191.0,234.4,265.4,nan,nan
2000/125/0,0:53:0,,191.3,234.8,265.8,nan,nan
2000/125/0,0:53:0,,191.3,234.9,265.9,nan,nan
2000/125/0,0:53:0,,190.8,234.3,265.3,nan,nan
2000/128/0,0:53:0,,196.7,241.4,273.2,nan,nan
2000/131/0,0:53:0,,201.5,247.5,280.5,nan,nan
2000/132/0,0:53:0,,202.6,248.6,281.6,nan,nan
2000/132/0,0:53:0,,203.6,249.6,282.6,nan,nan
2000/133/0,0:53:0,,203.5,249.6,282.6,nan,nan
2000/133/0,0:53:0,,204.8,251.2,284.2,nan,nan
2000/135/0,0:53:0,,206.7,253.7,287.4,nan,nan
2000/133/0,0:53:0,,205.1,251.7,284.7,nan,nan
2000/131/0,0:53:0,,203.9,249.9,282.9,nan,nan
2000/131/0,0:53:0,,202.0,248.0,281.0,nan,nan
2000/133/0,0:53:0,,203.6,249.6,282.6,nan,nan
2000/135/0,0:53:0,,206.2,253.1,286.6,nan,nan
2000/130/0,0:53:0,,207.5,254.5,288.5,nan,nan
2000/130/0,0:53:0,,208.6,255.6,289.6,nan,nan
2001/131/0,0:53:0,,208.9,256.6,290.6,nan,nan
2001/132/0,0:53:0,,209.3,257.3,291.3,nan,nan
2001/133/0,0:53:0,,210.6,258.6,292.6,nan,nan
2001/133/0,0:53:0,,211.8,259.8,293.8,nan,nan
2001/132/0,0:53:0,,208.3,255.8,289.5,nan,nan
2001/133/0,0:53:0,,210.9,258.9,292.9,nan,nan
2001/135/0,0:53:0,,212.3,260.3,294.4,nan,nan
2001/134/0,0:53:0,,212.6,260.6,294.7,nan,nan
2001/132/0,0:53:0,,209.7,257.7,291.7,nan,nan
2001/136/0,0:53:0,,212.0,260.0,294.2,nan,nan
2001/136/0,0:53:0,,214.0,262.6,297.6,nan,nan
2001/136/0,0:53:0,,214.0,262.2,297.2,nan,nan
2001/135/0,0:53:0,,213.9,262.6,297.5,nan,nan
2001/134/0,0:53:0,,212.4,260.4,294.5,nan,nan
2001/134/0,0:53:0,,211.6,259.6,293.6,nan,nan
2001/133/0,0:53:0,,211.8,259.8,293.8,nan,nan
2001/132/0,0:53:0,,210.4,258.4,292.4,nan,nan
2001/131/0,0:53:0,,209.8,257.8,291.8,nan,nan
2000/135/0,0:53:0,,208.2,255.5,289.5,nan,nan
2000/133/0,0:53:0,,205.7,252.6,285.6,nan,nan
2000/128/0,0:53:0,,200.4,246.2,278.6,nan,nan
2000/127/0,0:53:0,,199.5,244.5,276.5,nan,nan
2000/126/0,0:53:0,,198.2,243.2,275.2,nan,nan
2000/123/0,0:53:0,,196.1,240.8,272.8,nan,nan
2000/124/0,0:53:0,,191.8,235.5,266.5,nan,nan
2000/126/0,0:53:0,,194.1,238.1,269.7,nan,nan
2000/124/0,0:53:0,,198.6,243.9,275.9,nan,nan
2000/122/0,0:53:0,,196.1,240.9,272.8,nan,nan
2000/122/0,0:53:0,,191.5,235.2,266.1,nan,nan
2000/123/0,0:53:0,,190.1,233.3,264.3,nan,nan
2000/123/0,0:53:0,,191.8,235.6,266.7,nan,nan
2000/122/0,0:53:0,,195.6,239.8,271.5,nan,nan
2000/128/0,0:53:0,,195.5,239.9,271.6,nan,nan
2000/125/0,0:53:0,,198.6,243.8,275.9,nan,nan
2000/126/0,0:53:0,,197.3,242.3,274.3,nan,nan
2000/120/0,0:53:0,,194.0,238.3,269.7,nan,nan
2000/124/0,0:53:0,,192.9,236.8,268.1,nan,nan
2000/127/0,0:53:0,,196.5,241.2,273.2,nan,nan
2000/127/0,0:53:0,,199.4,244.7,276.7,nan,nan
2000/123/0,0:53:0,,192.9,236.8,268.1,nan,nan
2000/117/0,0:53:0,,182.9,224.5,254.1,nan,nan
2000/105/0,0:53:0,,172.3,211.7,239.7,nan,nan
2000/104/0,0:53:0,,159.1,195.4,220.7,nan,nan
2000/110/0,0:53:0,,160.4,197.0,222.8,nan,nan
2000/113/0,0:53:0,,174.0,213.4,241.5,nan,nan
2000/107/0,0:53:0,,177.1,217.5,246.2,nan,nan
2000/96/0,0:53:0,,162.3,199.0,225.1,nan,nan
2000/92/0,0:53:0,,147.8,181.5,205.4,nan,nan
2000/100/0,0:53:0,,151.2,186.1,210.4,nan,nan
2000/114/0,0:53:0,,171.3,210.2,237.8,nan,nan
2000/112/0,0:53:0,,178.3,218.7,247.6,nan,nan
2000/100/0,0:53:0,,166.9,204.6,231.5,nan,nan
2000/103/0,0:53:0,,162.7,199.8,226.1,nan,nan
2000/103/0,0:53:0,,164.4,201.8,228.2,nan,nan
2000/108/0,0:53:0,,163.4,200.7,227.2,nan,nan
2000/93/0,0:53:0,,157.3,193.3,218.8,nan,nan
2000/82/0,0:53:0,,131.7,161.6,182.8,nan,nan
2000/93/0,0:53:0,,123.8,152.0,172.0,nan,nan
2000/124/0,0:53:0,,168.9,207.2,234.5,nan,nan
2000/124/0,0:53:0,,194.5,238.9,270.4,nan,nan
2000/101/0,0:53:0,,174.0,213.5,241.8,nan,nan
2000/62/0,0:53:0,,105.4,129.6,146.5,nan,nan
2000/71/0,0:53:0,,106.3,130.8,147.7,nan,nan
2000/110/0,0:53:0,,156.9,192.8,218.2,nan,nan
2000/111/0,0:53:0,,178.6,219.0,248.0,nan,nan
2000/81/0,0:53:0,,151.5,186.2,210.8,nan,nan
2000/65/0,0:53:0,,104.4,128.3,145.0,nan,nan
2000/91/0,0:53:0,,112.1,137.8,155.7,nan,nan
2000/108/0,0:53:0,,155.8,191.3,216.3,nan,nan
2000/120/0,0:53:0,,179.7,220.3,249.4,nan,nan
2000/112/0,0:53:0,,179.8,220.5,249.6,nan,nan
2000/83/0,0:53:0,,147.1,180.9,204.6,nan,nan
2000/75/0,0:53:0,,115.6,142.3,160.9,nan,nan
2000/104/0,0:53:0,,150.6,184.8,209.2,nan,nan
2000/114/0,0:53:0,,171.7,210.7,238.5,nan,nan
2000/107/0,0:53:0,,178.4,218.9,247.8,nan,nan
2000/81/0,0:53:0,,142.8,175.2,198.3,nan,nan
2000/73/0,0:53:0,,117.4,144.1,163.0,nan,nan
2000/105/0,0:53:0,,131.8,161.8,182.9,nan,nan
2000/120/0,0:53:0,,176.2,216.3,244.7,nan,nan
2000/122/0,0:53:0,,188.7,231.6,262.0,nan,nan
2000/80/0,0:53:0,,147.4,181.0,204.8,nan,nan
2000/78/0,0:53:0,,121.2,148.9,168.1,nan,nan
2000/98/0,0:53:0,,131.3,161.3,182.5,nan,nan
2000/112/0,0:53:0,,168.1,206.3,233.6,nan,nan
2000/110/0,0:53:0,,179.3,219.9,248.8,nan,nan
2000/90/0,0:53:0,,169.1,207.6,234.9,nan,nan
2000/81/0,0:53:0,,132.2,162.5,183.8,nan,nan
2000/106/0,0:53:0,,143.7,176.5,199.7,nan,nan
2000/121/0,0:53:0,,182.2,223.4,252.8,nan,nan
2000/122/0,0:53:0,,189.6,232.6,263.4,nan,nan
2000/94/0,0:53:0,,171.8,210.8,238.6,nan,nan
2000/84/0,0:53:0,,134.2,164.7,186.3,nan,nan
2000/114/0,0:53:0,,153.8,188.9,213.7,nan,nan
2000/125/0,0:53:0,,190.5,233.9,264.8,nan,nan
2000/123/0,0:53:0,,197.2,242.1,274.1,nan,nan
2000/87/0,0:53:0,,156.5,192.2,217.6,nan,nan
2000/93/0,0:53:0,,130.4,160.2,180.9,nan,nan
2000/109/0,0:53:0,,157.6,193.5,218.9,nan,nan
2000/126/0,0:53:0,,186.4,228.7,258.9,nan,nan
2000/130/0,0:53:0,,205.6,252.2,285.7,nan,nan
2001/131/0,0:53:0,,208.6,255.7,289.7,nan,nan
2000/120/0,0:53:0,,194.7,239.1,270.6,nan,nan
2000/117/0,0:53:0,,182.9,224.2,254.1,nan,nan
2000/117/0,0:53:0,,183.0,224.0,254.0,nan,nan
2000/121/0,0:53:0,,184.5,226.4,256.4,nan,nan
2000/120/0,0:53:0,,187.6,230.2,260.7,nan,nan
2000/112/0,0:53:0,,188.6,231.7,262.3,nan,nan
2000/104/0,0:53:0,,168.5,206.7,233.8,nan,nan
2000/102/0,0:53:0,,162.2,199.2,225.2,nan,nan
2000/112/0,0:53:0,,168.8,207.1,234.4,nan,nan
2000/111/0,0:53:0,,176.9,217.1,245.9,nan,nan
2000/111/0,0:53:0,,179.6,220.6,249.8,nan,nan
2000/102/0,0:53:0,,166.8,204.7,231.8,nan,nan
2000/101/0,0:53:0,,161.7,198.7,224.7,nan,nan
2000/114/0,0:53:0,,173.6,213.2,241.4,nan,nan
2000/120/0,0:53:0,,183.5,225.2,254.9,nan,nan
2000/116/0,0:53:0,,188.3,231.0,261.4,nan,nan
2000/93/0,0:53:0,,151.9,186.7,211.1,nan,nan
2000/114/0,0:53:0,,159.2,195.4,221.2,nan,nan
2000/121/0,0:53:0,,179.4,220.2,249.1,nan,nan
2000/128/0,0:53:0,,195.5,240.1,271.6,nan,nan
2000/97/0,0:53:0,,182.6,224.2,253.8,nan,nan
2000/90/0,0:53:0,,144.4,177.2,200.4,nan,nan
2000/108/0,0:53:0,,148.8,182.7,206.7,nan,nan
2000/121/0,0:53:0,,182.9,224.4,253.9,nan,nan
2000/128/0,0:53:0,,199.1,244.1,276.1,nan,nan
2000/119/0,0:53:0,,191.5,235.0,266.1,nan,nan
2000/105/0,0:53:0,,170.4,209.1,236.7,nan,nan
2000/105/0,0:53:0,,163.6,200.7,227.0,nan,nan
2000/114/0,0:53:0,,169.0,207.4,234.8,nan,nan
2000/125/0,0:53:0,,183.8,225.8,255.3,nan,nan
2000/126/0,0:53:0,,195.4,239.7,271.2,nan,nan
2000/119/0,0:53:0,,190.1,233.4,264.2,nan,nan
2000/112/0,0:53:0,,176.1,216.0,244.6,nan,nan
2000/109/0,0:53:0,,171.9,210.8,238.6,nan,nan
2000/114/0,0:53:0,,171.6,210.4,238.2,nan,nan
2000/113/0,0:53:0,,177.7,218.0,246.6,nan,nan
2000/103/0,0:53:0,,166.8,204.6,231.5,nan,nan
2000/103/0,0:53:0,,160.9,197.6,223.4,nan,nan
2000/101/0,0:53:0,,159.7,196.5,222.4,nan,nan
2000/106/0,0:53:0,,163.0,200.2,226.6,nan,nan
2000/94/0,0:53:0,,174.6,214.3,242.5,nan,nan
2000/86/0,0:53:0,,136.1,167.4,189.5,nan,nan
2000/90/0,0:53:0,,141.1,173.4,196.0,nan,nan
2000/124/0,0:53:0,,174.8,214.5,242.7,nan,nan
2000/130/0,0:53:0,,199.4,244.7,277.0,nan,nan
2000/124/0,0:53:0,,200.6,246.5,279.1,nan,nan
2000/93/0,0:53:0,,158.6,194.6,220.1,nan,nan
2000/92/0,0:53:0,,140.2,172.3,194.9,nan,nan
2000/105/0,0:53:0,,151.7,186.2,210.8,nan,nan
2000/121/0,0:53:0,,176.0,215.9,244.3,nan,nan
2000/124/0,0:53:0,,193.1,236.9,268.1,nan,nan
2000/128/0,0:53:0,,197.5,242.7,274.7,nan,nan
2000/121/0,0:53:0,,194.0,238.0,269.4,nan,nan
2000/128/0,0:53:0,,196.9,241.5,273.3,nan,nan
2000/126/0,0:53:0,,199.2,244.2,276.2,nan,nan
2000/130/0,0:53:0,,200.0,245.6,278.0,nan,nan
2000/132/0,0:53:0,,203.8,249.8,282.8,nan,nan
2000/135/0,0:53:0,,205.3,251.7,285.0,nan,nan
2000/133/0,0:53:0,,205.8,252.6,285.7,nan,nan
2000/131/0,0:53:0,,204.9,251.2,284.2,nan,nan
2000/126/0,0:53:0,,200.0,245.3,277.5,nan,nan
2000/121/0,0:53:0,,195.7,240.0,271.9,nan,nan
2000/120/0,0:53:0,,192.3,236.3,267.3,nan,nan
2000/123/0,0:53:0,,194.2,238.2,269.7,nan,nan
2000/124/0,0:53:0,,196.0,240.4,272.4,nan,nan
2000/127/0,0:53:0,,198.5,243.5,275.5,nan,nan
2000/128/0,0:53:0,,200.7,246.3,278.7,nan,nan
2000/132/0,0:53:0,,202.2,248.1,280.9,nan,nan
2000/133/0,0:53:0,,204.5,250.5,283.5,nan,nan
2000/134/0,0:53:0,,205.2,251.7,284.7,nan,nan
2000/133/0,0:53:0,,205.5,252.3,285.3,nan,nan
2000/134/0,0:53:0,,205.3,252.2,285.2,nan,nan
2000/122/0,0:53:0,,199.2,244.3,276.6,nan,nan
2000/117/0,0:53:0,,184.7,226.8,256.8,nan,nan
2000/116/0,0:53:0,,181.6,222.6,251.7,nan,nan
2000/121/0,0:53:0,,183.7,225.3,254.7,nan,nan
2000/125/0,0:53:0,,192.1,235.8,266.9,nan,nan
2000/133/0,0:53:0,,202.5,248.3,281.1,nan,nan
2000/133/0,0:53:0,,202.9,249.0,282.0,nan,nan
2000/133/0,0:53:0,,203.6,249.9,282.9,nan,nan
2000/133/0,0:53:0,,204.7,251.3,284.3,nan,nan
2000/132/0,0:53:0,,204.9,251.4,284.4,nan,nan
2000/134/0,0:53:0,,205.0,251.5,284.7,nan,nan
2000/130/0,0:53:0,,206.4,253.4,286.8,nan,nan
2001/131/0,0:53:0,,208.3,255.5,289.5,nan,nan
2001/132/0,0:53:0,,209.3,257.2,291.2,nan,nan
2001/131/0,0:53:0,,208.9,256.2,290.2,nan,nan
2000/135/0,0:53:0,,208.7,255.7,289.7,nan,nan
2001/131/0,0:53:0,,208.0,255.3,289.2,nan,nan
2001/132/0,0:53:0,,209.3,256.9,290.9,nan,nan
2001/132/0,0:53:0,,210.1,258.1,292.1,nan,nan
2000/130/0,0:53:0,,208.9,256.5,290.5,nan,nan
2000/126/0,0:53:0,,204.9,251.5,284.8,nan,nan
2000/126/0,0:53:0,,196.8,241.7,273.7,nan,nan
2000/125/0,0:53:0,,198.2,243.2,275.2,nan,nan
2000/128/0,0:53:0,,198.8,243.8,275.8,nan,nan
2000/128/0,0:53:0,,200.1,245.6,277.9,nan,nan
2000/131/0,0:53:0,,202.2,248.2,281.1,nan,nan
2000/135/0,0:53:0,,205.0,251.4,284.5,nan,nan
2001/131/0,0:53:0,,208.0,255.2,289.2,nan,nan
2001/132/0,0:53:0,,209.8,257.8,291.8,nan,nan
2000/130/0,0:53:0,,209.8,257.6,291.6,nan,nan
2001/131/0,0:53:0,,208.6,256.0,290.0,nan,nan
2001/133/0,0:53:0,,210.5,258.5,292.5,nan,nan
2001/136/0,0:53:0,,212.7,260.7,294.8,nan,nan
2001/135/0,0:53:0,,213.9,262.2,297.1,nan,nan
2001/136/0,0:53:0,,213.4,261.5,296.0,nan,nan
2001/135/0,0:53:0,,212.2,260.2,294.2,nan,nan
2001/132/0,0:53:0,,210.4,258.4,292.4,nan,nan
2001/132/0,0:53:0,,209.2,256.9,290.9,nan,nan
2001/131/0,0:53:0,,209.8,257.8,291.8,nan,nan
2001/131/0,0:53:0,,209.0,256.6,290.6,nan,nan
2001/131/0,0:53:0,,208.4,255.7,289.7,nan,nan
2001/131/0,0:53:0,,209.1,257.0,291.0,nan,nan
2001/131/0,0:53:0,,209.2,257.2,291.2,nan,nan
2001/132/0,0:53:0,,210.8,258.8,292.8,nan,nan
2001/132/0,0:53:0,,210.5,258.5,292.5,nan,nan
2001/132/0,0:53:0,,209.6,257.6,291.6,nan,nan
2001/131/0,0:53:0,,209.1,256.7,290.7,nan,nan
2001/131/0,0:53:0,,208.5,255.8,289.8,nan,nan
2001/131/0,0:53:0,,208.8,256.2,290.2,nan,nan
2001/131/0,0:53:0,,208.4,255.4,289.4,nan,nan
2000/135/0,0:53:0,,207.5,254.5,288.4,nan,nan
2000/135/0,0:53:0,,207.1,254.1,287.8,nan,nan
2000/129/0,0:53:0,,203.1,249.3,282.4,nan,nan
2000/129/0,0:53:0,,200.5,246.4,278.8,nan,nan
2000/130/0,0:53:0,,202.3,248.3,281.3,nan,nan
2000/125/0,0:53:0,,200.1,245.7,278.3,nan,nan
2000/124/0,0:53:0,,196.9,241.4,273.4,nan,nan
2000/120/0,0:53:0,,193.0,236.9,268.1,nan,nan
2000/121/0,0:53:0,,187.0,229.3,259.3,nan,nan
2000/116/0,0:53:0,,183.8,225.5,255.3,nan,nan
2000/117/0,0:53:0,,183.2,224.8,254.8,nan,nan
2000/114/0,0:53:0,,179.5,220.0,249.1,nan,nan
2000/104/0,0:53:0,,168.1,206.2,233.2,nan,nan
2000/105/0,0:53:0,,164.2,201.2,227.7,nan,nan
2000/109/0,0:53:0,,168.9,207.4,234.8,nan,nan
2000/114/0,0:53:0,,172.1,211.3,239.1,nan,nan
2000/119/0,0:53:0,,180.2,220.9,250.1,nan,nan
2000/122/0,0:53:0,,187.3,229.6,259.6,nan,nan
2000/111/0,0:53:0,,179.7,220.6,249.7,nan,nan
2000/110/0,0:53:0,,175.8,215.8,243.9,nan,nan
2000/113/0,0:53:0,,175.6,215.4,243.6,nan,nan
2000/109/0,0:53:0,,171.9,211.1,238.7,nan,nan
2000/105/0,0:53:0,,167.2,205.2,232.2,nan,nan
2000/105/0,0:53:0,,166.4,204.3,231.3,nan,nan
2000/99/0,0:53:0,,155.0,190.3,215.4,nan,nan
2000/100/0,0:53:0,,154.8,190.0,215.1,nan,nan
2000/100/0,0:53:0,,159.8,196.5,222.2,nan,nan
2000/106/0,0:53:0,,162.8,200.2,226.6,nan,nan
2000/109/0,0:53:0,,166.1,203.8,230.7,nan,nan
2000/115/0,0:53:0,,174.8,214.5,242.8,nan,nan
2000/104/0,0:53:0,,168.1,206.3,233.2,nan,nan
2000/104/0,0:53:0,,164.6,202.0,228.3,nan,nan
2000/103/0,0:53:0,,168.6,206.9,234.1,nan,nan
2000/85/0,0:53:0,,138.4,169.9,192.1,nan,nan
2000/91/0,0:53:0,,142.8,175.5,198.3,nan,nan
2000/104/0,0:53:0,,163.1,200.0,226.3,nan,nan
2000/117/0,0:53:0,,172.1,211.3,239.2,nan,nan
2000/102/0,0:53:0,,177.5,217.8,246.4,nan,nan
2000/93/0,0:53:0,,148.4,182.2,206.3,nan,nan
2000/92/0,0:53:0,,139.5,171.6,193.9,nan,nan
2000/97/0,0:53:0,,147.5,181.1,204.7,nan,nan
2000/106/0,0:53:0,,157.8,193.8,219.3,nan,nan
2000/102/0,0:53:0,,169.3,207.8,235.2,nan,nan
2000/97/0,0:53:0,,155.9,191.4,216.5,nan,nan
2000/93/0,0:53:0,,151.0,185.6,210.0,nan,nan
2000/102/0,0:53:0,,156.0,191.6,216.8,nan,nan
2000/113/0,0:53:0,,174.6,214.3,242.6,nan,nan
2000/93/0,0:53:0,,169.3,207.9,235.2,nan,nan
2000/67/0,0:53:0,,134.1,164.7,186.3,nan,nan
2000/71/0,0:53:0,,100.2,123.2,139.1,nan,nan
2000/103/0,0:53:0,,138.3,169.9,192.1,nan,nan
2000/113/0,0:53:0,,168.6,206.8,234.1,nan,nan
2000/100/0,0:53:0,,160.3,197.0,222.8,nan,nan
2000/81/0,0:53:0,,143.4,176.2,199.1,nan,nan
2000/78/0,0:53:0,,123.5,151.5,171.3,nan,nan
2000/96/0,0:53:0,,133.1,163.4,184.7,nan,nan
2000/105/0,0:53:0,,163.1,200.2,226.5,nan,nan
2000/103/0,0:53:0,,171.0,209.9,237.7,nan,nan
2000/75/0,0:53:0,,146.4,179.9,203.5,nan,nan
2000/74/0,0:53:0,,105.9,130.4,147.4,nan,nan
2000/94/0,0:53:0,,131.3,161.4,182.5,nan,nan
2000/113/0,0:53:0,,168.8,207.5,234.8,nan,nan
2000/121/0,0:53:0,,188.0,230.7,261.0,nan,nan
2000/92/0,0:53:0,,177.7,218.1,246.8,nan,nan
2000/83/0,0:53:0,,134.1,164.9,186.5,nan,nan
2000/81/0,0:53:0,,120.6,148.0,167.5,nan,nan
2000/104/0,0:53:0,,140.5,172.3,195.0,nan,nan
2000/116/0,0:53:0,,171.8,210.9,238.7,nan,nan
2000/86/0,0:53:0,,145.9,179.4,203.1,nan,nan
2000/72/0,0:53:0,,112.9,138.8,156.8,nan,nan
2000/78/0,0:53:0,,109.0,133.9,151.3,nan,nan
2000/105/0,0:53:0,,148.4,182.2,206.2,nan,nan
2000/104/0,0:53:0,,173.2,212.5,240.5,nan,nan
2000/90/0,0:53:0,,155.0,190.3,215.3,nan,nan
2000/70/0,0:53:0,,125.7,154.5,174.7,nan,nan
2000/79/0,0:53:0,,110.0,135.4,153.2,nan,nan
2000/106/0,0:53:0,,147.1,180.6,204.3,nan,nan
2000/118/0,0:53:0,,179.9,220.8,250.0,nan,nan
2000/119/0,0:53:0,,188.2,230.9,261.3,nan,nan
2000/83/0,0:53:0,,133.8,164.4,185.9,nan,nan
2000/73/0,0:53:0,,112.7,138.5,156.4,nan,nan
2000/82/0,0:53:0,,119.5,146.8,165.9,nan,nan
2000/106/0,0:53:0,,153.7,188.9,213.7,nan,nan
2000/112/0,0:53:0,,175.5,215.4,243.8,nan,nan
2000/113/0,0:53:0,,175.4,215.3,243.5,nan,nan
2000/95/0,0:53:0,,155.7,191.3,216.3,nan,nan
2000/98/0,0:53:0,,150.4,184.8,209.1,nan,nan
2000/102/0,0:53:0,,154.0,189.1,214.1,nan,nan
2000/114/0,0:53:0,,171.8,210.9,238.6,nan,nan
2000/121/0,0:53:0,,184.9,226.9,256.9,nan,nan
2000/85/0,0:53:0,,152.9,187.8,212.5,nan,nan
2000/97/0,0:53:0,,128.1,157.4,177.9,nan,nan
2000/124/0,0:53:0,,173.3,212.5,240.5,nan,nan
2000/126/0,0:53:0,,194.5,238.7,270.3,nan,nan
2000/133/0,0:53:0,,202.0,247.7,280.3,nan,nan
2000/129/0,0:53:0,,202.2,248.2,280.9,nan,nan
2000/133/0,0:53:0,,203.1,249.1,282.1,nan,nan
2000/133/0,0:53:0,,204.8,250.9,283.9,nan,nan
2000/133/0,0:53:0,,204.9,250.9,283.9,nan,nan
2000/133/0,0:53:0,,204.5,250.6,283.6,nan,nan
2000/133/0,0:53:0,,203.6,249.6,282.6,nan,nan
2000/124/0,0:53:0,,200.4,246.0,278.3,nan,nan
2000/122/0,0:53:0,,193.8,237.8,268.9,nan,nan
2000/126/0,0:53:0,,194.9,239.0,270.4,nan,nan
2000/129/0,0:53:0,,200.1,245.6,277.8,nan,nan
2000/131/0,0:53:0,,203.4,249.4,282.4,nan,nan
2000/134/0,0:53:0,,206.0,252.7,286.1,nan,nan
2001/131/0,0:53:0,,208.8,256.4,290.4,nan,nan
2001/131/0,0:53:0,,208.6,255.7,289.7,nan,nan
2000/130/0,0:53:0,,208.7,255.7,289.7,nan,nan
2000/135/0,0:53:0,,207.9,254.9,288.9,nan,nan
2000/130/0,0:53:0,,208.3,255.3,289.3,nan,nan
2000/130/0,0:53:0,,208.1,255.1,289.1,nan,nan
2000/130/0,0:53:0,,208.5,255.7,289.7,nan,nan
2000/132/0,0:53:0,,206.6,253.5,287.1,nan,nan
2000/129/0,0:53:0,,203.4,249.7,282.7,nan,nan
2000/127/0,0:53:0,,199.1,244.5,276.9,nan,nan
2000/128/0,0:53:0,,198.6,243.7,275.7,nan,nan
2000/124/0,0:53:0,,196.2,240.5,272.5,nan,nan
2000/124/0,0:53:0,,194.8,239.0,270.6,nan,nan
2000/124/0,0:53:0,,195.3,239.3,271.1,nan,nan
2000/123/0,0:53:0,,193.0,237.0,268.3,nan,nan
2000/122/0,0:53:0,,193.2,237.0,268.3,nan,nan
2000/124/0,0:53:0,,194.9,239.2,270.7,nan,nan
2000/123/0,0:53:0,,196.0,240.2,272.2,nan,nan
2000/123/0,0:53:0,,192.1,235.8,266.8,nan,nan
2000/125/0,0:53:0,,190.7,234.3,265.3,nan,nan
2000/113/0,0:53:0,,184.0,225.7,255.5,nan,nan
2000/114/0,0:53:0,,178.6,219.3,248.3,nan,nan
2000/117/0,0:53:0,,181.2,222.4,251.7,nan,nan
2000/114/0,0:53:0,,180.7,221.7,251.0,nan,nan
2000/118/0,0:53:0,,181.6,222.8,252.1,nan,nan
2000/121/0,0:53:0,,188.2,230.9,261.3,nan,nan
2001/35/1,0:53:0,,247.9,304.0,344.2,nan,nan
2002/21/2,0:53:0,,437.9,536.8,614.4,nan,nan
2003/111/2,0:53:0,,621.6,761.4,877.8,nan,nan
2003/1/3,0:53:0,,741.9,908.9,1000.0,nan,nan
2003/10/3,0:53:0,,828.5,996.4,1000.0,nan,nan
2003/120/3,0:53:0,,848.2,995.9,1000.0,nan,nan
2003/148/3,0:53:0,,996.8,1000.0,1000.0,nan,nan
2003/148/3,0:53:0,,1000.0,1000.0,1000.0,nan,nan
2003/148/3,0:53:0,,1000.0,1000.0,1000.0,nan,nan
2003/148/3,0:53:0,,1000.0,1000.0,1000.0,nan,nan
2003/148/3,0:53:0,,1000.0,1000.0,1000.0,nan,nan
2003/148/3,0:53:0,,1000.0,1000.0,1000.0,nan,nan
2003/148/3,0:53:0,,1000.0,1000.0,1000.0,nan,nan
2003/148/3,0:53:0,,1000.0,1000.0,1000.0,nan,nan
2003/148/3,0:53:0,,1000.0,1000.0,1000.0,nan,nan
2003/148/3,0:53:0,,1000.0,1000.0,1000.0,nan,nan
2003/148/3,0:53:0,,1000.0,1000.0,1000.0,nan,nan
2003/148/3,0:53:0,,1000.0,1000.0,1000.0,nan,nan
2003/148/3,0:53:0,,1000.0,1000.0,1000.0,nan,nan
2003/148/3,0:53:0,,1000.0,1000.0,1000.0,nan,nan
2003/148/3,0:53:0,,1000.0,1000.0,1000.0,nan,nan
2003/148/3,0:53:0,,1000.0,1000.0,1000.0,nan,nan
2003/148/3,0:53:0,,1000.0,1000.0,1000.0,nan,nan
2003/148/3,0:53:0,,1000.0,1000.0,1000.0,nan,nan
2003/148/3,0:53:0,,1000.0,1000.0,1000.0,nan,nan
2003/148/3,0:53:0,,1000.0,1000.0,1000.0,nan,nan
2003/148/3,0:53:0,,1000.0,1000.0,1000.0,nan,nan
2003/148/3,0:53:0,,1000.0,1000.0,1000.0,nan,nan
2003/148/3,0:53:0,,1000.0,1000.0,1000.0,nan,nan
2003/148/3,0:53:0,,1000.0,1000.0,1000.0,nan,nan
2003/148/3,0:53:0,,1000.0,1000.0,1000.0,nan,nan
2003/148/3,0:53:0,,1000.0,1000.0,1000.0,nan,nan
2003/148/3,0:53:0,,1000.0,1000.0,1000.0,nan,nan
2003/148/3,0:53:0,,1000.0,1000.0,1000.0,nan,nan
2003/148/3,0:53:0,,1000.0,1000.0,1000.0,nan,nan
2003/148/3,0:53:0,,1000.0,1000.0,1000.0,nan,nan
2003/148/3,0:53:0,,1000.0,1000.0,1000.0,nan,nan
2003/148/3,0:53:0,,1000.0,1000.0,1000.0,nan,nan
2003/148/3,0:53:0,,1000.0,1000.0,1000.0,nan,nan
2003/148/3,0:53:0,,1000.0,1000.0,1000.0,nan,nan
2003/130/3,0:53:0,,985.5,1000.0,1000.0,nan,nan
2003/124/3,0:53:0,,968.2,1000.0,1000.0,nan,nan
2003/111/3,0:53:0,,954.9,1000.0,1000.0,nan,nan
2003/93/3,0:53:0,,926.2,1000.0,1000.0,nan,nan
2003/64/3,0:53:0,,884.6,1000.0,1000.0,nan,nan
2003/54/3,0:53:0,,854.1,1000.0,1000.0,nan,nan
2003/63/3,0:53:0,,855.4,1000.0,1000.0,nan,nan
2003/62/3,0:53:0,,866.1,1000.0,1000.0,nan,nan
2003/52/3,0:53:0,,853.6,1000.0,1000.0,nan,nan
2003/161/2,0:53:0,,798.6,970.9,1000.0,nan,nan
2003/155/2,0:53:0,,755.1,924.7,1000.0,nan,nan
2003/148/2,0:53:0,,745.1,912.4,1000.0,nan,nan
2003/145/2,0:53:0,,740.3,906.9,1000.0,nan,nan
2003/136/2,0:53:0,,732.2,896.8,1000.0,nan,nan
2003/102/2,0:53:0,,697.2,853.9,981.7,nan,nan
2003/90/2,0:53:0,,656.5,804.4,935.9,nan,nan
2003/95/2,0:53:0,,652.9,799.9,916.2,nan,nan
2003/101/2,0:53:0,,666.9,817.0,936.4,nan,nan
2003/103/2,0:53:0,,667.4,817.7,930.3,nan,nan
2002/68/2,0:53:0,,649.4,795.6,913.3,nan,nan
2002/58/2,0:53:0,,607.4,744.0,850.3,nan,nan
2002/49/2,0:53:0,,593.7,727.4,829.8,nan,nan
2002/43/2,0:53:0,,583.5,715.0,816.8,nan,nan
2002/32/2,0:53:0,,561.4,687.7,786.8,nan,nan
2002/28/2,0:53:0,,552.2,676.4,772.4,nan,nan
2002/16/2,0:53:0,,537.0,658.0,748.4,nan,nan
2002/13/2,0:53:0,,532.7,652.5,741.9,nan,nan
2002/12/2,0:53:0,,529.7,648.8,735.5,nan,nan
2002/154/1,0:53:0,,515.1,631.1,715.7,nan,nan
2002/158/1,0:53:0,,498.6,610.9,692.2,nan,nan
2002/129/1,0:53:0,,462.9,567.3,643.0,nan,nan
2002/122/1,0:53:0,,453.8,556.2,630.1,nan,nan
2002/124/1,0:53:0,,449.4,550.8,624.4,nan,nan
2001/100/1,0:53:0,,423.1,518.7,587.8,nan,nan
2001/96/1,0:53:0,,411.3,504.2,571.2,nan,nan
2001/94/1,0:53:0,,403.2,494.3,560.0,nan,nan
2001/84/1,0:53:0,,392.9,481.6,545.7,nan,nan
2001/82/1,0:53:0,,384.1,470.7,533.3,nan,nan
2001/72/1,0:53:0,,373.9,458.3,519.2,nan,nan
2001/55/1,0:53:0,,352.6,432.2,490.2,nan,nan
2001/55/1,0:53:0,,334.7,410.4,465.1,nan,nan
2001/57/1,0:53:0,,337.6,414.0,469.1,nan,nan
2001/60/1,0:53:0,,348.0,426.5,483.1,nan,nan
2001/53/1,0:53:0,,342.4,419.6,475.2,nan,nan
2001/50/1,0:53:0,,336.7,412.5,467.4,nan,nan
2001/40/1,0:53:0,,320.6,393.1,445.4,nan,nan
2001/30/1,0:53:0,,308.4,377.9,428.2,nan,nan
2001/26/1,0:53:0,,298.8,366.4,415.0,nan,nan
2001/20/1,0:53:0,,290.5,356.1,403.3,nan,nan
2001/10/1,0:53:0,,278.7,341.6,386.9,nan,nan
2001/11/1,0:53:0,,272.1,333.7,378.1,nan,nan
2001/22/1,0:53:0,,275.9,338.2,383.0,nan,nan
2001/23/1,0:53:0,,288.7,353.9,400.8,nan,nan
2001/19/1,0:53:0,,290.0,355.4,402.7,nan,nan
2001/155/0,0:53:0,,256.4,314.4,356.2,nan,nan
2001/160/0,0:53:0,,238.7,292.9,331.7,nan,nan
2001/34/1,0:53:0,,280.8,344.2,389.8,nan,nan
2001/19/1,0:53:0,,286.6,351.3,397.9,nan,nan
2001/143/0,0:53:0,,245.8,301.5,341.3,nan,nan
2000/131/0,0:53:0,,208.7,256.0,289.9,nan,nan
2001/144/0,0:53:0,,210.0,257.8,291.7,nan,nan
2001/155/0,0:53:0,,239.8,294.2,333.1,nan,nan
2001/15/1,0:53:0,,274.1,336.1,380.7,nan,nan
2001/145/0,0:53:0,,242.0,297.0,336.3,nan,nan
2000/133/0,0:53:0,,213.9,262.3,296.8,nan,nan
2001/131/0,0:53:0,,203.7,249.8,282.9,nan,nan
2001/2/1,0:53:0,,240.6,294.9,333.9,nan,nan
2001/18/1,0:53:0,,269.0,330.0,373.6,nan,nan
2001/131/0,0:53:0,,237.5,291.4,329.9,nan,nan
2000/124/0,0:53:0,,201.8,247.6,280.3,nan,nan
2000/128/0,0:53:0,,194.9,239.1,270.5,nan,nan
2001/144/0,0:53:0,,216.7,266.0,301.2,nan,nan
2001/161/0,0:53:0,,243.1,297.9,337.4,nan,nan
2001/156/0,0:53:0,,254.5,312.1,353.3,nan,nan
2001/132/0,0:53:0,,232.0,284.6,322.3,nan,nan
2000/120/0,0:53:0,,188.4,231.3,261.8,nan,nan
2001/154/0,0:53:0,,217.7,266.9,302.2,nan,nan
2001/9/1,0:53:0,,251.0,307.6,348.4,nan,nan
2001/140/0,0:53:0,,258.1,316.4,358.1,nan,nan
2000/125/0,0:53:0,,204.5,251.0,284.1,nan,nan
2000/110/0,0:53:0,,178.1,218.6,247.4,nan,nan
2000/126/0,0:53:0,,186.4,228.7,258.9,nan,nan
2001/147/0,0:53:0,,220.5,270.5,306.2,nan,nan
2001/152/0,0:53:0,,242.0,296.7,335.9,nan,nan
2000/125/0,0:53:0,,207.4,254.5,288.1,nan,nan
2000/121/0,0:53:0,,189.1,232.2,262.9,nan,nan
2000/117/0,0:53:0,,183.4,224.8,254.8,nan,nan
2001/140/0,0:53:0,,207.3,254.3,287.9,nan,nan
2001/150/0,0:53:0,,231.7,284.0,321.6,nan,nan
2001/150/0,0:53:0,,238.2,292.1,330.7,nan,nan
2001/131/0,0:53:0,,219.2,269.2,304.7,nan,nan
2000/127/0,0:53:0,,199.1,244.3,276.4,nan,nan
2000/128/0,0:53:0,,199.0,244.3,276.3,nan,nan
2001/145/0,0:53:0,,212.4,260.5,294.9,nan,nan
2001/145/0,0:53:0,,225.6,276.7,313.1,nan,nan
2001/143/0,0:53:0,,230.1,282.1,319.2,nan,nan
2001/138/0,0:53:0,,221.5,271.6,307.6,nan,nan
2001/138/0,0:53:0,,216.6,265.7,300.7,nan,nan
2001/140/0,0:53:0,,217.0,266.0,301.0,nan,nan
2001/140/0,0:53:0,,221.2,271.5,307.2,nan,nan
2001/143/0,0:53:0,,220.4,270.4,306.3,nan,nan
2001/145/0,0:53:0,,221.5,271.6,307.6,nan,nan
2001/141/0,0:53:0,,223.7,274.3,310.3,nan,nan
2001/143/0,0:53:0,,226.7,277.9,314.8,nan,nan
2001/142/0,0:53:0,,227.0,278.7,315.7,nan,nan
2001/144/0,0:53:0,,223.9,274.7,310.7,nan,nan
2001/141/0,0:53:0,,223.7,274.3,310.3,nan,nan
2001/147/0,0:53:0,,228.4,280.1,317.1,nan,nan
2001/147/0,0:53:0,,231.4,283.4,320.8,nan,nan
2001/141/0,0:53:0,,229.9,281.8,318.7,nan,nan
2001/145/0,0:53:0,,225.5,276.4,312.9,nan,nan
2001/141/0,0:53:0,,224.9,275.9,312.1,nan,nan
2001/144/0,0:53:0,,223.9,274.6,310.8,nan,nan
2001/143/0,0:53:0,,222.5,272.5,308.5,nan,nan
2001/141/0,0:53:0,,219.8,269.8,305.7,nan,nan
2001/139/0,0:53:0,,218.5,267.8,303.1,nan,nan
2001/135/0,0:53:0,,213.4,261.8,296.2,nan,nan
2001/133/0,0:53:0,,212.4,260.4,294.6,nan,nan
2001/131/0,0:53:0,,209.4,256.9,290.9,nan,nan
2001/131/0,0:53:0,,208.8,255.8,289.8,nan,nan
2001/136/0,0:53:0,,211.8,259.8,294.1,nan,nan
2001/139/0,0:53:0,,214.4,263.0,297.8,nan,nan
2001/138/0,0:53:0,,216.4,265.4,300.4,nan,nan
2001/140/0,0:53:0,,217.0,266.0,301.0,nan,nan
2001/136/0,0:53:0,,215.2,264.2,299.2,nan,nan
2001/135/0,0:53:0,,213.5,261.6,296.1,nan,nan
2001/136/0,0:53:0,,212.5,260.6,294.9,nan,nan
2001/136/0,0:53:0,,214.7,263.7,298.7,nan,nan
2001/136/0,0:53:0,,214.3,263.3,298.3,nan,nan
2001/137/0,0:53:0,,214.5,263.5,298.5,nan,nan
2001/137/0,0:53:0,,215.4,264.4,299.4,nan,nan
2001/137/0,0:53:0,,215.1,264.1,299.1,nan,nan
2001/137/0,0:53:0,,215.0,264.0,299.0,nan,nan
2001/136/0,0:53:0,,214.2,263.2,298.2,nan,nan
2001/136/0,0:53:0,,213.6,261.7,296.3,nan,nan
2001/135/0,0:53:0,,213.3,261.3,295.7,nan,nan
2001/132/0,0:53:0,,210.9,258.9,292.9,nan,nan
2001/131/0,0:53:0,,209.9,257.8,291.8,nan,nan
2000/135/0,0:53:0,,208.2,255.2,289.2,nan,nan
2000/130/0,0:53:0,,208.2,255.2,289.2,nan,nan
2000/131/0,0:53:0,,205.6,252.3,285.6,nan,nan
2000/131/0,0:53:0,,203.0,249.0,282.0,nan,nan
2000/130/0,0:53:0,,202.8,248.8,281.8,nan,nan
2000/131/0,0:53:0,,203.1,249.1,282.1,nan,nan
2000/133/0,0:53:0,,204.4,250.8,283.8,nan,nan
2000/135/0,0:53:0,,205.7,252.7,286.0,nan,nan
2000/130/0,0:53:0,,205.1,251.8,285.0,nan,nan
2000/133/0,0:53:0,,203.9,249.9,282.9,nan,nan
2000/129/0,0:53:0,,201.3,246.8,279.2,nan,nan
2000/127/0,0:53:0,,200.2,245.8,278.4,nan,nan
2000/125/0,0:53:0,,195.2,239.6,271.2,nan,nan
2000/125/0,0:53:0,,189.0,232.0,262.5,nan,nan
2000/124/0,0:53:0,,194.4,238.4,270.0,nan,nan
2000/124/0,0:53:0,,193.5,237.7,269.0,nan,nan
2000/125/0,0:53:0,,197.2,242.2,274.2,nan,nan
2000/123/0,0:53:0,,195.5,239.6,271.4,nan,nan
2000/114/0,0:53:0,,191.4,234.9,265.9,nan,nan
2000/115/0,0:53:0,,169.4,207.9,235.2,nan,nan
2000/99/0,0:53:0,,156.5,191.9,217.0,nan,nan
2000/96/0,0:53:0,,151.0,185.5,209.9,nan,nan
2000/114/0,0:53:0,,160.9,197.7,223.6,nan,nan
2000/116/0,0:53:0,,180.6,221.4,250.3,nan,nan
2000/100/0,0:53:0,,179.1,219.8,248.8,nan,nan
2000/75/0,0:53:0,,125.6,154.4,174.7,nan,nan
2000/102/0,0:53:0,,131.8,161.7,183.0,nan,nan
2000/125/0,0:53:0,,178.3,218.7,247.6,nan,nan
2000/125/0,0:53:0,,195.8,240.1,272.0,nan,nan
2000/81/0,0:53:0,,165.9,203.6,230.4,nan,nan
2000/74/0,0:53:0,,119.4,147.0,166.4,nan,nan
2000/97/0,0:53:0,,131.2,161.1,182.3,nan,nan
2000/112/0,0:53:0,,168.0,206.1,233.3,nan,nan
2000/122/0,0:53:0,,186.4,228.8,258.8,nan,nan
2000/102/0,0:53:0,,178.2,218.7,247.6,nan,nan
2000/89/0,0:53:0,,150.0,184.2,208.5,nan,nan
2000/84/0,0:53:0,,134.4,165.0,186.6,nan,nan
2000/109/0,0:53:0,,154.4,189.5,214.3,nan,nan
2000/114/0,0:53:0,,175.9,216.0,244.4,nan,nan
2000/118/0,0:53:0,,184.8,226.7,256.7,nan,nan
2000/112/0,0:53:0,,184.2,226.2,256.0,nan,nan
2000/101/0,0:53:0,,165.2,202.9,229.6,nan,nan
2000/103/0,0:53:0,,158.2,194.3,219.8,nan,nan
2000/117/0,0:53:0,,172.9,212.2,240.3,nan,nan
2000/125/0,0:53:0,,190.2,233.5,264.2,nan,nan
2000/120/0,0:53:0,,191.6,235.4,266.5,nan,nan
2000/90/0,0:53:0,,148.6,182.5,206.1,nan,nan
2000/106/0,0:53:0,,150.9,185.5,209.8,nan,nan
2000/124/0,0:53:0,,186.1,228.2,258.3,nan,nan
2000/133/0,0:53:0,,201.7,247.5,280.2,nan,nan
2000/134/0,0:53:0,,207.7,254.7,288.5,nan,nan
2000/100/0,0:53:0,,182.9,224.5,254.0,nan,nan
2000/100/0,0:53:0,,154.7,190.0,215.0,nan,nan
2000/100/0,0:53:0,,158.4,194.7,220.4,nan,nan
2000/118/0,0:53:0,,171.2,210.2,237.9,nan,nan
2000/125/0,0:53:0,,193.2,237.0,268.4,nan,nan
2000/124/0,0:53:0,,196.0,240.3,272.3,nan,nan
2000/121/0,0:53:0,,194.9,239.2,270.8,nan,nan
2000/125/0,0:53:0,,191.0,234.9,265.9,nan,nan
2000/124/0,0:53:0,,191.7,235.6,266.6,nan,nan
2000/118/0,0:53:0,,187.0,229.5,259.8,nan,nan
2000/124/0,0:53:0,,190.3,233.6,264.4,nan,nan
2000/101/0,0:53:0,,172.7,211.9,240.0,nan,nan
2000/106/0,0:53:0,,161.2,197.9,224.0,nan,nan
2000/121/0,0:53:0,,177.6,217.9,246.6,nan,nan
2000/129/0,0:53:0,,194.4,238.5,270.0,nan,nan
2000/130/0,0:53:0,,198.0,243.0,275.3,nan,nan
2000/127/0,0:53:0,,201.3,247.1,279.9,nan,nan
2000/115/0,0:53:0,,184.9,227.0,256.9,nan,nan
2000/118/0,0:53:0,,182.3,223.4,252.8,nan,nan
2000/121/0,0:53:0,,188.6,231.4,261.9,nan,nan
2000/124/0,0:53:0,,195.0,239.1,270.7,nan,nan
2000/125/0,0:53:0,,192.9,236.8,268.2,nan,nan
2000/125/0,0:53:0,,192.8,236.6,267.9,nan,nan
2000/123/0,0:53:0,,193.4,237.4,268.6,nan,nan
2000/120/0,0:53:0,,189.7,232.8,263.3,nan,nan
2000/113/0,0:53:0,,178.3,219.0,248.0,nan,nan
2000/105/0,0:53:0,,167.1,205.2,232.4,nan,nan
2000/105/0,0:53:0,,163.9,201.3,227.8,nan,nan
2000/101/0,0:53:0,,162.5,199.5,225.6,nan,nan
2000/111/0,0:53:0,,170.2,208.8,236.3,nan,nan
2000/109/0,0:53:0,,177.9,218.4,247.0,nan,nan
2000/82/0,0:53:0,,130.9,160.9,181.9,nan,nan
2000/99/0,0:53:0,,131.0,161.0,182.1,nan,nan
2000/122/0,0:53:0,,179.4,220.3,249.4,nan,nan
2000/128/0,0:53:0,,198.5,243.4,275.4,nan,nan
2000/113/0,0:53:0,,192.9,236.7,267.9,nan,nan
2000/85/0,0:53:0,,149.0,182.8,206.7,nan,nan
2000/84/0,0:53:0,,122.5,150.5,170.1,nan,nan
2000/103/0,0:53:0,,148.1,181.8,205.6,nan,nan
2000/124/0,0:53:0,,180.2,221.2,250.3,nan,nan
2000/109/0,0:53:0,,181.1,222.4,251.5,nan,nan
2000/93/0,0:53:0,,159.0,195.4,221.1,nan,nan
2000/83/0,0:53:0,,132.0,162.2,183.3,nan,nan
2000/113/0,0:53:0,,156.8,192.5,217.8,nan,nan
2000/124/0,0:53:0,,191.5,235.0,266.1,nan,nan
2000/122/0,0:53:0,,195.2,239.2,270.9,nan,nan
2000/105/0,0:53:0,,182.6,224.0,253.6,nan,nan
2000/94/0,0:53:0,,146.0,179.1,202.7,nan,nan
2000/97/0,0:53:0,,143.0,175.7,198.7,nan,nan
2000/104/0,0:53:0,,157.7,193.8,219.1,nan,nan
2000/121/0,0:53:0,,179.2,219.9,248.9,nan,nan
2000/96/0,0:53:0,,177.1,217.3,246.0,nan,nan
2000/94/0,0:53:0,,144.1,176.7,200.0,nan,nan
2000/94/0,0:53:0,,137.3,168.8,191.2,nan,nan
2000/115/0,0:53:0,,172.3,211.4,239.2,nan,nan
2000/125/0,0:53:0,,188.9,231.7,262.2,nan,nan
2000/108/0,0:53:0,,178.8,219.5,248.5,nan,nan
2000/90/0,0:53:0,,152.3,187.1,211.5,nan,nan
2000/88/0,0:53:0,,138.2,169.7,191.8,nan,nan
2000/115/0,0:53:0,,152.1,186.7,211.2,nan,nan
2000/121/0,0:53:0,,187.6,230.2,260.5,nan,nan
2000/123/0,0:53:0,,192.0,235.7,266.9,nan,nan
2000/114/0,0:53:0,,193.9,237.9,269.3,nan,nan
2000/111/0,0:53:0,,177.9,218.2,247.1,nan,nan
2000/107/0,0:53:0,,171.5,210.3,238.1,nan,nan
2000/121/0,0:53:0,,183.0,224.6,254.2,nan,nan
2000/117/0,0:53:0,,186.8,229.2,259.6,nan,nan
2000/90/0,0:53:0,,168.3,206.5,233.7,nan,nan
2000/88/0,0:53:0,,136.6,167.8,189.9,nan,nan
2000/109/0,0:53:0,,155.0,190.4,215.3,nan,nan
2000/114/0,0:53:0,,170.7,209.8,237.4,nan,nan
2000/121/0,0:53:0,,187.4,230.1,260.5,nan,nan
2000/105/0,0:53:0,,179.0,219.8,248.6,nan,nan
2000/92/0,0:53:0,,151.4,185.9,210.1,nan,nan
2000/99/0,0:53:0,,147.4,181.1,204.7,nan,nan
2000/114/0,0:53:0,,163.7,200.8,227.4,nan,nan
2000/119/0,0:53:0,,179.9,220.7,249.7,nan,nan
2000/100/0,0:53:0,,173.9,213.4,241.4,nan,nan
2000/84/0,0:53:0,,133.7,164.3,185.9,nan,nan
2000/92/0,0:53:0,,131.4,161.4,182.4,nan,nan
2000/117/0,0:53:0,,169.7,208.4,235.7,nan,nan
2000/122/0,0:53:0,,189.6,232.7,263.3,nan,nan
2000/120/0,0:53:0,,195.4,239.8,271.6,nan,nan
2000/114/0,0:53:0,,187.2,230.0,260.3,nan,nan
2000/109/0,0:53:0,,171.0,210.0,237.5,nan,nan
2000/101/0,0:53:0,,161.6,198.4,224.6,nan,nan
2000/103/0,0:53:0,,156.8,192.5,217.8,nan,nan
2000/103/0,0:53:0,,155.0,190.3,215.3,nan,nan
2000/91/0,0:53:0,,152.2,186.9,211.5,nan,nan
2000/94/0,0:53:0,,145.0,178.4,201.8,nan,nan
2000/102/0,0:53:0,,146.9,180.4,204.1,nan,nan
2000/112/0,0:53:0,,175.0,214.6,243.0,nan,nan
2000/117/0,0:53:0,,185.3,227.5,257.6,nan,nan
2000/105/0,0:53:0,,176.0,216.0,244.6,nan,nan
2000/91/0,0:53:0,,148.5,182.4,206.3,nan,nan
2000/97/0,0:53:0,,147.3,181.0,204.7,nan,nan
2000/114/0,0:53:0,,165.9,203.5,230.4,nan,nan
2000/116/0,0:53:0,,179.2,219.9,248.8,nan,nan
2000/121/0,0:53:0,,185.3,227.2,257.1,nan,nan
2000/122/0,0:53:0,,188.0,230.7,260.9,nan,nan
2000/121/0,0:53:0,,185.9,228.3,258.4,nan,nan
2000/118/0,0:53:0,,184.9,226.8,256.8,nan,nan
2000/118/0,0:53:0,,184.3,226.1,256.1,nan,nan
2000/118/0,0:53:0,,183.6,225.5,255.5,nan,nan
2000/116/0,0:53:0,,180.5,221.6,250.9,nan,nan
2000/117/0,0:53:0,,180.8,221.8,250.9,nan,nan
2000/123/0,0:53:0,,185.9,228.1,258.3,nan,nan
2000/123/0,0:53:0,,192.2,235.7,267.0,nan,nan
2000/128/0,0:53:0,,197.1,241.8,273.5,nan,nan
2000/133/0,0:53:0,,202.8,248.8,281.5,nan,nan
2000/135/0,0:53:0,,206.0,253.0,286.3,nan,nan
2001/133/0,0:53:0,,209.7,257.5,291.5,nan,nan
2001/134/0,0:53:0,,212.3,260.3,294.3,nan,nan
2001/132/0,0:53:0,,211.2,259.2,293.2,nan,nan
2001/132/0,0:53:0,,210.0,258.0,292.0,nan,nan
2000/130/0,0:53:0,,208.5,256.0,290.0,nan,nan
2001/133/0,0:53:0,,209.9,257.7,291.7,nan,nan
2001/131/0,0:53:0,,210.1,258.1,292.1,nan,nan
2001/131/0,0:53:0,,209.0,256.7,290.7,nan,nan
2001/131/0,0:53:0,,207.8,254.8,288.8,nan,nan
2001/135/0,0:53:0,,210.4,258.4,292.4,nan,nan
2001/135/0,0:53:0,,211.6,259.6,293.6,nan,nan
2001/131/0,0:53:0,,210.8,258.8,292.8,nan,nan
2000/130/0,0:53:0,,209.0,256.4,290.4,nan,nan
2001/131/0,0:53:0,,207.5,254.6,288.4,nan,nan
2001/134/0,0:53:0,,210.6,258.6,292.6,nan,nan
2001/136/0,0:53:0,,212.0,260.0,294.3,nan,nan
2001/136/0,0:53:0,,213.9,262.1,297.0,nan,nan
2001/138/0,0:53:0,,215.0,264.0,299.0,nan,nan
2001/137/0,0:53:0,,214.7,263.7,298.7,nan,nan
2001/137/0,0:53:0,,215.8,264.8,299.8,nan,nan
2001/138/0,0:53:0,,215.2,264.2,299.2,nan,nan
2001/140/0,0:53:0,,217.6,266.7,301.7,nan,nan
2001/141/0,0:53:0,,218.4,268.4,303.8,nan,nan
2001/138/0,0:53:0,,217.4,266.6,301.7,nan,nan
2001/138/0,0:53:0,,217.0,266.0,301.0,nan,nan
2001/137/0,0:53:0,,215.5,264.5,299.5,nan,nan
2001/137/0,0:53:0,,215.6,264.6,299.6,nan,nan
2001/140/0,0:53:0,,214.7,263.3,298.0,nan,nan
2001/141/0,0:53:0,,221.1,271.3,307.2,nan,nan
2001/153/0,0:53:0,,231.5,284.0,321.5,nan,nan
2001/152/0,0:53:0,,240.3,294.6,333.6,nan,nan
2001/157/0,0:53:0,,245.1,300.6,340.5,nan,nan
2001/158/0,0:53:0,,248.0,304.0,344.0,nan,nan
2001/157/0,0:53:0,,246.8,302.8,342.8,nan,nan
2001/158/0,0:53:0,,247.1,303.1,343.1,nan,nan
2001/154/0,0:53:0,,245.3,301.1,341.0,nan,nan
2001/150/0,0:53:0,,240.8,295.1,334.1,nan,nan
2001/152/0,0:53:0,,236.9,290.8,329.0,nan,nan
2001/152/0,0:53:0,,235.1,288.1,326.1,nan,nan
2001/150/0,0:53:0,,235.4,288.4,326.4,nan,nan
2001/148/0,0:53:0,,231.9,284.4,322.2,nan,nan
2001/151/0,0:53:0,,233.4,286.4,324.4,nan,nan
2001/146/0,0:53:0,,233.4,286.2,324.0,nan,nan
2001/145/0,0:53:0,,228.2,280.1,317.1,nan,nan
2001/141/0,0:53:0,,228.7,280.5,317.4,nan,nan
2001/137/0,0:53:0,,220.6,270.7,306.4,nan,nan
