2023/2/27,10:58:1,,4.7,6.1,6.8,nan,nan
2023/2/27,10:58:49,,49.6,63.2,71.2,nan,nan
2023/2/27,10:59:24,,48.9,60.5,68.5,nan,nan
/2/27,10:59:57,,48.8,60.7,68.7,nan,nan
2023/2/27,11:0:31,,48.6,60.1,68.0,nan,nan
2023/2/27,11:0:41,,47.8,60.1,68.1,nan,nan
2000/20/0,0:53:0,,10.5,14.3,16.0,nan,nan
2000/34/0,0:53:0,,45.4,59.2,66.5,nan,nan
2000/38/0,0:53:0,,54.6,69.7,78.6,nan,nan
2000/40/0,0:53:0,,56.9,72.2,81.2,nan,nan
2000/40/0,0:53:0,,58.1,72.1,81.1,nan,nan
2000/36/0,0:53:0,,55.9,69.0,77.8,nan,nan
2000/31/0,0:53:0,,50.9,64.1,72.1,nan,nan
2000/35/0,0:53:0,,48.0,60.6,68.6,nan,nan
2000/33/0,0:53:0,,46.2,59.2,66.4,nan,nan
2000/34/0,0:53:0,,45.7,57.9,64.9,nan,nan
2000/32/0,0:53:0,,44.8,56.1,63.1,nan,nan
2000/32/0,0:53:0,,44.0,55.0,62.0,nan,nan
2000/31/0,0:53:0,,43.9,55.0,62.4,nan,nan
2000/31/0,0:53:0,,42.5,54.1,61.1,nan,nan
2000/32/0,0:53:0,,44.0,54.7,61.7,nan,nan
2000/31/0,0:53:0,,43.6,54.7,61.7,nan,nan
2000/32/0,0:53:0,,43.5,54.8,61.8,nan,nan
2000/34/0,0:53:0,,44.7,56.3,63.3,nan,nan
2000/34/0,0:53:0,,45.8,56.8,63.8,nan,nan
2000/32/0,0:53:0,,44.6,56.6,63.6,nan,nan
2000/33/0,0:53:0,,44.3,56.4,63.4,nan,nan
2000/33/0,0:53:0,,45.2,56.5,63.5,nan,nan
2000/33/0,0:53:0,,45.5,57.1,64.1,nan,nan
2000/33/0,0:53:0,,45.6,56.9,63.9,nan,nan
2000/32/0,0:53:0,,44.6,55.9,62.9,nan,nan
2000/33/0,0:53:0,,45.3,56.5,63.5,nan,nan
2000/34/0,0:53:0,,46.0,57.0,64.0,nan,nan
2000/33/0,0:53:0,,45.9,56.9,63.9,nan,nan
2000/32/0,0:53:0,,44.4,55.4,62.4,nan,nan
2000/30/0,0:53:0,,43.6,55.0,62.0,nan,nan
2000/31/0,0:53:0,,42.0,55.0,62.0,nan,nan
2000/30/0,0:53:0,,42.7,54.7,61.7,nan,nan
2000/30/0,0:53:0,,42.2,53.9,60.9,nan,nan
2000/30/0,0:53:0,,42.4,53.8,60.8,nan,nan
2000/30/0,0:53:0,,41.1,53.0,60.0,nan,nan
2000/29/0,0:53:0,,41.9,52.8,59.6,nan,nan
2000/29/0,0:53:0,,41.2,51.9,57.9,nan,nan
2000/29/0,0:53:0,,41.0,51.0,57.0,nan,nan
2000/29/0,0:53:0,,41.1,51.1,57.1,nan,nan
2000/28/0,0:53:0,,40.3,50.3,56.3,nan,nan
2000/28/0,0:53:0,,40.1,50.1,56.1,nan,nan
2000/28/0,0:53:0,,40.0,50.0,56.0,nan,nan
2000/28/0,0:53:0,,40.0,50.0,56.0,nan,nan
2000/28/0,0:53:0,,40.2,50.8,56.8,nan,nan
2000/26/0,0:53:0,,38.7,50.4,56.4,nan,nan
2000/28/0,0:53:0,,39.9,50.8,56.8,nan,nan
2000/28/0,0:53:0,,39.7,50.7,56.7,nan,nan
2000/29/0,0:53:0,,40.4,50.9,56.9,nan,nan
2000/30/0,0:53:0,,41.7,51.7,57.7,nan,nan
2000/30/0,0:53:0,,41.2,51.5,57.5,nan,nan
2000/30/0,0:53:0,,42.0,52.0,58.0,nan,nan
2000/30/0,0:53:0,,42.0,52.0,58.0,nan,nan
2000/30/0,0:53:0,,41.9,52.0,58.0,nan,nan
2000/30/0,0:53:0,,42.0,52.0,58.3,nan,nan
2000/28/0,0:53:0,,41.1,51.1,57.1,nan,nan
2000/28/0,0:53:0,,39.9,50.0,56.0,nan,nan
2000/27/0,0:53:0,,39.7,50.0,56.0,nan,nan
2000/27/0,0:53:0,,38.7,50.0,56.0,nan,nan
2000/28/0,0:53:0,,39.3,50.0,56.0,nan,nan
2000/28/0,0:53:0,,40.2,50.9,56.9,nan,nan
2000/28/0,0:53:0,,40.2,51.7,57.7,nan,nan
2000/30/0,0:53:0,,41.0,53.0,60.0,nan,nan
2000/32/0,0:53:0,,42.5,53.2,60.3,nan,nan
2000/32/0,0:53:0,,43.6,54.1,61.1,nan,nan
2000/32/0,0:53:0,,44.0,55.0,62.0,nan,nan
2000/32/0,0:53:0,,43.4,54.7,61.7,nan,nan
2000/31/0,0:53:0,,43.3,53.9,60.9,nan,nan
2000/29/0,0:53:0,,41.8,52.2,58.4,nan,nan
2000/29/0,0:53:0,,41.0,52.6,59.2,nan,nan
2000/29/0,0:53:0,,40.8,53.0,60.1,nan,nan
2000/30/0,0:53:0,,41.6,53.0,60.0,nan,nan
2000/29/0,0:53:0,,42.1,52.9,59.8,nan,nan
2000/29/0,0:53:0,,41.7,52.8,59.6,nan,nan
2000/30/0,0:53:0,,41.7,53.0,60.0,nan,nan
2000/27/0,0:53:0,,40.6,51.9,58.0,nan,nan
2000/28/0,0:53:0,,40.7,51.0,57.1,nan,nan
2000/29/0,0:53:0,,40.0,51.0,57.0,nan,nan
2000/30/0,0:53:0,,41.7,51.7,57.7,nan,nan
2000/30/0,0:53:0,,42.0,52.0,58.0,nan,nan
2000/29/0,0:53:0,,40.9,52.1,58.2,nan,nan
2000/29/0,0:53:0,,41.3,52.9,59.8,nan,nan
2000/31/0,0:53:0,,42.4,53.7,60.7,nan,nan
2000/31/0,0:53:0,,42.7,53.7,60.7,nan,nan
2000/31/0,0:53:0,,42.9,53.8,60.8,nan,nan
2000/30/0,0:53:0,,43.2,53.3,60.1,nan,nan
2000/30/0,0:53:0,,42.2,52.4,58.8,nan,nan
2000/29/0,0:53:0,,41.4,52.3,58.6,nan,nan
2000/29/0,0:53:0,,40.1,51.7,57.7,nan,nan
2000/29/0,0:53:0,,40.6,51.2,57.2,nan,nan
2000/28/0,0:53:0,,39.9,49.9,55.9,nan,nan
2000/29/0,0:53:0,,39.8,49.9,55.9,nan,nan
2000/28/0,0:53:0,,40.6,50.7,56.7,nan,nan
2000/27/0,0:53:0,,39.8,50.3,56.3,nan,nan
2000/26/0,0:53:0,,38.5,49.2,55.2,nan,nan
2000/28/0,0:53:0,,39.2,49.0,55.0,nan,nan
2000/31/0,0:53:0,,41.2,51.2,57.4,nan,nan
2000/31/0,0:53:0,,43.0,53.0,60.0,nan,nan
2000/30/0,0:53:0,,42.3,52.9,59.8,nan,nan
2000/30/0,0:53:0,,42.3,53.0,60.0,nan,nan
2000/30/0,0:53:0,,42.4,53.4,60.4,nan,nan
2000/28/0,0:53:0,,41.2,52.5,59.1,nan,nan
2000/27/0,0:53:0,,39.1,50.5,56.5,nan,nan
2000/27/0,0:53:0,,39.4,50.0,56.0,nan,nan
2000/28/0,0:53:0,,38.7,49.9,55.9,nan,nan
2000/28/0,0:53:0,,39.6,50.3,56.3,nan,nan
2000/28/0,0:53:0,,40.0,50.3,56.3,nan,nan
2000/30/0,0:53:0,,40.4,50.9,57.2,nan,nan
2000/27/0,0:53:0,,40.2,51.7,58.1,nan,nan
2000/28/0,0:53:0,,39.3,50.6,56.6,nan,nan
2000/28/0,0:53:0,,40.5,51.0,57.0,nan,nan
2000/29/0,0:53:0,,40.7,50.9,56.9,nan,nan
2000/28/0,0:53:0,,40.2,50.5,56.5,nan,nan
2000/28/0,0:53:0,,40.4,50.7,56.7,nan,nan
2000/26/0,0:53:0,,39.2,50.9,56.9,nan,nan
2000/27/0,0:53:0,,38.6,50.5,56.5,nan,nan
2000/28/0,0:53:0,,39.9,50.0,56.0,nan,nan
2000/28/0,0:53:0,,39.9,50.0,56.0,nan,nan
2000/28/0,0:53:0,,40.2,50.2,56.2,nan,nan
2000/28/0,0:53:0,,40.0,50.1,56.1,nan,nan
2000/29/0,0:53:0,,40.1,50.1,56.1,nan,nan
2000/28/0,0:53:0,,40.2,50.3,56.3,nan,nan
2000/27/0,0:53:0,,39.0,50.0,56.0,nan,nan
2000/27/0,0:53:0,,40.5,50.6,56.6,nan,nan
2000/28/0,0:53:0,,40.0,50.1,56.1,nan,nan
2000/28/0,0:53:0,,40.6,50.6,56.7,nan,nan
2000/27/0,0:53:0,,39.7,50.0,56.0,nan,nan
2000/28/0,0:53:0,,40.4,50.9,56.9,nan,nan
2000/27/0,0:53:0,,39.8,50.5,56.5,nan,nan
2000/28/0,0:53:0,,40.0,50.0,56.0,nan,nan
2000/28/0,0:53:0,,40.0,49.8,55.8,nan,nan
2000/29/0,0:53:0,,40.1,49.8,55.8,nan,nan
2000/28/0,0:53:0,,40.1,50.2,56.2,nan,nan
2000/28/0,0:53:0,,39.8,50.0,56.0,nan,nan
2000/28/0,0:53:0,,40.0,50.0,56.0,nan,nan
2000/28/0,0:53:0,,40.0,50.0,56.0,nan,nan
2000/27/0,0:53:0,,39.9,50.0,56.0,nan,nan
2000/26/0,0:53:0,,39.2,50.1,56.1,nan,nan
2000/29/0,0:53:0,,39.3,50.1,56.1,nan,nan
2000/29/0,0:53:0,,40.7,50.7,56.7,nan,nan
2000/30/0,0:53:0,,40.8,51.0,57.0,nan,nan
2000/31/0,0:53:0,,42.2,52.6,59.2,nan,nan
2000/30/0,0:53:0,,42.6,52.6,59.2,nan,nan
2000/30/0,0:53:0,,41.8,52.4,58.8,nan,nan
2000/29/0,0:53:0,,42.0,53.0,60.0,nan,nan
2000/28/0,0:53:0,,39.9,52.1,58.2,nan,nan
2000/27/0,0:53:0,,40.1,51.8,57.8,nan,nan
2000/28/0,0:53:0,,40.5,51.4,57.4,nan,nan
2000/30/0,0:53:0,,41.3,51.5,57.5,nan,nan
2000/30/0,0:53:0,,41.0,51.9,57.9,nan,nan
2000/30/0,0:53:0,,41.9,51.9,57.9,nan,nan
2000/31/0,0:53:0,,42.1,52.3,58.6,nan,nan
2000/30/0,0:53:0,,42.3,52.8,59.6,nan,nan
2000/30/0,0:53:0,,42.1,52.9,59.8,nan,nan
2000/30/0,0:53:0,,42.1,52.3,58.6,nan,nan
2000/30/0,0:53:0,,41.7,52.0,58.0,nan,nan
2000/29/0,0:53:0,,41.5,51.5,57.5,nan,nan
2000/27/0,0:53:0,,39.8,51.0,57.5,nan,nan
2000/27/0,0:53:0,,38.9,50.3,57.0,nan,nan
2000/28/0,0:53:0,,39.8,49.0,55.0,nan,nan
2000/27/0,0:53:0,,38.8,48.7,54.7,nan,nan
2000/26/0,0:53:0,,37.8,48.3,54.3,nan,nan
2000/26/0,0:53:0,,38.3,48.0,54.0,nan,nan
2000/27/0,0:53:0,,38.4,48.0,54.0,nan,nan
2000/26/0,0:53:0,,38.8,48.0,54.0,nan,nan
2000/25/0,0:53:0,,37.8,48.0,54.0,nan,nan
2000/27/0,0:53:0,,38.2,48.4,54.4,nan,nan
2000/27/0,0:53:0,,38.8,49.7,55.7,nan,nan
2000/29/0,0:53:0,,39.3,50.1,56.4,nan,nan
2000/29/0,0:53:0,,40.7,50.7,57.2,nan,nan
2000/28/0,0:53:0,,40.5,51.1,57.1,nan,nan
2000/28/0,0:53:0,,40.2,51.0,57.0,nan,nan
2000/27/0,0:53:0,,40.3,50.9,56.9,nan,nan
2000/28/0,0:53:0,,39.9,50.3,56.3,nan,nan
2000/29/0,0:53:0,,40.2,50.6,56.6,nan,nan
2000/29/0,0:53:0,,40.9,50.9,56.9,nan,nan
2000/28/0,0:53:0,,40.8,51.0,57.0,nan,nan
2000/27/0,0:53:0,,40.2,51.6,57.6,nan,nan
2000/29/0,0:53:0,,39.9,51.1,57.1,nan,nan
2000/28/0,0:53:0,,40.0,51.0,57.0,nan,nan
2000/29/0,0:53:0,,40.5,51.0,57.0,nan,nan
2000/28/0,0:53:0,,39.8,51.0,57.0,nan,nan
2000/27/0,0:53:0,,38.8,50.2,56.2,nan,nan
2000/26/0,0:53:0,,38.5,49.9,56.2,nan,nan
2000/28/0,0:53:0,,38.6,50.0,56.3,nan,nan
2000/28/0,0:53:0,,39.6,49.0,55.0,nan,nan
2000/27/0,0:53:0,,39.5,49.0,55.0,nan,nan
2000/28/0,0:53:0,,39.5,49.1,55.1,nan,nan
2000/28/0,0:53:0,,40.3,50.5,56.5,nan,nan
2000/29/0,0:53:0,,40.7,51.0,58.6,nan,nan
2000/29/0,0:53:0,,40.9,51.0,57.1,nan,nan
2000/30/0,0:53:0,,41.9,51.9,57.9,nan,nan
2000/30/0,0:53:0,,41.4,51.5,57.5,nan,nan
2000/29/0,0:53:0,,40.8,51.2,57.2,nan,nan
2000/29/0,0:53:0,,40.2,50.3,56.3,nan,nan
2000/28/0,0:53:0,,40.4,50.8,56.8,nan,nan
2000/28/0,0:53:0,,40.5,50.5,56.5,nan,nan
2000/28/0,0:53:0,,40.6,50.6,56.6,nan,nan
2000/28/0,0:53:0,,40.3,50.3,56.3,nan,nan
2000/29/0,0:53:0,,40.4,50.4,56.4,nan,nan
2000/28/0,0:53:0,,40.3,50.3,56.3,nan,nan
2000/27/0,0:53:0,,38.7,50.1,56.1,nan,nan
2000/28/0,0:53:0,,39.3,50.0,56.0,nan,nan
2000/27/0,0:53:0,,39.4,50.0,56.0,nan,nan
2000/26/0,0:53:0,,39.8,50.2,56.2,nan,nan
2000/28/0,0:53:0,,39.7,50.0,56.0,nan,nan
2000/27/0,0:53:0,,39.3,50.0,56.0,nan,nan
2000/26/0,0:53:0,,38.5,49.1,55.1,nan,nan
2000/28/0,0:53:0,,40.1,50.3,56.3,nan,nan
2000/29/0,0:53:0,,40.9,50.9,56.9,nan,nan
2000/29/0,0:53:0,,40.9,50.9,56.9,nan,nan
2000/27/0,0:53:0,,39.7,50.3,56.3,nan,nan
2000/26/0,0:53:0,,38.3,49.6,55.6,nan,nan
2000/27/0,0:53:0,,39.1,50.1,56.1,nan,nan
2000/25/0,0:53:0,,37.2,49.1,55.1,nan,nan
2000/27/0,0:53:0,,38.4,48.8,54.8,nan,nan
2000/28/0,0:53:0,,39.2,49.0,55.0,nan,nan
2000/27/0,0:53:0,,38.9,49.4,55.4,nan,nan
2000/28/0,0:53:0,,39.6,49.4,55.6,nan,nan
2000/28/0,0:53:0,,40.0,50.0,56.0,nan,nan
2000/28/0,0:53:0,,40.0,50.0,56.0,nan,nan
2000/28/0,0:53:0,,40.0,49.9,55.9,nan,nan
2000/28/0,0:53:0,,40.0,50.0,56.0,nan,nan
2000/28/0,0:53:0,,40.0,50.0,56.0,nan,nan
2000/26/0,0:53:0,,39.2,50.3,56.3,nan,nan
2000/26/0,0:53:0,,38.5,49.5,55.5,nan,nan
2000/27/0,0:53:0,,38.4,49.6,55.6,nan,nan
2000/27/0,0:53:0,,39.1,49.1,55.1,nan,nan
2000/26/0,0:53:0,,38.9,48.3,54.3,nan,nan
2000/28/0,0:53:0,,38.4,48.3,54.3,nan,nan
2000/26/0,0:53:0,,38.4,48.4,54.4,nan,nan
2000/25/0,0:53:0,,37.8,48.0,54.0,nan,nan
2000/26/0,0:53:0,,38.3,48.0,54.0,nan,nan
2000/28/0,0:53:0,,39.6,48.7,54.7,nan,nan
2000/28/0,0:53:0,,39.9,48.9,54.9,nan,nan
2000/27/0,0:53:0,,39.2,48.2,54.2,nan,nan
2000/25/0,0:53:0,,37.7,47.5,53.5,nan,nan
2000/26/0,0:53:0,,37.9,48.0,54.0,nan,nan
2000/26/0,0:53:0,,38.0,48.0,54.0,nan,nan
2000/25/0,0:53:0,,36.8,48.0,54.0,nan,nan
2000/28/0,0:53:0,,38.5,48.6,54.6,nan,nan
2000/34/0,0:53:0,,44.5,55.2,62.0,nan,nan
2000/44/0,0:53:0,,50.3,62.1,69.7,nan,nan
2000/50/0,0:53:0,,67.9,83.8,94.7,nan,nan
2000/62/0,0:53:0,,85.6,105.4,119.1,nan,nan
2000/47/0,0:53:0,,81.4,100.1,113.0,nan,nan
2000/43/0,0:53:0,,63.2,77.9,88.0,nan,nan
2000/45/0,0:53:0,,66.2,81.7,92.2,nan,nan
2000/45/0,0:53:0,,67.5,83.3,93.9,nan,nan
2000/51/0,0:53:0,,74.0,91.2,102.9,nan,nan
2000/54/0,0:53:0,,73.7,90.9,102.5,nan,nan
2000/52/0,0:53:0,,76.8,94.8,106.9,nan,nan
2000/52/0,0:53:0,,76.9,94.9,106.9,nan,nan
2000/53/0,0:53:0,,77.6,95.6,107.9,nan,nan
2000/42/0,0:53:0,,73.9,91.2,102.8,nan,nan
2000/42/0,0:53:0,,64.9,80.3,90.5,nan,nan
2000/41/0,0:53:0,,61.4,75.8,85.3,nan,nan
2000/42/0,0:53:0,,60.7,74.8,84.3,nan,nan
2000/43/0,0:53:0,,60.3,74.3,83.9,nan,nan
2000/51/0,0:53:0,,62.2,76.9,86.7,nan,nan
2000/51/0,0:53:0,,76.8,94.6,106.9,nan,nan
2000/50/0,0:53:0,,77.1,94.7,106.8,nan,nan
2000/50/0,0:53:0,,76.6,94.4,106.5,nan,nan
2000/51/0,0:53:0,,78.8,97.1,109.6,nan,nan
2000/49/0,0:53:0,,74.3,91.8,103.7,nan,nan
2000/48/0,0:53:0,,72.7,89.7,101.4,nan,nan
2000/54/0,0:53:0,,75.9,93.8,105.8,nan,nan
2000/59/0,0:53:0,,81.7,100.4,113.4,nan,nan
2000/59/0,0:53:0,,88.1,108.5,122.5,nan,nan
2000/64/0,0:53:0,,90.1,110.9,125.2,nan,nan
2000/63/0,0:53:0,,93.7,115.3,130.3,nan,nan
2000/65/0,0:53:0,,91.0,112.1,126.7,nan,nan
2000/59/0,0:53:0,,91.4,112.4,127.0,nan,nan
2000/57/0,0:53:0,,84.8,104.4,117.9,nan,nan
2000/65/0,0:53:0,,90.8,111.8,126.3,nan,nan
2000/62/0,0:53:0,,94.9,116.8,131.8,nan,nan
2000/65/0,0:53:0,,95.4,117.3,132.3,nan,nan
2000/67/0,0:53:0,,99.0,121.9,137.6,nan,nan
2000/64/0,0:53:0,,101.5,124.9,141.3,nan,nan
2000/63/0,0:53:0,,98.6,121.4,137.1,nan,nan
2000/63/0,0:53:0,,92.7,114.2,129.2,nan,nan
2000/64/0,0:53:0,,95.6,117.6,132.6,nan,nan
2000/60/0,0:53:0,,91.1,112.1,126.8,nan,nan
2000/54/0,0:53:0,,86.9,107.0,120.9,nan,nan
2000/50/0,0:53:0,,84.6,104.3,117.8,nan,nan
2000/53/0,0:53:0,,84.4,103.9,117.4,nan,nan
2000/58/0,0:53:0,,84.0,103.4,116.8,nan,nan
2000/54/0,0:53:0,,88.1,108.2,122.3,nan,nan
2000/46/0,0:53:0,,74.9,92.3,104.2,nan,nan
2000/42/0,0:53:0,,67.4,83.3,94.1,nan,nan
2000/44/0,0:53:0,,64.1,78.8,88.8,nan,nan
2000/42/0,0:53:0,,61.4,75.6,85.3,nan,nan
2000/40/0,0:53:0,,56.9,70.0,79.0,nan,nan
2000/40/0,0:53:0,,57.6,70.8,79.8,nan,nan
2000/41/0,0:53:0,,59.0,72.8,81.9,nan,nan
2000/40/0,0:53:0,,58.8,72.8,81.8,nan,nan
2000/40/0,0:53:0,,63.3,78.1,88.0,nan,nan
2000/40/0,0:53:0,,62.9,77.9,87.9,nan,nan
2000/40/0,0:53:0,,61.3,75.7,85.3,nan,nan
2000/38/0,0:53:0,,57.1,70.5,79.5,nan,nan
2000/40/0,0:53:0,,56.2,69.3,78.1,nan,nan
2000/44/0,0:53:0,,60.0,74.2,83.6,nan,nan
2000/45/0,0:53:0,,61.5,76.0,85.6,nan,nan
2000/44/0,0:53:0,,62.3,76.9,86.9,nan,nan
2000/40/0,0:53:0,,59.2,72.7,82.0,nan,nan
2000/40/0,0:53:0,,58.1,71.6,80.6,nan,nan
2000/42/0,0:53:0,,58.3,71.9,80.9,nan,nan
2000/40/0,0:53:0,,58.7,72.5,81.5,nan,nan
2000/39/0,0:53:0,,57.2,70.2,79.2,nan,nan
2000/35/0,0:53:0,,54.3,67.3,75.7,nan,nan
2000/37/0,0:53:0,,54.0,67.0,75.2,nan,nan
2000/42/0,0:53:0,,58.7,72.4,81.4,nan,nan
2000/39/0,0:53:0,,58.8,72.6,81.6,nan,nan
2000/42/0,0:53:0,,58.9,72.5,81.7,nan,nan
2000/41/0,0:53:0,,59.2,73.2,82.2,nan,nan
2000/43/0,0:53:0,,60.8,74.8,84.6,nan,nan
2000/44/0,0:53:0,,61.5,75.6,85.5,nan,nan
2000/41/0,0:53:0,,60.4,74.4,83.9,nan,nan
2000/42/0,0:53:0,,59.8,73.8,82.8,nan,nan
2000/35/0,0:53:0,,56.0,69.1,77.8,nan,nan
2000/33/0,0:53:0,,52.0,64.0,72.0,nan,nan
2000/33/0,0:53:0,,49.7,61.5,69.5,nan,nan
2000/30/0,0:53:0,,49.2,61.0,68.9,nan,nan
2000/35/0,0:53:0,,48.4,59.4,66.9,nan,nan
2000/34/0,0:53:0,,46.6,57.6,64.6,nan,nan
2000/32/0,0:53:0,,45.0,56.0,63.0,nan,nan
2000/32/0,0:53:0,,44.7,55.7,62.7,nan,nan
2000/32/0,0:53:0,,44.0,54.9,61.9,nan,nan
2000/31/0,0:53:0,,42.8,53.2,60.2,nan,nan
2000/29/0,0:53:0,,41.6,51.6,57.7,nan,nan
2000/28/0,0:53:0,,39.8,49.7,55.7,nan,nan
2000/26/0,0:53:0,,39.3,48.6,54.6,nan,nan
2000/27/0,0:53:0,,37.8,47.6,53.6,nan,nan
2000/27/0,0:53:0,,38.2,47.2,53.2,nan,nan
2000/28/0,0:53:0,,39.1,48.1,54.1,nan,nan
2000/28/0,0:53:0,,39.7,48.7,54.7,nan,nan
2000/29/0,0:53:0,,40.6,50.6,56.6,nan,nan
2000/31/0,0:53:0,,42.5,52.5,59.1,nan,nan
2000/30/0,0:53:0,,42.7,53.0,60.0,nan,nan
2000/32/0,0:53:0,,44.0,54.0,61.0,nan,nan
2000/32/0,0:53:0,,44.0,54.0,61.0,nan,nan
2000/34/0,0:53:0,,45.0,55.9,62.9,nan,nan
2000/33/0,0:53:0,,44.6,55.6,62.6,nan,nan
2000/34/0,0:53:0,,46.0,57.0,64.0,nan,nan
2000/31/0,0:53:0,,47.7,58.7,65.9,nan,nan
2000/32/0,0:53:0,,49.6,61.5,69.5,nan,nan
2000/34/0,0:53:0,,51.4,63.4,71.4,nan,nan
2000/34/0,0:53:0,,51.6,63.6,71.6,nan,nan
2000/35/0,0:53:0,,52.9,64.9,72.9,nan,nan
2000/36/0,0:53:0,,53.4,66.0,74.0,nan,nan
2000/38/0,0:53:0,,54.2,67.2,75.5,nan,nan
2000/40/0,0:53:0,,56.7,69.7,78.7,nan,nan
2000/38/0,0:53:0,,57.3,70.4,79.4,nan,nan
2000/39/0,0:53:0,,57.8,71.2,80.2,nan,nan
2000/37/0,0:53:0,,56.0,69.0,78.0,nan,nan
2000/40/0,0:53:0,,56.8,69.9,78.9,nan,nan
2000/39/0,0:53:0,,58.8,72.5,81.5,nan,nan
2000/37/0,0:53:0,,55.5,68.5,77.1,nan,nan
2000/35/0,0:53:0,,53.7,66.2,74.5,nan,nan
2000/33/0,0:53:0,,50.4,62.4,70.4,nan,nan
2000/35/0,0:53:0,,52.1,64.1,72.1,nan,nan
2000/35/0,0:53:0,,53.1,65.9,73.9,nan,nan
2000/34/0,0:53:0,,52.2,64.2,72.2,nan,nan
2000/34/0,0:53:0,,52.7,65.0,73.0,nan,nan
2000/35/0,0:53:0,,52.1,64.4,72.4,nan,nan
2000/35/0,0:53:0,,53.5,66.5,74.5,nan,nan
2000/40/0,0:53:0,,56.4,69.4,78.3,nan,nan
2000/43/0,0:53:0,,58.6,72.6,81.7,nan,nan
2000/40/0,0:53:0,,60.2,74.3,83.7,nan,nan
2000/40/0,0:53:0,,58.3,71.7,80.7,nan,nan
2000/40/0,0:53:0,,58.3,71.9,80.9,nan,nan
2000/47/0,0:53:0,,62.5,76.9,86.6,nan,nan
2000/47/0,0:53:0,,71.2,87.7,98.9,nan,nan
2000/55/0,0:53:0,,76.7,94.4,106.4,nan,nan
2000/54/0,0:53:0,,83.5,103.1,116.2,nan,nan
2000/56/0,0:53:0,,84.5,103.9,117.2,nan,nan
2000/55/0,0:53:0,,82.0,101.0,113.9,nan,nan
2000/51/0,0:53:0,,75.8,93.6,105.6,nan,nan
2000/51/0,0:53:0,,74.6,91.9,103.9,nan,nan
2000/51/0,0:53:0,,74.0,91.4,103.2,nan,nan
2000/52/0,0:53:0,,75.5,93.1,105.1,nan,nan
2000/51/0,0:53:0,,75.7,93.6,105.6,nan,nan
2000/53/0,0:53:0,,76.9,95.0,107.1,nan,nan
2000/66/0,0:53:0,,98.0,120.5,136.2,nan,nan
2000/68/0,0:53:0,,102.2,125.7,142.1,nan,nan
2000/62/0,0:53:0,,100.1,123.1,139.2,nan,nan
2000/60/0,0:53:0,,92.7,114.2,129.0,nan,nan
2000/51/0,0:53:0,,86.9,107.2,120.9,nan,nan
2000/48/0,0:53:0,,76.1,93.8,105.7,nan,nan
2000/50/0,0:53:0,,76.2,93.7,105.8,nan,nan
2000/53/0,0:53:0,,77.1,95.1,107.1,nan,nan
2000/51/0,0:53:0,,77.7,95.6,107.7,nan,nan
2000/57/0,0:53:0,,75.8,93.3,105.2,nan,nan
2000/54/0,0:53:0,,85.7,105.4,119.1,nan,nan
2000/54/0,0:53:0,,78.1,96.2,108.3,nan,nan
2000/50/0,0:53:0,,78.7,97.1,109.7,nan,nan
2000/50/0,0:53:0,,80.8,99.7,112.4,nan,nan
2000/51/0,0:53:0,,82.9,102.1,115.4,nan,nan
2000/42/0,0:53:0,,70.4,86.8,98.0,nan,nan
2000/40/0,0:53:0,,64.5,79.5,89.5,nan,nan
2000/43/0,0:53:0,,66.2,81.9,92.3,nan,nan
2000/41/0,0:53:0,,66.2,81.8,92.2,nan,nan
2000/44/0,0:53:0,,63.8,78.7,88.7,nan,nan
2000/44/0,0:53:0,,61.1,75.1,84.8,nan,nan
2000/42/0,0:53:0,,62.8,77.5,87.5,nan,nan
2000/45/0,0:53:0,,64.5,79.5,89.5,nan,nan
2000/40/0,0:53:0,,59.5,73.5,82.8,nan,nan
2000/37/0,0:53:0,,55.7,68.7,77.7,nan,nan
2000/40/0,0:53:0,,55.5,68.5,77.1,nan,nan
2000/40/0,0:53:0,,59.2,73.1,82.2,nan,nan
2000/38/0,0:53:0,,56.0,69.1,77.9,nan,nan
2000/37/0,0:53:0,,55.0,68.0,76.8,nan,nan
2000/40/0,0:53:0,,55.8,69.0,78.0,nan,nan
2000/42/0,0:53:0,,64.0,78.9,88.8,nan,nan
2000/40/0,0:53:0,,65.9,81.4,91.9,nan,nan
2000/42/0,0:53:0,,62.0,76.4,86.1,nan,nan
2000/47/0,0:53:0,,68.7,84.9,95.8,nan,nan
2000/51/0,0:53:0,,72.4,89.2,100.6,nan,nan
2000/42/0,0:53:0,,72.1,88.9,100.4,nan,nan
2000/40/0,0:53:0,,67.2,83.0,93.6,nan,nan
2000/43/0,0:53:0,,69.8,86.2,97.2,nan,nan
2000/50/0,0:53:0,,78.1,96.0,108.2,nan,nan
2000/51/0,0:53:0,,78.7,97.2,109.8,nan,nan
2000/44/0,0:53:0,,72.6,89.7,101.3,nan,nan
2000/44/0,0:53:0,,65.6,80.9,91.3,nan,nan
2000/41/0,0:53:0,,61.9,76.1,86.0,nan,nan
2000/36/0,0:53:0,,53.7,66.2,74.5,nan,nan
2000/35/0,0:53:0,,52.7,64.9,72.9,nan,nan
2000/36/0,0:53:0,,53.7,66.7,74.7,nan,nan
2000/33/0,0:53:0,,53.3,66.0,74.1,nan,nan
2000/33/0,0:53:0,,50.2,62.2,70.2,nan,nan
2000/31/0,0:53:0,,49.9,61.6,69.6,nan,nan
2000/32/0,0:53:0,,48.3,59.5,66.9,nan,nan
2000/32/0,0:53:0,,50.4,62.4,70.4,nan,nan
2000/35/0,0:53:0,,52.0,64.0,72.0,nan,nan
2000/35/0,0:53:0,,52.9,65.4,73.4,nan,nan
2000/31/0,0:53:0,,51.4,63.5,71.5,nan,nan
2000/31/0,0:53:0,,49.0,60.4,68.4,nan,nan
2000/33/0,0:53:0,,47.5,58.7,66.2,nan,nan
2000/33/0,0:53:0,,45.3,56.3,63.3,nan,nan
2000/33/0,0:53:0,,44.5,55.4,62.4,nan,nan
2000/31/0,0:53:0,,48.2,59.5,66.9,nan,nan
2000/40/0,0:53:0,,54.6,67.3,75.8,nan,nan
2000/42/0,0:53:0,,58.6,72.3,81.3,nan,nan
2000/43/0,0:53:0,,65.3,80.7,91.2,nan,nan
2000/50/0,0:53:0,,77.3,95.4,107.8,nan,nan
2000/51/0,0:53:0,,80.5,99.5,112.5,nan,nan
2000/51/0,0:53:0,,81.4,100.4,113.4,nan,nan
2000/51/0,0:53:0,,80.5,99.2,112.2,nan,nan
2000/53/0,0:53:0,,83.1,102.5,115.7,nan,nan
2000/51/0,0:53:0,,81.8,100.8,113.7,nan,nan
2000/50/0,0:53:0,,78.6,96.7,109.1,nan,nan
2000/50/0,0:53:0,,80.4,99.0,111.6,nan,nan
2000/59/0,0:53:0,,88.5,108.8,123.0,nan,nan
2000/59/0,0:53:0,,88.0,108.2,122.2,nan,nan
2000/60/0,0:53:0,,86.7,106.8,120.5,nan,nan
2000/60/0,0:53:0,,90.7,111.6,126.0,nan,nan
2000/59/0,0:53:0,,88.6,109.0,123.3,nan,nan
2000/54/0,0:53:0,,84.7,104.2,117.6,nan,nan
2000/54/0,0:53:0,,86.3,106.4,120.0,nan,nan
2000/59/0,0:53:0,,86.8,106.5,120.2,nan,nan
2000/52/0,0:53:0,,85.5,105.4,119.0,nan,nan
2000/54/0,0:53:0,,86.4,106.3,120.0,nan,nan
2000/55/0,0:53:0,,83.6,103.0,116.3,nan,nan
2000/51/0,0:53:0,,82.0,100.9,114.1,nan,nan
2000/55/0,0:53:0,,90.4,111.1,125.7,nan,nan
2000/50/0,0:53:0,,79.0,97.2,109.7,nan,nan
2000/43/0,0:53:0,,69.6,85.7,96.7,nan,nan
2000/43/0,0:53:0,,68.1,83.9,94.6,nan,nan
2000/42/0,0:53:0,,66.1,81.5,91.6,nan,nan
2000/35/0,0:53:0,,58.5,72.1,81.3,nan,nan
2000/35/0,0:53:0,,53.1,65.5,73.5,nan,nan
2000/34/0,0:53:0,,54.3,67.0,75.5,nan,nan
2000/35/0,0:53:0,,52.3,64.4,72.4,nan,nan
2000/31/0,0:53:0,,50.3,62.0,70.0,nan,nan
2000/30/0,0:53:0,,49.0,60.6,68.5,nan,nan
2000/32/0,0:53:0,,48.5,59.8,67.2,nan,nan
2000/32/0,0:53:0,,49.8,61.8,69.8,nan,nan
2000/35/0,0:53:0,,50.8,62.8,70.8,nan,nan
2000/35/0,0:53:0,,52.3,64.4,72.4,nan,nan
2000/32/0,0:53:0,,51.9,63.9,71.9,nan,nan
2000/34/0,0:53:0,,51.7,63.9,71.9,nan,nan
2000/37/0,0:53:0,,53.1,65.5,73.6,nan,nan
2000/36/0,0:53:0,,54.8,67.7,76.1,nan,nan
2000/36/0,0:53:0,,53.0,65.5,73.5,nan,nan
2000/31/0,0:53:0,,50.6,62.6,70.6,nan,nan
2000/31/0,0:53:0,,49.3,61.3,69.3,nan,nan
2000/34/0,0:53:0,,49.1,60.5,68.1,nan,nan
2000/31/0,0:53:0,,50.4,62.4,70.4,nan,nan
2000/36/0,0:53:0,,52.7,65.2,73.2,nan,nan
2000/42/0,0:53:0,,57.6,71.3,80.1,nan,nan
2000/44/0,0:53:0,,62.5,77.3,87.2,nan,nan
2000/42/0,0:53:0,,62.2,76.9,86.8,nan,nan
2000/40/0,0:53:0,,58.4,72.0,81.0,nan,nan
2000/39/0,0:53:0,,59.3,72.9,82.2,nan,nan
2000/38/0,0:53:0,,57.2,70.5,79.5,nan,nan
2000/34/0,0:53:0,,53.6,66.1,74.4,nan,nan
2000/33/0,0:53:0,,51.7,63.7,71.7,nan,nan
2000/35/0,0:53:0,,53.0,65.4,73.4,nan,nan
2000/30/0,0:53:0,,50.6,62.2,69.9,nan,nan
2000/32/0,0:53:0,,46.8,57.8,65.0,nan,nan
2000/28/0,0:53:0,,42.2,52.2,58.7,nan,nan
2000/28/0,0:53:0,,40.3,50.2,56.2,nan,nan
2000/30/0,0:53:0,,41.3,51.3,57.3,nan,nan
2000/28/0,0:53:0,,40.5,50.1,56.1,nan,nan
2000/28/0,0:53:0,,40.0,49.2,55.2,nan,nan
2000/26/0,0:53:0,,39.2,48.2,54.2,nan,nan
2000/26/0,0:53:0,,37.9,46.9,52.9,nan,nan
2000/24/0,0:53:0,,36.0,45.0,50.6,nan,nan
2000/23/0,0:53:0,,35.1,43.8,48.9,nan,nan
2000/21/0,0:53:0,,33.4,41.9,46.9,nan,nan
2000/20/0,0:53:0,,32.6,40.6,45.6,nan,nan
2000/25/0,0:53:0,,31.5,39.5,44.5,nan,nan
2000/21/0,0:53:0,,31.6,39.6,44.6,nan,nan
2000/20/0,0:53:0,,32.8,40.8,45.8,nan,nan
2000/20/0,0:53:0,,32.0,40.0,45.0,nan,nan
2000/20/0,0:53:0,,32.0,40.0,45.0,nan,nan
2000/21/0,0:53:0,,32.8,40.8,45.8,nan,nan
2000/21/0,0:53:0,,32.6,40.6,45.6,nan,nan
2000/25/0,0:53:0,,32.2,40.2,45.2,nan,nan
2000/25/0,0:53:0,,31.1,39.1,44.1,nan,nan
2000/20/0,0:53:0,,31.5,39.5,44.5,nan,nan
2000/25/0,0:53:0,,31.4,39.4,44.4,nan,nan
2000/25/0,0:53:0,,31.0,38.9,43.9,nan,nan
2000/25/0,0:53:0,,31.0,38.5,43.5,nan,nan
2000/20/0,0:53:0,,31.5,39.5,44.5,nan,nan
2000/25/0,0:53:0,,34.3,42.5,47.6,nan,nan
2000/28/0,0:53:0,,38.5,47.5,53.5,nan,nan
2000/27/0,0:53:0,,39.6,48.6,54.6,nan,nan
2000/32/0,0:53:0,,41.3,51.0,57.3,nan,nan
2000/28/0,0:53:0,,42.2,52.2,58.7,nan,nan
2000/28/0,0:53:0,,39.8,49.5,55.5,nan,nan
2000/29/0,0:53:0,,39.9,49.4,55.4,nan,nan
2000/30/0,0:53:0,,45.4,56.3,63.4,nan,nan
2000/30/0,0:53:0,,44.7,55.2,62.0,nan,nan
2000/34/0,0:53:0,,44.0,54.6,61.3,nan,nan
2000/34/0,0:53:0,,47.6,58.6,65.8,nan,nan
2000/34/0,0:53:0,,46.6,57.6,64.6,nan,nan
2000/35/0,0:53:0,,48.1,59.4,66.9,nan,nan
2000/32/0,0:53:0,,48.7,60.5,68.3,nan,nan
2000/30/0,0:53:0,,49.5,61.1,69.0,nan,nan
2000/35/0,0:53:0,,47.0,58.0,65.0,nan,nan
2000/29/0,0:53:0,,43.3,53.6,60.2,nan,nan
2000/26/0,0:53:0,,39.6,49.0,55.0,nan,nan
2000/25/0,0:53:0,,36.9,45.9,51.9,nan,nan
2000/22/0,0:53:0,,34.9,43.5,48.6,nan,nan
2000/23/0,0:53:0,,34.9,43.2,48.2,nan,nan
2000/24/0,0:53:0,,36.5,45.5,51.5,nan,nan
2000/32/0,0:53:0,,39.8,49.3,55.6,nan,nan
2000/32/0,0:53:0,,44.3,55.1,62.1,nan,nan
2000/31/0,0:53:0,,47.8,59.1,66.7,nan,nan
2000/30/0,0:53:0,,48.9,60.6,68.5,nan,nan
2000/35/0,0:53:0,,51.1,62.9,70.9,nan,nan
2000/35/0,0:53:0,,54.5,67.3,75.8,nan,nan
2000/31/0,0:53:0,,50.8,62.7,70.7,nan,nan
2000/32/0,0:53:0,,50.5,62.5,70.5,nan,nan
2000/31/0,0:53:0,,49.5,60.9,68.9,nan,nan
2000/34/0,0:53:0,,50.3,62.0,69.9,nan,nan
2000/35/0,0:53:0,,51.5,63.6,71.6,nan,nan
2000/39/0,0:53:0,,54.3,66.9,75.3,nan,nan
2000/40/0,0:53:0,,58.0,71.6,80.6,nan,nan
2000/44/0,0:53:0,,59.4,73.0,82.3,nan,nan
2000/41/0,0:53:0,,61.5,75.5,85.3,nan,nan
2000/44/0,0:53:0,,61.2,75.5,85.2,nan,nan
2000/44/0,0:53:0,,66.1,81.7,92.3,nan,nan
2000/56/0,0:53:0,,81.0,99.9,112.8,nan,nan
2000/61/0,0:53:0,,88.7,109.0,123.2,nan,nan
2000/54/0,0:53:0,,83.6,103.2,116.6,nan,nan
2000/43/0,0:53:0,,68.8,84.8,95.7,nan,nan
2000/37/0,0:53:0,,56.3,69.6,78.4,nan,nan
2000/35/0,0:53:0,,53.6,66.4,74.7,nan,nan
2000/36/0,0:53:0,,51.3,63.4,71.5,nan,nan
2000/34/0,0:53:0,,51.9,64.0,72.0,nan,nan
2000/31/0,0:53:0,,51.4,63.5,71.5,nan,nan
2000/32/0,0:53:0,,47.5,58.5,65.8,nan,nan
2000/31/0,0:53:0,,43.9,54.7,61.7,nan,nan
2000/30/0,0:53:0,,42.4,52.4,58.6,nan,nan
2000/25/0,0:53:0,,38.6,47.8,53.8,nan,nan
2000/24/0,0:53:0,,36.7,45.7,51.7,nan,nan
2000/25/0,0:53:0,,36.6,45.6,51.4,nan,nan
2000/23/0,0:53:0,,35.7,44.2,49.6,nan,nan
2000/20/0,0:53:0,,33.9,41.9,46.9,nan,nan
2000/21/0,0:53:0,,32.2,40.2,45.2,nan,nan
2000/20/0,0:53:0,,32.3,40.3,45.3,nan,nan
2000/21/0,0:53:0,,32.4,40.4,45.4,nan,nan
2000/20/0,0:53:0,,33.0,41.0,46.0,nan,nan
2000/22/0,0:53:0,,33.9,42.0,47.0,nan,nan
2000/24/0,0:53:0,,35.1,43.8,49.0,nan,nan
2000/24/0,0:53:0,,36.3,45.3,51.1,nan,nan
2000/25/0,0:53:0,,36.4,45.4,51.4,nan,nan
2000/30/0,0:53:0,,40.2,49.7,55.7,nan,nan
2000/35/0,0:53:0,,44.8,55.3,62.4,nan,nan
2000/34/0,0:53:0,,46.6,57.6,64.6,nan,nan
2000/33/0,0:53:0,,45.6,56.5,63.5,nan,nan
2000/35/0,0:53:0,,47.1,58.1,65.1,nan,nan
2000/32/0,0:53:0,,47.0,58.0,65.1,nan,nan
2000/34/0,0:53:0,,46.1,56.9,63.9,nan,nan
2000/35/0,0:53:0,,52.0,64.1,72.3,nan,nan
2000/40/0,0:53:0,,60.1,74.3,83.8,nan,nan
2000/40/0,0:53:0,,63.1,77.8,87.7,nan,nan
2000/44/0,0:53:0,,63.1,77.8,87.8,nan,nan
2000/41/0,0:53:0,,61.0,75.3,84.9,nan,nan
2000/38/0,0:53:0,,57.9,71.3,80.5,nan,nan
2000/38/0,0:53:0,,56.6,69.7,78.7,nan,nan
2000/31/0,0:53:0,,52.3,64.6,72.7,nan,nan
2000/30/0,0:53:0,,47.4,58.5,65.7,nan,nan
2000/34/0,0:53:0,,48.6,59.9,67.4,nan,nan
2000/37/0,0:53:0,,54.0,66.6,75.0,nan,nan
2000/30/0,0:53:0,,51.1,63.1,71.1,nan,nan
2000/43/0,0:53:0,,53.6,66.0,74.5,nan,nan
2000/45/0,0:53:0,,61.7,76.2,86.1,nan,nan
2000/40/0,0:53:0,,61.4,76.1,85.9,nan,nan
2000/37/0,0:53:0,,54.3,67.1,75.5,nan,nan
2000/37/0,0:53:0,,53.4,66.0,74.4,nan,nan
2000/40/0,0:53:0,,56.9,70.3,79.2,nan,nan
2000/39/0,0:53:0,,57.8,71.6,80.6,nan,nan
2000/35/0,0:53:0,,54.1,67.0,75.3,nan,nan
2000/39/0,0:53:0,,55.2,68.2,77.0,nan,nan
2000/42/0,0:53:0,,61.1,75.4,85.0,nan,nan
2000/42/0,0:53:0,,66.0,81.7,91.8,nan,nan
2000/43/0,0:53:0,,64.1,78.9,89.0,nan,nan
2000/50/0,0:53:0,,65.9,81.2,91.6,nan,nan
2000/55/0,0:53:0,,75.9,93.7,105.7,nan,nan
2000/50/0,0:53:0,,79.0,97.2,109.5,nan,nan
2000/62/0,0:53:0,,83.7,103.1,116.5,nan,nan
2000/56/0,0:53:0,,92.6,114.1,129.0,nan,nan
2000/53/0,0:53:0,,87.0,107.0,120.8,nan,nan
2000/59/0,0:53:0,,84.4,104.0,117.5,nan,nan
2000/53/0,0:53:0,,86.7,106.6,120.4,nan,nan
2000/53/0,0:53:0,,84.3,103.8,117.3,nan,nan
2000/58/0,0:53:0,,87.5,107.7,121.8,nan,nan
2000/65/0,0:53:0,,95.3,117.2,132.4,nan,nan
2000/63/0,0:53:0,,96.7,119.0,134.6,nan,nan
2000/63/0,0:53:0,,95.1,116.9,132.2,nan,nan
2000/65/0,0:53:0,,92.3,113.8,128.5,nan,nan
2000/63/0,0:53:0,,93.9,115.7,130.7,nan,nan
2000/65/0,0:53:0,,95.0,116.9,132.1,nan,nan
2000/62/0,0:53:0,,92.1,113.2,128.2,nan,nan
2000/61/0,0:53:0,,90.1,111.0,125.5,nan,nan
2000/56/0,0:53:0,,88.0,108.4,122.6,nan,nan
2000/55/0,0:53:0,,83.3,102.9,116.2,nan,nan
2000/52/0,0:53:0,,82.4,101.6,114.6,nan,nan
2000/54/0,0:53:0,,82.5,101.7,114.7,nan,nan
2000/51/0,0:53:0,,77.1,95.1,107.3,nan,nan
2000/50/0,0:53:0,,76.6,94.3,106.5,nan,nan
2000/54/0,0:53:0,,78.8,96.8,109.1,nan,nan
2000/44/0,0:53:0,,72.0,88.8,100.2,nan,nan
2000/45/0,0:53:0,,63.5,78.4,88.4,nan,nan
2000/36/0,0:53:0,,58.2,71.9,81.1,nan,nan
2000/39/0,0:53:0,,55.6,68.6,77.3,nan,nan
2000/35/0,0:53:0,,55.4,68.2,76.9,nan,nan
2000/35/0,0:53:0,,50.0,61.6,69.5,nan,nan
2000/32/0,0:53:0,,45.8,56.7,63.7,nan,nan
2000/32/0,0:53:0,,44.9,55.8,62.8,nan,nan
2000/32/0,0:53:0,,44.6,55.5,62.5,nan,nan
2000/31/0,0:53:0,,47.2,58.2,65.3,nan,nan
2000/34/0,0:53:0,,49.0,60.7,68.5,nan,nan
2000/36/0,0:53:0,,53.4,66.0,74.4,nan,nan
2000/35/0,0:53:0,,55.0,67.9,76.5,nan,nan
2000/35/0,0:53:0,,53.4,66.1,74.3,nan,nan
2000/44/0,0:53:0,,58.9,72.5,81.8,nan,nan
2000/40/0,0:53:0,,59.9,73.8,83.2,nan,nan
2000/42/0,0:53:0,,58.8,72.6,81.6,nan,nan
2000/35/0,0:53:0,,55.1,68.1,76.6,nan,nan
2000/34/0,0:53:0,,52.0,64.0,72.0,nan,nan
2000/38/0,0:53:0,,52.0,64.2,72.3,nan,nan
2000/36/0,0:53:0,,55.6,68.6,77.3,nan,nan
2000/40/0,0:53:0,,54.3,66.9,75.4,nan,nan
2000/38/0,0:53:0,,55.3,68.1,76.8,nan,nan
2000/43/0,0:53:0,,59.8,73.6,83.1,nan,nan
2000/44/0,0:53:0,,63.3,78.1,88.0,nan,nan
2000/43/0,0:53:0,,63.2,77.9,87.9,nan,nan
2000/40/0,0:53:0,,62.6,77.3,87.1,nan,nan
2000/40/0,0:53:0,,56.9,70.0,79.0,nan,nan
2000/35/0,0:53:0,,53.9,66.5,74.8,nan,nan
2000/31/0,0:53:0,,48.9,60.2,67.7,nan,nan
2000/32/0,0:53:0,,45.9,56.9,63.9,nan,nan
2000/34/0,0:53:0,,44.7,55.7,62.7,nan,nan
2000/32/0,0:53:0,,45.1,55.9,62.9,nan,nan
2000/30/0,0:53:0,,42.7,53.0,59.4,nan,nan
2000/30/0,0:53:0,,41.6,51.6,57.6,nan,nan
2000/32/0,0:53:0,,44.3,54.8,61.6,nan,nan
2000/32/0,0:53:0,,44.8,55.4,62.4,nan,nan
2000/28/0,0:53:0,,42.3,52.1,58.8,nan,nan
2000/23/0,0:53:0,,38.4,47.7,53.6,nan,nan
2000/22/0,0:53:0,,34.6,42.7,47.7,nan,nan
2000/20/0,0:53:0,,32.5,40.5,45.5,nan,nan
2000/24/0,0:53:0,,30.9,38.3,42.9,nan,nan
2000/22/0,0:53:0,,28.4,35.4,39.4,nan,nan
2000/20/0,0:53:0,,27.5,34.5,38.5,nan,nan
2000/20/0,0:53:0,,26.0,32.6,36.6,nan,nan
2000/20/0,0:53:0,,26.0,33.0,37.0,nan,nan
2000/21/0,0:53:0,,26.6,33.6,37.6,nan,nan
2000/22/0,0:53:0,,27.6,34.6,38.6,nan,nan
2000/22/0,0:53:0,,27.4,34.4,38.4,nan,nan
2000/23/0,0:53:0,,28.5,35.5,39.5,nan,nan
2000/25/0,0:53:0,,30.5,37.5,42.0,nan,nan
2000/25/0,0:53:0,,31.0,38.9,43.9,nan,nan
2000/20/0,0:53:0,,31.1,39.0,44.0,nan,nan
2000/20/0,0:53:0,,31.7,39.7,44.7,nan,nan
2000/21/0,0:53:0,,33.4,41.4,46.4,nan,nan
2000/25/0,0:53:0,,31.5,39.2,44.2,nan,nan
2000/24/0,0:53:0,,30.8,38.1,42.8,nan,nan
2000/24/0,0:53:0,,30.5,37.5,42.0,nan,nan
2000/25/0,0:53:0,,30.8,37.9,42.7,nan,nan
2000/24/0,0:53:0,,33.0,41.1,46.3,nan,nan
2000/30/0,0:53:0,,39.5,48.9,54.9,nan,nan
2000/30/0,0:53:0,,41.4,51.4,57.4,nan,nan
2000/31/0,0:53:0,,41.9,51.9,58.1,nan,nan
2000/28/0,0:53:0,,40.4,50.3,56.3,nan,nan
2000/23/0,0:53:0,,36.6,45.5,51.0,nan,nan
2000/25/0,0:53:0,,33.0,40.8,45.8,nan,nan
2000/20/0,0:53:0,,28.0,35.0,39.0,nan,nan
2000/20/0,0:53:0,,26.4,33.4,37.4,nan,nan
2000/20/0,0:53:0,,26.0,32.7,36.7,nan,nan
2000/20/0,0:53:0,,26.0,32.2,36.2,nan,nan
2000/20/0,0:53:0,,26.0,32.7,36.7,nan,nan
2000/20/0,0:53:0,,26.0,32.2,36.2,nan,nan
2000/20/0,0:53:0,,26.0,32.3,36.3,nan,nan
2000/19/0,0:53:0,,25.5,31.5,35.5,nan,nan
2000/20/0,0:53:0,,25.3,31.3,35.3,nan,nan
2000/20/0,0:53:0,,26.0,32.2,36.2,nan,nan
2000/18/0,0:53:0,,25.2,31.2,35.2,nan,nan
2000/18/0,0:53:0,,24.0,30.0,34.0,nan,nan
2000/18/0,0:53:0,,24.9,30.9,34.9,nan,nan
2000/20/0,0:53:0,,25.5,31.6,35.6,nan,nan
2000/20/0,0:53:0,,25.9,32.2,36.2,nan,nan
2000/21/0,0:53:0,,26.2,32.9,36.9,nan,nan
2000/23/0,0:53:0,,27.4,34.4,38.4,nan,nan
2000/24/0,0:53:0,,30.1,37.1,41.4,nan,nan
2000/28/0,0:53:0,,38.1,47.0,52.8,nan,nan
2000/25/0,0:53:0,,38.9,48.0,54.0,nan,nan
2000/33/0,0:53:0,,41.3,51.1,57.4,nan,nan
2000/35/0,0:53:0,,50.1,62.0,69.8,nan,nan
2000/32/0,0:53:0,,51.3,63.7,71.8,nan,nan
2000/32/0,0:53:0,,48.1,59.6,67.1,nan,nan
2000/32/0,0:53:0,,44.3,54.9,61.9,nan,nan
2000/33/0,0:53:0,,48.0,59.2,66.6,nan,nan
2000/31/0,0:53:0,,49.5,61.2,69.2,nan,nan
2000/30/0,0:53:0,,48.3,59.5,67.0,nan,nan
2000/33/0,0:53:0,,46.9,57.9,64.9,nan,nan
2000/31/0,0:53:0,,47.6,58.7,66.2,nan,nan
2000/34/0,0:53:0,,49.5,60.9,68.7,nan,nan
2000/30/0,0:53:0,,49.4,61.0,68.6,nan,nan
2000/35/0,0:53:0,,50.3,62.0,70.0,nan,nan
2000/36/0,0:53:0,,53.9,66.9,74.9,nan,nan
2000/33/0,0:53:0,,53.0,65.4,73.4,nan,nan
2000/32/0,0:53:0,,50.7,62.7,70.7,nan,nan
2000/32/0,0:53:0,,50.1,62.0,70.0,nan,nan
2000/30/0,0:53:0,,48.7,60.0,67.7,nan,nan
2000/28/0,0:53:0,,44.3,54.9,61.6,nan,nan
2000/31/0,0:53:0,,41.1,51.1,57.3,nan,nan
2000/28/0,0:53:0,,41.8,51.8,58.1,nan,nan
2000/24/0,0:53:0,,39.8,49.2,55.2,nan,nan
2000/28/0,0:53:0,,36.4,45.4,50.9,nan,nan
2000/23/0,0:53:0,,37.8,46.8,52.7,nan,nan
2000/23/0,0:53:0,,35.0,43.6,48.6,nan,nan
2000/24/0,0:53:0,,35.7,44.7,50.3,nan,nan
2000/24/0,0:53:0,,37.3,46.3,52.3,nan,nan
2000/31/0,0:53:0,,40.4,50.1,56.2,nan,nan
2000/30/0,0:53:0,,42.2,52.2,58.5,nan,nan
2000/32/0,0:53:0,,42.5,52.6,58.9,nan,nan
2000/28/0,0:53:0,,43.1,53.4,60.2,nan,nan
2000/30/0,0:53:0,,40.1,49.5,55.6,nan,nan
2000/23/0,0:53:0,,37.5,46.5,52.4,nan,nan
2000/20/0,0:53:0,,31.4,39.4,44.4,nan,nan
2000/21/0,0:53:0,,32.9,40.9,45.9,nan,nan
2000/20/0,0:53:0,,32.9,40.9,45.9,nan,nan
2000/26/0,0:53:0,,36.1,44.9,50.6,nan,nan
2000/28/0,0:53:0,,38.8,47.9,53.9,nan,nan
2000/30/0,0:53:0,,44.5,55.0,61.9,nan,nan
2000/33/0,0:53:0,,44.8,55.7,62.7,nan,nan
2000/35/0,0:53:0,,46.0,57.0,64.0,nan,nan
2000/32/0,0:53:0,,48.4,59.9,67.5,nan,nan
2000/34/0,0:53:0,,45.9,56.9,63.9,nan,nan
2000/31/0,0:53:0,,45.2,56.0,63.2,nan,nan
2000/30/0,0:53:0,,44.5,55.0,61.9,nan,nan
2000/32/0,0:53:0,,48.5,59.9,67.3,nan,nan
2000/31/0,0:53:0,,49.1,60.6,68.4,nan,nan
2000/34/0,0:53:0,,50.6,62.7,70.7,nan,nan
2000/39/0,0:53:0,,54.2,66.7,75.2,nan,nan
2000/34/0,0:53:0,,56.1,69.1,77.9,nan,nan
2000/35/0,0:53:0,,54.2,66.9,75.4,nan,nan
2000/32/0,0:53:0,,52.7,65.1,73.1,nan,nan
2000/30/0,0:53:0,,49.4,61.0,68.9,nan,nan
2000/35/0,0:53:0,,49.7,61.3,69.2,nan,nan
2000/31/0,0:53:0,,46.4,57.4,64.7,nan,nan
2000/28/0,0:53:0,,44.6,55.1,61.9,nan,nan
2000/26/0,0:53:0,,39.1,48.2,54.2,nan,nan
2000/25/0,0:53:0,,37.7,46.7,52.5,nan,nan
2000/23/0,0:53:0,,35.2,44.1,49.2,nan,nan
2000/20/0,0:53:0,,33.4,41.4,46.4,nan,nan
2000/24/0,0:53:0,,31.3,38.8,43.6,nan,nan
2000/24/0,0:53:0,,29.7,36.7,40.8,nan,nan
2000/24/0,0:53:0,,29.8,36.8,40.9,nan,nan
2000/20/0,0:53:0,,31.5,39.1,44.1,nan,nan
2000/21/0,0:53:0,,32.3,40.3,45.3,nan,nan
2000/35/0,0:53:0,,45.7,56.7,63.8,nan,nan
2000/35/0,0:53:0,,52.5,64.7,72.7,nan,nan
2000/36/0,0:53:0,,53.5,66.1,74.3,nan,nan
2000/37/0,0:53:0,,52.7,65.0,73.1,nan,nan
2000/32/0,0:53:0,,48.7,60.3,67.9,nan,nan
2000/26/0,0:53:0,,40.1,49.9,55.9,nan,nan
2000/25/0,0:53:0,,38.0,47.0,53.0,nan,nan
2000/28/0,0:53:0,,39.4,48.5,54.5,nan,nan
2000/32/0,0:53:0,,42.2,52.3,58.7,nan,nan
2000/32/0,0:53:0,,48.3,59.7,67.2,nan,nan
2000/35/0,0:53:0,,51.2,63.2,71.2,nan,nan
2000/38/0,0:53:0,,53.5,65.9,74.1,nan,nan
2000/37/0,0:53:0,,57.2,70.2,79.2,nan,nan
2000/33/0,0:53:0,,54.7,67.5,76.2,nan,nan
2000/32/0,0:53:0,,51.7,63.8,71.8,nan,nan
2000/35/0,0:53:0,,53.0,65.2,73.3,nan,nan
2000/36/0,0:53:0,,53.4,66.0,74.0,nan,nan
2000/39/0,0:53:0,,57.3,70.5,79.5,nan,nan
2000/44/0,0:53:0,,60.8,74.8,84.6,nan,nan
2000/46/0,0:53:0,,67.1,82.9,93.6,nan,nan
2000/50/0,0:53:0,,73.9,91.1,102.9,nan,nan
2000/56/0,0:53:0,,81.5,100.3,113.3,nan,nan
2000/53/0,0:53:0,,83.8,103.1,116.4,nan,nan
2000/54/0,0:53:0,,81.9,100.8,113.9,nan,nan
2000/54/0,0:53:0,,83.9,103.1,116.1,nan,nan
2000/55/0,0:53:0,,84.7,104.1,117.5,nan,nan
2000/51/0,0:53:0,,80.1,98.9,111.8,nan,nan
2000/52/0,0:53:0,,80.4,99.4,112.4,nan,nan
2000/52/0,0:53:0,,80.3,99.1,111.9,nan,nan
2000/50/0,0:53:0,,77.2,95.4,107.8,nan,nan
2000/49/0,0:53:0,,76.5,94.4,106.5,nan,nan
2000/48/0,0:53:0,,75.1,92.6,104.4,nan,nan
2000/44/0,0:53:0,,70.4,86.7,97.7,nan,nan
2000/44/0,0:53:0,,69.8,86.1,97.1,nan,nan
2000/42/0,0:53:0,,68.0,84.0,94.8,nan,nan
2000/43/0,0:53:0,,63.7,78.8,88.9,nan,nan
2000/46/0,0:53:0,,66.9,82.5,92.8,nan,nan
2000/51/0,0:53:0,,74.2,91.2,103.2,nan,nan
2000/48/0,0:53:0,,73.4,90.6,102.1,nan,nan
2000/47/0,0:53:0,,70.6,86.7,97.7,nan,nan
2000/55/0,0:53:0,,74.0,91.1,102.7,nan,nan
2000/51/0,0:53:0,,77.3,95.1,107.1,nan,nan
2000/47/0,0:53:0,,71.1,87.5,98.5,nan,nan
2000/45/0,0:53:0,,70.2,86.2,97.2,nan,nan
2000/47/0,0:53:0,,69.7,85.9,96.9,nan,nan
2000/47/0,0:53:0,,72.0,88.9,100.1,nan,nan
2000/47/0,0:53:0,,68.1,84.1,94.9,nan,nan
2000/51/0,0:53:0,,73.8,90.8,102.6,nan,nan
2000/50/0,0:53:0,,78.7,96.9,109.5,nan,nan
2000/53/0,0:53:0,,80.0,98.6,111.4,nan,nan
2000/52/0,0:53:0,,77.2,95.2,107.4,nan,nan
2000/54/0,0:53:0,,81.0,99.5,112.2,nan,nan
2000/50/0,0:53:0,,80.9,99.8,112.8,nan,nan
2000/55/0,0:53:0,,84.4,104.0,117.6,nan,nan
2000/52/0,0:53:0,,82.8,101.9,114.9,nan,nan
2000/54/0,0:53:0,,83.6,103.1,116.1,nan,nan
2000/55/0,0:53:0,,81.2,100.1,112.9,nan,nan
2000/51/0,0:53:0,,75.1,92.5,104.5,nan,nan
2000/43/0,0:53:0,,72.4,89.3,100.9,nan,nan
2000/47/0,0:53:0,,68.0,83.8,94.5,nan,nan
2000/45/0,0:53:0,,68.4,84.4,95.4,nan,nan
2000/47/0,0:53:0,,70.6,86.9,97.9,nan,nan
2000/49/0,0:53:0,,71.1,87.5,98.7,nan,nan
2000/50/0,0:53:0,,76.0,93.8,105.7,nan,nan
2000/50/0,0:53:0,,79.3,97.6,110.1,nan,nan
2000/55/0,0:53:0,,81.2,99.9,112.6,nan,nan
2000/50/0,0:53:0,,75.4,93.0,105.0,nan,nan
2000/48/0,0:53:0,,73.1,90.1,102.0,nan,nan
2000/49/0,0:53:0,,72.6,89.6,101.3,nan,nan
2000/47/0,0:53:0,,70.3,86.8,97.8,nan,nan
2000/42/0,0:53:0,,67.7,83.7,94.4,nan,nan
2000/44/0,0:53:0,,63.7,78.7,88.7,nan,nan
2000/41/0,0:53:0,,58.3,71.8,80.9,nan,nan
2000/41/0,0:53:0,,59.2,73.1,82.3,nan,nan
2000/40/0,0:53:0,,59.2,73.0,82.0,nan,nan
2000/37/0,0:53:0,,57.7,71.1,80.1,nan,nan
2000/30/0,0:53:0,,52.1,64.5,72.5,nan,nan
2000/30/0,0:53:0,,48.2,59.2,66.7,nan,nan
2000/32/0,0:53:0,,45.2,55.8,62.7,nan,nan
2000/31/0,0:53:0,,43.4,53.6,60.5,nan,nan
2000/28/0,0:53:0,,40.4,50.1,56.1,nan,nan
2000/28/0,0:53:0,,38.9,48.1,54.1,nan,nan
2000/27/0,0:53:0,,39.5,48.5,54.5,nan,nan
2000/28/0,0:53:0,,39.7,48.9,54.9,nan,nan
2000/28/0,0:53:0,,38.8,47.8,53.8,nan,nan
2000/27/0,0:53:0,,39.4,48.8,54.8,nan,nan
2000/35/0,0:53:0,,44.0,54.5,61.2,nan,nan
2000/36/0,0:53:0,,52.4,64.9,72.8,nan,nan
2000/36/0,0:53:0,,55.2,68.2,76.6,nan,nan
2000/35/0,0:53:0,,54.2,66.9,75.5,nan,nan
2000/34/0,0:53:0,,49.6,61.2,68.8,nan,nan
2000/28/0,0:53:0,,43.0,53.4,60.0,nan,nan
2000/25/0,0:53:0,,39.6,49.0,55.0,nan,nan
2000/22/0,0:53:0,,35.2,43.9,49.2,nan,nan
2000/26/0,0:53:0,,35.6,44.2,49.7,nan,nan
2000/27/0,0:53:0,,38.0,47.1,53.1,nan,nan
2000/25/0,0:53:0,,39.4,48.6,54.6,nan,nan
2000/26/0,0:53:0,,39.2,48.5,54.5,nan,nan
2000/25/0,0:53:0,,36.9,45.9,51.9,nan,nan
2000/28/0,0:53:0,,39.7,49.5,55.5,nan,nan
2000/29/0,0:53:0,,40.9,50.7,56.7,nan,nan
2000/26/0,0:53:0,,39.7,49.1,55.1,nan,nan
2000/28/0,0:53:0,,38.5,47.6,53.6,nan,nan
2000/23/0,0:53:0,,37.6,46.8,52.5,nan,nan
2000/22/0,0:53:0,,35.4,43.9,49.3,nan,nan
2000/23/0,0:53:0,,32.2,40.2,45.2,nan,nan
2000/23/0,0:53:0,,34.8,43.2,48.4,nan,nan
2000/28/0,0:53:0,,38.9,47.9,53.7,nan,nan
2000/31/0,0:53:0,,41.7,51.7,58.0,nan,nan
2000/32/0,0:53:0,,44.5,55.2,62.2,nan,nan
2000/31/0,0:53:0,,43.7,54.4,61.4,nan,nan
2000/27/0,0:53:0,,40.1,49.7,55.7,nan,nan
2000/24/0,0:53:0,,38.1,47.1,53.1,nan,nan
2000/21/0,0:53:0,,34.8,43.4,48.7,nan,nan
2000/24/0,0:53:0,,31.5,39.2,44.1,nan,nan
2000/23/0,0:53:0,,29.8,36.8,41.0,nan,nan
2000/22/0,0:53:0,,28.7,35.7,39.7,nan,nan
2000/22/0,0:53:0,,28.5,35.5,39.5,nan,nan
2000/22/0,0:53:0,,28.1,35.1,39.1,nan,nan
2000/24/0,0:53:0,,29.0,36.0,40.0,nan,nan
2000/23/0,0:53:0,,35.5,44.1,49.6,nan,nan
2000/24/0,0:53:0,,35.3,43.7,49.0,nan,nan
2000/26/0,0:53:0,,39.0,48.0,54.0,nan,nan
2000/28/0,0:53:0,,39.0,48.0,54.0,nan,nan
2000/33/0,0:53:0,,43.1,53.3,59.9,nan,nan
2000/25/0,0:53:0,,41.6,51.6,58.0,nan,nan
2000/24/0,0:53:0,,35.2,43.7,49.0,nan,nan
2000/24/0,0:53:0,,37.0,46.0,52.0,nan,nan
2000/32/0,0:53:0,,39.8,49.5,55.6,nan,nan
2000/36/0,0:53:0,,49.6,61.5,69.1,nan,nan
2000/42/0,0:53:0,,57.1,70.2,79.1,nan,nan
2000/43/0,0:53:0,,60.9,74.9,84.5,nan,nan
2000/42/0,0:53:0,,58.5,72.4,81.4,nan,nan
2000/33/0,0:53:0,,55.0,67.9,76.5,nan,nan
2000/35/0,0:53:0,,53.5,66.2,74.2,nan,nan
2000/40/0,0:53:0,,56.5,69.6,78.5,nan,nan
2000/44/0,0:53:0,,60.0,74.0,83.2,nan,nan
2000/42/0,0:53:0,,60.6,74.6,84.1,nan,nan
2000/44/0,0:53:0,,60.6,74.7,84.4,nan,nan
2000/44/0,0:53:0,,62.6,77.1,87.1,nan,nan
2000/38/0,0:53:0,,58.9,72.6,81.9,nan,nan
2000/36/0,0:53:0,,55.3,68.3,77.2,nan,nan
2000/32/0,0:53:0,,52.0,64.2,72.2,nan,nan
2000/34/0,0:53:0,,51.3,63.3,71.3,nan,nan
2000/33/0,0:53:0,,52.1,64.4,72.5,nan,nan
2000/30/0,0:53:0,,49.9,61.7,69.6,nan,nan
2000/33/0,0:53:0,,48.4,59.8,67.2,nan,nan
2000/30/0,0:53:0,,41.6,51.7,58.0,nan,nan
2000/26/0,0:53:0,,40.3,50.1,56.1,nan,nan
2000/26/0,0:53:0,,38.6,47.6,53.6,nan,nan
2000/23/0,0:53:0,,36.0,45.0,50.6,nan,nan
2000/25/0,0:53:0,,33.3,41.3,46.3,nan,nan
2000/25/0,0:53:0,,31.0,38.2,43.2,nan,nan
2000/24/0,0:53:0,,30.5,37.5,42.1,nan,nan
2000/24/0,0:53:0,,29.8,36.8,41.0,nan,nan
2000/24/0,0:53:0,,29.9,36.9,40.9,nan,nan
2000/23/0,0:53:0,,29.4,36.4,40.4,nan,nan
2000/25/0,0:53:0,,30.3,37.8,42.4,nan,nan
2000/24/0,0:53:0,,30.6,38.1,42.7,nan,nan
2000/20/0,0:53:0,,30.9,38.3,42.9,nan,nan
2000/25/0,0:53:0,,31.5,39.5,44.5,nan,nan
2000/24/0,0:53:0,,31.0,38.6,43.5,nan,nan
2000/21/0,0:53:0,,28.8,35.8,40.1,nan,nan
2000/20/0,0:53:0,,27.5,34.5,38.5,nan,nan
2000/21/0,0:53:0,,26.3,33.0,37.0,nan,nan
2000/21/0,0:53:0,,27.4,34.4,38.4,nan,nan
2000/22/0,0:53:0,,27.4,34.4,38.4,nan,nan
2000/20/0,0:53:0,,26.3,33.3,37.3,nan,nan
2000/22/0,0:53:0,,28.8,35.8,39.8,nan,nan
2000/22/0,0:53:0,,27.9,34.9,38.9,nan,nan
2000/25/0,0:53:0,,30.1,37.5,42.0,nan,nan
2000/25/0,0:53:0,,31.2,38.7,43.7,nan,nan
2000/22/0,0:53:0,,32.7,40.7,45.7,nan,nan
2000/20/0,0:53:0,,33.9,41.9,46.9,nan,nan
2000/25/0,0:53:0,,31.1,38.7,43.7,nan,nan
2000/20/0,0:53:0,,31.1,38.9,43.9,nan,nan
2000/24/0,0:53:0,,31.1,38.6,43.3,nan,nan
2000/24/0,0:53:0,,30.0,37.0,41.1,nan,nan
2000/23/0,0:53:0,,29.2,36.2,40.2,nan,nan
2000/24/0,0:53:0,,30.2,37.2,41.4,nan,nan
2000/24/0,0:53:0,,29.4,36.4,40.4,nan,nan
2000/22/0,0:53:0,,29.2,36.2,40.2,nan,nan
2000/24/0,0:53:0,,28.7,35.7,39.7,nan,nan
2000/23/0,0:53:0,,29.2,36.2,40.2,nan,nan
2000/23/0,0:53:0,,29.1,36.1,40.1,nan,nan
2000/21/0,0:53:0,,28.0,35.0,39.0,nan,nan
2000/20/0,0:53:0,,27.3,34.3,38.3,nan,nan
2000/19/0,0:53:0,,25.9,32.4,36.4,nan,nan
2000/17/0,0:53:0,,24.1,30.4,34.4,nan,nan
2000/18/0,0:53:0,,23.1,29.3,32.6,nan,nan
2000/17/0,0:53:0,,23.8,29.8,33.6,nan,nan
2000/18/0,0:53:0,,23.3,29.3,32.6,nan,nan
2000/18/0,0:53:0,,23.6,29.6,33.2,nan,nan
2000/19/0,0:53:0,,24.4,30.4,34.4,nan,nan
2000/20/0,0:53:0,,25.7,31.9,35.9,nan,nan
2000/21/0,0:53:0,,26.8,33.8,37.8,nan,nan
2000/20/0,0:53:0,,26.1,33.1,37.1,nan,nan
2000/24/0,0:53:0,,28.3,35.3,39.3,nan,nan
2000/25/0,0:53:0,,30.3,37.3,41.7,nan,nan
2000/20/0,0:53:0,,31.3,39.1,44.1,nan,nan
2000/23/0,0:53:0,,33.9,41.9,46.9,nan,nan
2000/24/0,0:53:0,,35.3,44.1,49.5,nan,nan
2000/24/0,0:53:0,,36.1,45.1,51.1,nan,nan
2000/25/0,0:53:0,,36.1,45.1,51.1,nan,nan
2000/33/0,0:53:0,,42.6,52.8,59.5,nan,nan
2000/31/0,0:53:0,,45.9,56.9,64.0,nan,nan
2000/31/0,0:53:0,,48.1,59.1,66.3,nan,nan
2000/34/0,0:53:0,,49.9,61.5,69.1,nan,nan
2000/37/0,0:53:0,,53.6,66.2,74.5,nan,nan
2000/35/0,0:53:0,,55.2,68.1,76.9,nan,nan
2000/37/0,0:53:0,,54.4,67.3,76.0,nan,nan
2000/39/0,0:53:0,,55.6,68.6,77.4,nan,nan
2000/40/0,0:53:0,,57.4,70.7,79.7,nan,nan
2000/42/0,0:53:0,,57.6,70.9,79.9,nan,nan
2000/44/0,0:53:0,,61.0,75.1,84.8,nan,nan
2000/43/0,0:53:0,,60.5,74.6,84.1,nan,nan
2000/44/0,0:53:0,,61.1,75.4,85.2,nan,nan
2000/44/0,0:53:0,,62.9,77.6,87.6,nan,nan
2000/42/0,0:53:0,,60.2,74.2,83.6,nan,nan
2000/33/0,0:53:0,,57.1,70.6,79.5,nan,nan
2000/31/0,0:53:0,,49.5,61.2,69.1,nan,nan
2000/31/0,0:53:0,,49.2,60.8,68.5,nan,nan
2000/34/0,0:53:0,,47.5,58.8,66.3,nan,nan
2000/31/0,0:53:0,,47.8,59.0,66.4,nan,nan
2000/33/0,0:53:0,,49.8,61.6,69.5,nan,nan
2000/35/0,0:53:0,,50.4,62.4,70.4,nan,nan
2000/36/0,0:53:0,,54.1,67.0,75.3,nan,nan
2000/33/0,0:53:0,,50.4,62.1,69.9,nan,nan
2000/36/0,0:53:0,,53.1,65.9,73.9,nan,nan
2000/31/0,0:53:0,,51.7,64.0,72.0,nan,nan
2000/35/0,0:53:0,,48.3,59.8,67.3,nan,nan
2000/34/0,0:53:0,,53.2,66.1,74.2,nan,nan
2000/35/0,0:53:0,,51.5,63.8,71.8,nan,nan
2000/39/0,0:53:0,,57.5,70.8,79.7,nan,nan
2000/35/0,0:53:0,,55.7,68.7,77.4,nan,nan
2000/35/0,0:53:0,,52.1,64.1,72.1,nan,nan
2000/39/0,0:53:0,,53.6,66.2,74.4,nan,nan
2000/44/0,0:53:0,,59.0,72.9,82.1,nan,nan
2000/45/0,0:53:0,,66.1,81.7,92.2,nan,nan
2000/46/0,0:53:0,,67.9,83.8,94.7,nan,nan
2000/47/0,0:53:0,,71.0,87.5,98.5,nan,nan
2000/50/0,0:53:0,,73.5,90.5,102.5,nan,nan
2000/49/0,0:53:0,,74.1,91.5,103.4,nan,nan
2000/52/0,0:53:0,,75.1,92.6,104.6,nan,nan
2000/52/0,0:53:0,,76.5,94.4,106.4,nan,nan
2000/50/0,0:53:0,,77.0,95.0,107.1,nan,nan
2000/53/0,0:53:0,,79.9,98.6,111.4,nan,nan
2000/50/0,0:53:0,,80.2,98.9,111.8,nan,nan
2000/54/0,0:53:0,,82.6,101.8,114.8,nan,nan
2000/50/0,0:53:0,,82.2,101.2,114.5,nan,nan
2000/50/0,0:53:0,,79.2,97.3,109.6,nan,nan
2000/50/0,0:53:0,,76.8,94.6,107.0,nan,nan
2000/55/0,0:53:0,,77.3,95.1,107.4,nan,nan
2000/51/0,0:53:0,,80.0,98.5,111.0,nan,nan
2000/51/0,0:53:0,,82.2,101.2,114.2,nan,nan
2000/54/0,0:53:0,,83.4,102.9,116.2,nan,nan
2000/54/0,0:53:0,,84.5,104.4,117.8,nan,nan
2000/50/0,0:53:0,,81.5,100.4,113.5,nan,nan
2000/50/0,0:53:0,,79.6,98.0,110.6,nan,nan
2000/55/0,0:53:0,,76.8,94.7,106.7,nan,nan
2000/55/0,0:53:0,,80.1,98.6,111.0,nan,nan
2000/54/0,0:53:0,,79.5,98.0,110.5,nan,nan
2000/56/0,0:53:0,,85.5,105.4,119.1,nan,nan
2000/53/0,0:53:0,,81.2,99.9,112.7,nan,nan
2000/47/0,0:53:0,,71.9,88.7,99.9,nan,nan
2000/46/0,0:53:0,,68.1,83.9,94.7,nan,nan
2000/40/0,0:53:0,,68.0,83.7,94.4,nan,nan
2000/40/0,0:53:0,,56.1,69.3,78.0,nan,nan
2000/44/0,0:53:0,,59.5,73.5,83.0,nan,nan
2000/44/0,0:53:0,,66.1,81.6,92.2,nan,nan
2000/45/0,0:53:0,,66.9,82.6,93.3,nan,nan
2000/31/0,0:53:0,,57.1,70.5,79.5,nan,nan
2000/35/0,0:53:0,,45.8,56.8,63.8,nan,nan
2000/34/0,0:53:0,,48.5,59.9,67.6,nan,nan
2000/33/0,0:53:0,,47.8,59.0,66.3,nan,nan
2000/41/0,0:53:0,,53.8,66.5,74.8,nan,nan
2000/41/0,0:53:0,,63.2,78.0,88.0,nan,nan
2000/46/0,0:53:0,,68.1,84.0,94.7,nan,nan
2000/48/0,0:53:0,,69.8,86.1,97.1,nan,nan
2000/47/0,0:53:0,,73.0,89.9,101.6,nan,nan
2000/44/0,0:53:0,,69.8,86.0,97.0,nan,nan
2000/46/0,0:53:0,,67.5,83.2,93.8,nan,nan
2000/47/0,0:53:0,,71.1,87.6,98.6,nan,nan
2000/45/0,0:53:0,,69.5,85.5,96.5,nan,nan
2000/42/0,0:53:0,,65.7,80.9,91.0,nan,nan
2000/54/0,0:53:0,,72.8,89.8,101.3,nan,nan
2000/46/0,0:53:0,,73.4,90.4,101.9,nan,nan
2000/47/0,0:53:0,,71.2,87.8,99.1,nan,nan
2000/51/0,0:53:0,,72.1,88.8,100.3,nan,nan
2000/54/0,0:53:0,,76.6,94.6,106.6,nan,nan
2000/51/0,0:53:0,,81.1,99.9,112.6,nan,nan
2000/53/0,0:53:0,,79.2,97.2,109.9,nan,nan
2000/55/0,0:53:0,,79.0,97.2,109.6,nan,nan
2000/50/0,0:53:0,,77.7,95.8,108.2,nan,nan
2000/42/0,0:53:0,,70.0,86.2,97.3,nan,nan
2000/42/0,0:53:0,,65.8,81.3,91.7,nan,nan
2000/43/0,0:53:0,,64.9,80.1,90.4,nan,nan
2000/47/0,0:53:0,,64.2,79.2,89.3,nan,nan
2000/40/0,0:53:0,,65.1,80.4,90.6,nan,nan
2000/41/0,0:53:0,,64.4,79.4,89.4,nan,nan
2000/44/0,0:53:0,,63.1,77.9,87.9,nan,nan
2000/38/0,0:53:0,,59.2,73.0,82.4,nan,nan
2000/38/0,0:53:0,,58.6,72.2,81.6,nan,nan
2000/35/0,0:53:0,,55.8,68.7,77.5,nan,nan
2000/34/0,0:53:0,,48.7,60.3,67.9,nan,nan
2000/29/0,0:53:0,,44.3,55.0,61.9,nan,nan
2000/25/0,0:53:0,,40.2,49.8,55.8,nan,nan
2000/20/0,0:53:0,,35.8,44.4,50.0,nan,nan
2000/23/0,0:53:0,,30.8,38.2,43.0,nan,nan
2000/20/0,0:53:0,,26.6,33.6,37.6,nan,nan
2000/20/0,0:53:0,,25.9,32.0,36.0,nan,nan
2000/19/0,0:53:0,,25.7,32.0,36.0,nan,nan
2000/21/0,0:53:0,,27.1,33.8,37.8,nan,nan
2000/21/0,0:53:0,,28.0,35.0,39.0,nan,nan
2000/25/0,0:53:0,,29.6,36.7,41.1,nan,nan
2000/24/0,0:53:0,,34.5,42.8,48.0,nan,nan
2000/23/0,0:53:0,,35.4,44.4,49.6,nan,nan
2000/23/0,0:53:0,,35.2,43.9,49.1,nan,nan
2000/26/0,0:53:0,,35.8,44.8,50.3,nan,nan
2000/28/0,0:53:0,,41.0,50.6,56.9,nan,nan
2000/25/0,0:53:0,,38.2,47.2,53.2,nan,nan
2000/26/0,0:53:0,,37.9,46.9,52.9,nan,nan
2000/29/0,0:53:0,,39.7,49.4,55.4,nan,nan
2000/35/0,0:53:0,,42.6,52.8,59.0,nan,nan
2000/34/0,0:53:0,,44.9,55.6,62.6,nan,nan
2000/45/0,0:53:0,,53.8,66.5,74.9,nan,nan
2000/46/0,0:53:0,,67.2,82.8,93.4,nan,nan
2000/42/0,0:53:0,,68.8,84.8,95.6,nan,nan
2000/33/0,0:53:0,,60.0,73.9,83.3,nan,nan
2000/39/0,0:53:0,,55.4,68.4,77.1,nan,nan
2000/38/0,0:53:0,,60.0,74.0,83.5,nan,nan
2000/35/0,0:53:0,,53.4,66.4,74.5,nan,nan
2000/36/0,0:53:0,,51.2,63.3,71.3,nan,nan
2000/36/0,0:53:0,,51.9,64.1,72.1,nan,nan
2000/31/0,0:53:0,,52.3,64.7,72.8,nan,nan
2000/35/0,0:53:0,,48.5,60.0,67.6,nan,nan
2000/33/0,0:53:0,,48.1,59.4,66.9,nan,nan
2000/30/0,0:53:0,,43.5,53.8,60.7,nan,nan
2000/30/0,0:53:0,,42.8,52.8,59.5,nan,nan
2000/35/0,0:53:0,,44.8,55.7,62.7,nan,nan
2000/32/0,0:53:0,,44.0,54.4,61.4,nan,nan
2000/28/0,0:53:0,,40.7,50.6,56.7,nan,nan
2000/27/0,0:53:0,,38.5,47.5,53.5,nan,nan
2000/28/0,0:53:0,,39.0,48.0,54.0,nan,nan
2000/28/0,0:53:0,,40.0,49.6,55.6,nan,nan
2000/28/0,0:53:0,,40.7,50.2,56.3,nan,nan
2000/31/0,0:53:0,,40.7,50.3,56.4,nan,nan
2000/30/0,0:53:0,,41.7,51.7,57.8,nan,nan
2000/28/0,0:53:0,,40.1,49.4,55.4,nan,nan
2000/26/0,0:53:0,,38.8,47.8,53.8,nan,nan
2000/27/0,0:53:0,,38.1,47.1,53.1,nan,nan
2000/32/0,0:53:0,,39.9,49.3,55.4,nan,nan
2000/34/0,0:53:0,,45.6,56.6,63.6,nan,nan
2000/36/0,0:53:0,,50.4,62.3,70.1,nan,nan
2000/43/0,0:53:0,,57.2,70.5,79.6,nan,nan
2000/42/0,0:53:0,,60.8,74.8,84.5,nan,nan
2000/41/0,0:53:0,,58.9,72.9,81.9,nan,nan
2000/42/0,0:53:0,,63.3,78.0,87.9,nan,nan
2000/44/0,0:53:0,,64.0,79.0,89.0,nan,nan
2000/45/0,0:53:0,,64.0,79.0,89.0,nan,nan
2000/42/0,0:53:0,,60.4,74.6,84.1,nan,nan
2000/42/0,0:53:0,,59.7,73.6,82.7,nan,nan
2000/35/0,0:53:0,,56.2,69.2,77.8,nan,nan
2000/42/0,0:53:0,,62.0,76.3,85.8,nan,nan
2000/41/0,0:53:0,,65.5,80.7,90.7,nan,nan
2000/42/0,0:53:0,,65.3,80.5,90.6,nan,nan
2000/46/0,0:53:0,,67.3,83.3,94.1,nan,nan
2000/47/0,0:53:0,,70.7,87.2,98.3,nan,nan
2000/43/0,0:53:0,,69.2,85.3,96.4,nan,nan
2000/44/0,0:53:0,,62.2,76.6,86.4,nan,nan
2000/43/0,0:53:0,,60.6,74.8,84.5,nan,nan
2000/40/0,0:53:0,,62.3,76.6,86.6,nan,nan
2000/44/0,0:53:0,,63.6,78.4,88.4,nan,nan
2000/38/0,0:53:0,,59.1,72.9,82.1,nan,nan
2000/33/0,0:53:0,,54.3,66.9,75.4,nan,nan
2000/31/0,0:53:0,,51.8,63.9,71.9,nan,nan
2000/33/0,0:53:0,,48.1,59.2,66.8,nan,nan
2000/34/0,0:53:0,,49.7,61.4,69.2,nan,nan
2000/35/0,0:53:0,,51.2,63.3,71.3,nan,nan
2000/31/0,0:53:0,,51.6,63.7,71.7,nan,nan
2000/35/0,0:53:0,,48.9,60.4,67.9,nan,nan
2000/33/0,0:53:0,,48.3,59.4,66.7,nan,nan
2000/31/0,0:53:0,,50.2,62.1,70.1,nan,nan
2000/32/0,0:53:0,,46.0,57.0,64.2,nan,nan
2000/28/0,0:53:0,,41.0,50.7,56.9,nan,nan
2000/25/0,0:53:0,,39.0,48.0,54.0,nan,nan
2000/23/0,0:53:0,,36.1,44.9,50.5,nan,nan
2000/23/0,0:53:0,,35.0,43.5,48.7,nan,nan
2000/23/0,0:53:0,,36.3,45.2,50.9,nan,nan
2000/24/0,0:53:0,,34.5,42.8,47.9,nan,nan
2000/24/0,0:53:0,,37.5,46.5,52.5,nan,nan
2000/25/0,0:53:0,,36.1,45.1,51.0,nan,nan
2000/49/0,0:53:0,,46.2,56.9,64.8,nan,nan
2000/109/0,0:53:0,,227.6,281.4,334.4,nan,nan
2002/135/1,0:53:0,,235.3,293.5,363.0,nan,nan
2001/30/1,0:53:0,,379.2,474.0,569.0,nan,nan
2003/116/2,0:53:0,,522.8,669.9,775.1,nan,nan
2003/148/3,0:53:0,,873.7,1000.0,1000.0,nan,nan
2003/143/3,0:53:0,,999.5,1000.0,1000.0,nan,nan
2003/148/3,0:53:0,,864.2,982.6,1000.0,nan,nan
2003/148/3,0:53:0,,987.6,1000.0,1000.0,nan,nan
2003/106/3,0:53:0,,974.7,1000.0,1000.0,nan,nan
2003/148/3,0:53:0,,1000.0,1000.0,1000.0,nan,nan
2003/148/3,0:53:0,,1000.0,1000.0,1000.0,nan,nan
2003/148/3,0:53:0,,1000.0,1000.0,1000.0,nan,nan
2003/148/3,0:53:0,,1000.0,1000.0,1000.0,nan,nan
2003/148/3,0:53:0,,1000.0,1000.0,1000.0,nan,nan
2003/148/3,0:53:0,,1000.0,1000.0,1000.0,nan,nan
2003/148/3,0:53:0,,1000.0,1000.0,1000.0,nan,nan
2003/148/3,0:53:0,,1000.0,1000.0,1000.0,nan,nan
2003/148/3,0:53:0,,1000.0,1000.0,1000.0,nan,nan
2003/148/3,0:53:0,,1000.0,1000.0,1000.0,nan,nan
2003/148/3,0:53:0,,1000.0,1000.0,1000.0,nan,nan
2003/148/3,0:53:0,,1000.0,1000.0,1000.0,nan,nan
2003/148/3,0:53:0,,1000.0,1000.0,1000.0,nan,nan
2003/148/3,0:53:0,,1000.0,1000.0,1000.0,nan,nan
2003/148/3,0:53:0,,1000.0,1000.0,1000.0,nan,nan
2003/148/3,0:53:0,,1000.0,1000.0,1000.0,nan,nan
2003/148/3,0:53:0,,1000.0,1000.0,1000.0,nan,nan
2003/148/3,0:53:0,,1000.0,1000.0,1000.0,nan,nan
2003/148/3,0:53:0,,1000.0,1000.0,1000.0,nan,nan
2003/148/3,0:53:0,,1000.0,1000.0,1000.0,nan,nan
2003/148/3,0:53:0,,1000.0,1000.0,1000.0,nan,nan
2003/148/3,0:53:0,,1000.0,1000.0,1000.0,nan,nan
2003/148/3,0:53:0,,1000.0,1000.0,1000.0,nan,nan
2003/148/3,0:53:0,,1000.0,1000.0,1000.0,nan,nan
2003/148/3,0:53:0,,1000.0,1000.0,1000.0,nan,nan
2003/148/3,0:53:0,,1000.0,1000.0,1000.0,nan,nan
2003/148/3,0:53:0,,1000.0,1000.0,1000.0,nan,nan
2003/125/3,0:53:0,,981.2,1000.0,1000.0,nan,nan
2003/103/3,0:53:0,,945.7,1000.0,1000.0,nan,nan
2003/89/3,0:53:0,,914.5,1000.0,1000.0,nan,nan
2003/73/3,0:53:0,,890.2,1000.0,1000.0,nan,nan
2003/78/3,0:53:0,,887.0,1000.0,1000.0,nan,nan
2003/51/3,0:53:0,,864.2,1000.0,1000.0,nan,nan
2003/44/3,0:53:0,,835.8,1000.0,1000.0,nan,nan
2003/33/3,0:53:0,,820.2,1000.0,1000.0,nan,nan
2003/25/3,0:53:0,,810.1,1000.0,1000.0,nan,nan
2003/10/3,0:53:0,,794.2,1000.0,1000.0,nan,nan
2003/161/2,0:53:0,,771.1,997.8,1000.0,nan,nan
2003/141/2,0:53:0,,748.1,963.7,1000.0,nan,nan
2003/129/2,0:53:0,,724.7,930.8,1000.0,nan,nan
2003/110/2,0:53:0,,693.0,900.2,1000.0,nan,nan
2003/103/2,0:53:0,,682.5,881.1,1000.0,nan,nan
2003/90/2,0:53:0,,663.1,858.4,999.2,nan,nan
2003/79/2,0:53:0,,640.5,833.3,975.8,nan,nan
2003/66/2,0:53:0,,622.7,803.7,935.1,nan,nan
2002/54/2,0:53:0,,603.7,774.5,912.0,nan,nan
2002/42/2,0:53:0,,578.3,740.4,866.7,nan,nan
2002/37/2,0:53:0,,568.6,721.9,835.9,nan,nan
2002/22/2,0:53:0,,557.4,706.1,813.6,nan,nan
2002/17/2,0:53:0,,538.8,688.8,803.9,nan,nan
2002/165/1,0:53:0,,520.9,667.5,781.9,nan,nan
2002/165/1,0:53:0,,512.3,654.4,771.7,nan,nan
2002/155/1,0:53:0,,501.1,639.3,745.3,nan,nan
2002/140/1,0:53:0,,488.8,625.9,732.7,nan,nan
2002/140/1,0:53:0,,480.3,614.1,719.2,nan,nan
2002/132/1,0:53:0,,469.7,601.6,708.6,nan,nan
2002/133/1,0:53:0,,460.9,589.8,689.6,nan,nan
2002/123/1,0:53:0,,454.1,572.6,659.6,nan,nan
2002/110/1,0:53:0,,440.0,557.2,649.6,nan,nan
2002/103/1,0:53:0,,419.2,534.4,623.2,nan,nan
2001/96/1,0:53:0,,408.2,518.1,600.9,nan,nan
2001/88/1,0:53:0,,397.3,501.7,572.7,nan,nan
2001/83/1,0:53:0,,388.7,486.2,560.4,nan,nan
2001/70/1,0:53:0,,376.6,471.5,539.1,nan,nan
2001/74/1,0:53:0,,365.1,460.9,527.3,nan,nan
2001/64/1,0:53:0,,358.6,447.1,513.6,nan,nan
2001/50/1,0:53:0,,344.0,431.3,498.3,nan,nan
2001/51/1,0:53:0,,335.7,420.7,487.0,nan,nan
2001/48/1,0:53:0,,329.3,412.2,474.9,nan,nan
2001/41/1,0:53:0,,319.8,401.8,458.9,nan,nan
2001/33/1,0:53:0,,310.2,389.1,450.9,nan,nan
2001/31/1,0:53:0,,302.6,377.5,432.0,nan,nan
2001/23/1,0:53:0,,293.3,367.0,421.7,nan,nan
2001/23/1,0:53:0,,287.5,359.4,411.6,nan,nan
2001/18/1,0:53:0,,280.5,352.0,406.1,nan,nan
2001/10/1,0:53:0,,272.5,341.7,392.0,nan,nan
2001/2/1,0:53:0,,261.6,329.9,376.5,nan,nan
2001/164/0,0:53:0,,255.7,322.0,370.5,nan,nan
2001/158/0,0:53:0,,251.6,314.0,357.6,nan,nan
2001/153/0,0:53:0,,243.6,304.8,345.4,nan,nan
2001/142/0,0:53:0,,230.5,293.3,339.2,nan,nan
2001/145/0,0:53:0,,223.3,283.3,325.5,nan,nan
2001/140/0,0:53:0,,220.6,274.9,317.3,nan,nan
2001/140/0,0:53:0,,217.0,268.6,306.0,nan,nan
2001/132/0,0:53:0,,216.0,266.5,301.7,nan,nan
2001/133/0,0:53:0,,206.7,258.8,298.1,nan,nan
2000/131/0,0:53:0,,205.4,253.0,290.3,nan,nan
2000/124/0,0:53:0,,198.3,247.7,285.8,nan,nan
2000/126/0,0:53:0,,196.2,243.1,277.8,nan,nan
2000/120/0,0:53:0,,195.3,239.6,271.2,nan,nan
2000/117/0,0:53:0,,187.4,232.5,265.6,nan,nan
2000/115/0,0:53:0,,179.7,225.2,255.1,nan,nan
2000/108/0,0:53:0,,170.5,213.5,241.7,nan,nan
2000/101/0,0:53:0,,164.6,203.9,231.3,nan,nan
2000/100/0,0:53:0,,161.1,198.9,227.5,nan,nan
2000/104/0,0:53:0,,158.8,195.0,220.5,nan,nan
2000/99/0,0:53:0,,155.1,191.2,217.8,nan,nan
2000/97/0,0:53:0,,150.5,188.0,215.3,nan,nan
2000/96/0,0:53:0,,151.2,185.7,211.4,nan,nan
2000/93/0,0:53:0,,148.1,182.1,206.1,nan,nan
2000/95/0,0:53:0,,145.3,178.3,201.5,nan,nan
2000/94/0,0:53:0,,143.0,176.0,199.0,nan,nan
2000/94/0,0:53:0,,141.0,173.2,196.1,nan,nan
2000/91/0,0:53:0,,140.7,172.8,197.0,nan,nan
2000/91/0,0:53:0,,139.3,171.4,193.7,nan,nan
2000/90/0,0:53:0,,139.5,171.5,194.1,nan,nan
2000/92/0,0:53:0,,137.8,169.2,191.4,nan,nan
2000/95/0,0:53:0,,142.9,175.8,198.8,nan,nan
2000/90/0,0:53:0,,141.6,174.3,197.2,nan,nan
2000/89/0,0:53:0,,138.5,170.1,192.3,nan,nan
2000/84/0,0:53:0,,135.4,166.2,187.9,nan,nan
2000/81/0,0:53:0,,131.2,161.2,182.2,nan,nan
2000/75/0,0:53:0,,122.8,150.8,170.6,nan,nan
2000/78/0,0:53:0,,118.1,145.0,163.9,nan,nan
2000/76/0,0:53:0,,119.8,147.2,166.2,nan,nan
2000/78/0,0:53:0,,120.1,147.6,166.6,nan,nan
2000/78/0,0:53:0,,120.3,148.1,167.2,nan,nan
2000/77/0,0:53:0,,119.7,147.4,166.4,nan,nan
2000/79/0,0:53:0,,120.3,148.0,167.0,nan,nan
2000/76/0,0:53:0,,119.2,146.3,165.3,nan,nan
2000/78/0,0:53:0,,119.1,146.4,165.4,nan,nan
2000/84/0,0:53:0,,125.1,153.8,173.9,nan,nan
2000/80/0,0:53:0,,126.6,155.6,176.0,nan,nan
2000/85/0,0:53:0,,132.0,162.1,183.1,nan,nan
2000/83/0,0:53:0,,130.3,160.3,181.3,nan,nan
2000/76/0,0:53:0,,123.0,151.0,170.8,nan,nan
2000/72/0,0:53:0,,117.0,143.8,162.7,nan,nan
2000/75/0,0:53:0,,110.1,135.6,153.3,nan,nan
2000/68/0,0:53:0,,108.5,133.5,151.0,nan,nan
2000/62/0,0:53:0,,100.7,123.8,140.0,nan,nan
2000/65/0,0:53:0,,103.0,126.8,143.6,nan,nan
2000/63/0,0:53:0,,101.7,125.1,141.4,nan,nan
2000/61/0,0:53:0,,96.0,118.1,133.3,nan,nan
2000/63/0,0:53:0,,96.5,118.8,134.1,nan,nan
2000/63/0,0:53:0,,93.0,114.7,129.7,nan,nan
2000/61/0,0:53:0,,91.1,112.1,126.8,nan,nan
2000/60/0,0:53:0,,90.5,111.4,125.8,nan,nan
2000/62/0,0:53:0,,94.7,116.4,131.5,nan,nan
2000/64/0,0:53:0,,97.2,119.6,135.0,nan,nan
2000/61/0,0:53:0,,99.1,121.7,137.4,nan,nan
2000/68/0,0:53:0,,103.0,126.4,142.8,nan,nan
2000/63/0,0:53:0,,102.0,125.5,142.0,nan,nan
2000/65/0,0:53:0,,101.5,124.6,140.8,nan,nan
2000/57/0,0:53:0,,90.2,111.1,125.7,nan,nan
2000/58/0,0:53:0,,88.9,109.3,123.5,nan,nan
2000/53/0,0:53:0,,86.6,106.5,120.1,nan,nan
2000/63/0,0:53:0,,84.8,104.3,117.7,nan,nan
2000/63/0,0:53:0,,94.6,116.6,131.6,nan,nan
2000/62/0,0:53:0,,95.9,118.2,133.6,nan,nan
2000/66/0,0:53:0,,103.1,126.9,143.5,nan,nan
2000/64/0,0:53:0,,101.2,124.4,140.4,nan,nan
2000/68/0,0:53:0,,101.9,125.5,141.9,nan,nan
2000/62/0,0:53:0,,102.0,125.5,142.1,nan,nan
2000/60/0,0:53:0,,98.2,120.8,136.6,nan,nan
2000/64/0,0:53:0,,95.5,117.5,132.5,nan,nan
2000/59/0,0:53:0,,91.2,112.2,126.8,nan,nan
2000/56/0,0:53:0,,86.7,106.7,120.7,nan,nan
2000/51/0,0:53:0,,82.7,102.0,115.0,nan,nan
2000/54/0,0:53:0,,79.6,98.1,110.6,nan,nan
2000/52/0,0:53:0,,76.6,94.4,106.4,nan,nan
2000/53/0,0:53:0,,77.4,95.4,107.4,nan,nan
2000/54/0,0:53:0,,80.3,98.8,111.3,nan,nan
2000/55/0,0:53:0,,76.7,94.6,106.6,nan,nan
2000/52/0,0:53:0,,78.0,96.3,108.7,nan,nan
2000/54/0,0:53:0,,76.9,94.9,106.9,nan,nan
2000/53/0,0:53:0,,78.8,96.8,108.8,nan,nan
2000/49/0,0:53:0,,75.6,93.5,105.5,nan,nan
2000/54/0,0:53:0,,75.4,93.1,104.9,nan,nan
2000/51/0,0:53:0,,77.9,95.8,108.1,nan,nan
2000/52/0,0:53:0,,74.8,92.5,104.5,nan,nan
2000/50/0,0:53:0,,75.3,92.8,104.6,nan,nan
2000/42/0,0:53:0,,70.8,87.2,98.3,nan,nan
2000/36/0,0:53:0,,60.0,74.1,83.4,nan,nan
2000/35/0,0:53:0,,50.6,62.4,70.0,nan,nan
2000/31/0,0:53:0,,42.9,53.2,59.9,nan,nan
2000/32/0,0:53:0,,42.9,53.3,59.9,nan,nan
2000/33/0,0:53:0,,45.4,56.2,63.3,nan,nan
2000/32/0,0:53:0,,43.4,53.7,60.6,nan,nan
2000/35/0,0:53:0,,45.0,56.0,63.0,nan,nan
2000/34/0,0:53:0,,47.1,58.1,65.1,nan,nan
2000/31/0,0:53:0,,48.4,59.9,67.5,nan,nan
2000/35/0,0:53:0,,48.6,60.1,67.6,nan,nan
2000/32/0,0:53:0,,45.1,55.6,62.6,nan,nan
2000/32/0,0:53:0,,42.9,52.9,59.5,nan,nan
2000/29/0,0:53:0,,42.0,52.0,58.3,nan,nan
2000/29/0,0:53:0,,40.8,50.8,56.8,nan,nan
2000/24/0,0:53:0,,38.0,47.0,53.0,nan,nan
2000/25/0,0:53:0,,37.6,46.6,52.6,nan,nan
2000/26/0,0:53:0,,36.7,45.7,51.5,nan,nan
2000/33/0,0:53:0,,48.9,60.3,67.9,nan,nan
2000/40/0,0:53:0,,53.7,66.0,74.2,nan,nan
2000/41/0,0:53:0,,61.5,75.8,85.3,nan,nan
2000/52/0,0:53:0,,66.6,82.1,92.6,nan,nan
2000/45/0,0:53:0,,72.5,89.6,101.0,nan,nan
2000/31/0,0:53:0,,50.2,62.0,69.8,nan,nan
2000/29/0,0:53:0,,41.8,51.8,58.1,nan,nan
2000/22/0,0:53:0,,37.7,46.8,52.5,nan,nan
2000/20/0,0:53:0,,33.7,42.1,47.1,nan,nan
2000/25/0,0:53:0,,31.3,39.1,44.1,nan,nan
2000/21/0,0:53:0,,31.6,39.6,44.6,nan,nan
2000/23/0,0:53:0,,33.3,41.3,46.3,nan,nan
2000/23/0,0:53:0,,34.8,43.0,48.0,nan,nan
2000/23/0,0:53:0,,35.4,44.2,49.6,nan,nan
2000/24/0,0:53:0,,35.3,44.1,49.4,nan,nan
2000/20/0,0:53:0,,35.0,43.6,49.1,nan,nan
2000/24/0,0:53:0,,30.9,38.1,43.0,nan,nan
2000/22/0,0:53:0,,29.8,36.8,41.0,nan,nan
2000/25/0,0:53:0,,30.0,37.0,41.4,nan,nan
2000/25/0,0:53:0,,31.0,38.1,43.1,nan,nan
2000/20/0,0:53:0,,32.3,40.3,45.3,nan,nan
2000/23/0,0:53:0,,34.5,42.7,47.7,nan,nan
2000/26/0,0:53:0,,35.7,44.3,49.7,nan,nan
2000/27/0,0:53:0,,39.0,48.0,54.0,nan,nan
2000/27/0,0:53:0,,39.3,48.5,54.5,nan,nan
2000/24/0,0:53:0,,37.3,46.3,52.3,nan,nan
2000/25/0,0:53:0,,36.9,45.9,51.9,nan,nan
2000/28/0,0:53:0,,38.7,47.7,53.7,nan,nan
2000/26/0,0:53:0,,39.2,48.6,54.6,nan,nan
2000/29/0,0:53:0,,40.3,50.1,56.1,nan,nan
2000/31/0,0:53:0,,40.9,50.7,56.9,nan,nan
2000/29/0,0:53:0,,42.0,52.0,58.1,nan,nan
2000/29/0,0:53:0,,40.8,50.8,56.8,nan,nan
2000/28/0,0:53:0,,40.2,50.2,56.2,nan,nan
2000/28/0,0:53:0,,40.2,50.0,56.0,nan,nan
2000/28/0,0:53:0,,39.4,48.6,54.6,nan,nan
2000/28/0,0:53:0,,40.0,49.2,55.2,nan,nan
2000/31/0,0:53:0,,42.0,52.0,58.3,nan,nan
2000/30/0,0:53:0,,42.9,52.9,59.8,nan,nan
2000/27/0,0:53:0,,40.1,49.6,55.6,nan,nan
2000/25/0,0:53:0,,37.5,46.5,52.5,nan,nan
2000/26/0,0:53:0,,37.2,46.2,52.2,nan,nan
2000/28/0,0:53:0,,40.9,50.8,57.0,nan,nan
2000/29/0,0:53:0,,41.5,51.5,57.8,nan,nan
2000/32/0,0:53:0,,42.8,52.9,59.7,nan,nan
2000/35/0,0:53:0,,46.5,57.5,64.6,nan,nan
2000/33/0,0:53:0,,50.6,62.4,70.2,nan,nan
2000/35/0,0:53:0,,48.9,60.1,67.9,nan,nan
2000/31/0,0:53:0,,46.8,57.8,64.9,nan,nan
2000/31/0,0:53:0,,48.2,59.3,66.9,nan,nan
2000/35/0,0:53:0,,48.5,59.6,67.3,nan,nan
2000/31/0,0:53:0,,47.9,59.0,66.4,nan,nan
2000/31/0,0:53:0,,48.2,59.4,67.0,nan,nan
2000/36/0,0:53:0,,52.5,64.9,73.0,nan,nan
2000/31/0,0:53:0,,50.3,62.4,70.4,nan,nan
2000/30/0,0:53:0,,47.5,58.5,65.5,nan,nan
2000/32/0,0:53:0,,45.9,56.9,63.9,nan,nan
2000/28/0,0:53:0,,40.7,50.7,56.8,nan,nan
2000/26/0,0:53:0,,39.8,49.1,55.1,nan,nan
2000/26/0,0:53:0,,37.0,46.0,52.0,nan,nan
2000/24/0,0:53:0,,37.3,46.3,52.3,nan,nan
2000/23/0,0:53:0,,35.4,44.4,49.8,nan,nan
2000/23/0,0:53:0,,35.4,44.2,49.6,nan,nan
2000/28/0,0:53:0,,38.1,47.1,53.0,nan,nan
2000/27/0,0:53:0,,39.0,48.1,54.1,nan,nan
2000/26/0,0:53:0,,38.0,47.0,53.0,nan,nan
2000/29/0,0:53:0,,39.9,49.2,55.2,nan,nan
2000/33/0,0:53:0,,43.6,54.0,60.5,nan,nan
2000/35/0,0:53:0,,49.7,61.4,69.2,nan,nan
2000/31/0,0:53:0,,45.2,55.8,63.0,nan,nan
2000/32/0,0:53:0,,46.3,57.2,64.3,nan,nan
2000/32/0,0:53:0,,45.2,56.2,63.2,nan,nan
2000/28/0,0:53:0,,42.1,52.0,58.4,nan,nan
2000/26/0,0:53:0,,39.9,49.4,55.4,nan,nan
2000/32/0,0:53:0,,42.7,52.5,59.3,nan,nan
2000/34/0,0:53:0,,44.1,54.5,61.5,nan,nan
2000/31/0,0:53:0,,48.0,59.1,66.5,nan,nan
2000/40/0,0:53:0,,52.9,65.1,73.5,nan,nan
2000/35/0,0:53:0,,54.7,67.5,76.0,nan,nan
2000/37/0,0:53:0,,53.0,65.5,73.8,nan,nan
2000/35/0,0:53:0,,53.4,66.2,74.5,nan,nan
2000/33/0,0:53:0,,54.0,66.7,75.2,nan,nan
2000/35/0,0:53:0,,52.7,65.0,73.0,nan,nan
2000/33/0,0:53:0,,50.6,62.6,70.6,nan,nan
2000/35/0,0:53:0,,47.8,59.0,66.3,nan,nan
2000/30/0,0:53:0,,43.8,54.2,60.9,nan,nan
2000/29/0,0:53:0,,40.7,50.5,56.5,nan,nan
2000/29/0,0:53:0,,41.4,51.3,57.5,nan,nan
2000/28/0,0:53:0,,40.9,50.8,56.8,nan,nan
2000/24/0,0:53:0,,38.3,47.3,53.3,nan,nan
2000/28/0,0:53:0,,38.5,47.5,53.5,nan,nan
2000/29/0,0:53:0,,41.1,51.1,57.1,nan,nan
2000/28/0,0:53:0,,40.9,50.9,56.9,nan,nan
2000/28/0,0:53:0,,40.4,50.0,56.0,nan,nan
2000/27/0,0:53:0,,38.1,47.1,53.1,nan,nan
2000/28/0,0:53:0,,39.9,49.4,55.4,nan,nan
2000/26/0,0:53:0,,39.5,48.5,54.5,nan,nan
2000/23/0,0:53:0,,35.8,44.7,50.3,nan,nan
2000/21/0,0:53:0,,34.2,42.3,47.3,nan,nan
2000/23/0,0:53:0,,30.3,37.6,42.0,nan,nan
2000/20/0,0:53:0,,27.7,34.6,38.6,nan,nan
2000/20/0,0:53:0,,26.0,32.4,36.4,nan,nan
2000/22/0,0:53:0,,28.1,35.1,39.1,nan,nan
2000/23/0,0:53:0,,28.6,35.6,39.6,nan,nan
2000/23/0,0:53:0,,28.5,35.5,39.5,nan,nan
2000/25/0,0:53:0,,30.4,37.8,42.4,nan,nan
2000/25/0,0:53:0,,31.0,38.7,43.7,nan,nan
2000/25/0,0:53:0,,31.3,39.3,44.3,nan,nan
2000/20/0,0:53:0,,30.8,38.2,42.9,nan,nan
2000/21/0,0:53:0,,33.1,41.1,46.1,nan,nan
2000/20/0,0:53:0,,32.1,40.1,45.1,nan,nan
2000/23/0,0:53:0,,33.2,41.3,46.3,nan,nan
2000/25/0,0:53:0,,36.0,44.7,50.2,nan,nan
2000/29/0,0:53:0,,39.2,48.4,54.4,nan,nan
2000/33/0,0:53:0,,44.9,55.7,62.6,nan,nan
2000/32/0,0:53:0,,43.8,54.5,61.5,nan,nan
2000/30/0,0:53:0,,46.9,57.9,64.9,nan,nan
2000/31/0,0:53:0,,48.4,59.8,67.4,nan,nan
2000/31/0,0:53:0,,49.4,61.4,69.4,nan,nan
2000/33/0,0:53:0,,49.9,61.8,69.8,nan,nan
2000/35/0,0:53:0,,47.5,58.6,65.8,nan,nan
2000/30/0,0:53:0,,48.0,59.1,66.4,nan,nan
2000/33/0,0:53:0,,50.0,61.7,69.5,nan,nan
2000/35/0,0:53:0,,51.6,63.7,71.7,nan,nan
2000/41/0,0:53:0,,56.9,70.1,78.9,nan,nan
2000/35/0,0:53:0,,58.3,71.9,81.1,nan,nan
2000/35/0,0:53:0,,53.6,66.6,74.9,nan,nan
2000/35/0,0:53:0,,52.6,65.1,73.1,nan,nan
2000/37/0,0:53:0,,54.4,67.4,75.8,nan,nan
2000/37/0,0:53:0,,55.3,68.3,77.3,nan,nan
2000/37/0,0:53:0,,56.3,69.3,78.2,nan,nan
2000/39/0,0:53:0,,57.1,70.3,79.3,nan,nan
2000/44/0,0:53:0,,60.5,74.5,84.2,nan,nan
2000/40/0,0:53:0,,61.6,76.0,85.8,nan,nan
2000/40/0,0:53:0,,59.7,73.7,83.0,nan,nan
2000/39/0,0:53:0,,58.7,72.5,81.6,nan,nan
2000/40/0,0:53:0,,57.5,71.0,80.0,nan,nan
2000/37/0,0:53:0,,56.7,69.8,78.8,nan,nan
2000/34/0,0:53:0,,52.9,65.6,73.6,nan,nan
2000/45/0,0:53:0,,57.2,70.5,79.3,nan,nan
2000/41/0,0:53:0,,65.1,80.3,90.3,nan,nan
2000/42/0,0:53:0,,65.8,81.1,91.2,nan,nan
2000/44/0,0:53:0,,67.1,83.1,93.8,nan,nan
2000/46/0,0:53:0,,69.1,85.1,96.1,nan,nan
2000/48/0,0:53:0,,70.8,87.2,98.3,nan,nan
2000/47/0,0:53:0,,69.8,85.8,96.8,nan,nan
2000/49/0,0:53:0,,73.1,90.0,101.6,nan,nan
2000/44/0,0:53:0,,71.5,88.2,99.5,nan,nan
2000/46/0,0:53:0,,69.8,86.0,97.0,nan,nan
2000/49/0,0:53:0,,71.4,88.2,99.4,nan,nan
2000/55/0,0:53:0,,78.8,96.7,109.2,nan,nan
2000/52/0,0:53:0,,76.6,94.6,106.6,nan,nan
2000/52/0,0:53:0,,78.7,96.9,109.3,nan,nan
2000/54/0,0:53:0,,83.0,102.0,115.0,nan,nan
2000/55/0,0:53:0,,82.6,101.7,114.8,nan,nan
2000/55/0,0:53:0,,78.6,96.9,109.2,nan,nan
2000/50/0,0:53:0,,77.6,95.6,107.8,nan,nan
2000/54/0,0:53:0,,81.8,101.0,114.1,nan,nan
2000/58/0,0:53:0,,85.1,104.7,118.1,nan,nan
2000/64/0,0:53:0,,89.4,110.2,124.6,nan,nan
2000/66/0,0:53:0,,98.1,120.5,136.1,nan,nan
2000/68/0,0:53:0,,100.9,124.1,140.3,nan,nan
2000/71/0,0:53:0,,105.6,130.0,146.8,nan,nan
2000/67/0,0:53:0,,101.7,125.2,141.6,nan,nan
2000/61/0,0:53:0,,98.0,120.6,136.3,nan,nan
2000/54/0,0:53:0,,89.2,109.8,124.0,nan,nan
2000/53/0,0:53:0,,86.0,105.9,119.6,nan,nan
2000/53/0,0:53:0,,81.9,100.6,113.4,nan,nan
2000/85/0,0:53:0,,71.1,97.9,110.6,nan,nan
2000/88/0,0:53:0,,135.7,167.0,189.0,nan,nan
2000/88/0,0:53:0,,135.9,166.9,188.9,nan,nan
2000/84/0,0:53:0,,133.5,164.0,185.4,nan,nan
2000/87/0,0:53:0,,131.6,161.8,182.9,nan,nan
2000/82/0,0:53:0,,130.2,160.0,181.0,nan,nan
2000/76/0,0:53:0,,118.5,145.5,164.8,nan,nan
2000/77/0,0:53:0,,120.6,148.3,167.8,nan,nan
2000/68/0,0:53:0,,115.0,141.4,159.9,nan,nan
2000/56/0,0:53:0,,91.2,112.2,126.8,nan,nan
2000/59/0,0:53:0,,85.2,105.2,118.6,nan,nan
2000/60/0,0:53:0,,90.9,111.9,126.4,nan,nan
2000/63/0,0:53:0,,89.3,110.0,124.3,nan,nan
2000/61/0,0:53:0,,89.9,110.8,125.1,nan,nan
2000/63/0,0:53:0,,93.1,114.7,129.7,nan,nan
2000/54/0,0:53:0,,88.3,108.7,122.7,nan,nan
2000/55/0,0:53:0,,80.7,99.3,112.0,nan,nan
2000/54/0,0:53:0,,78.6,96.6,108.9,nan,nan
2000/50/0,0:53:0,,74.9,92.2,104.2,nan,nan
2000/51/0,0:53:0,,73.6,90.7,102.6,nan,nan
2000/49/0,0:53:0,,72.0,88.8,100.1,nan,nan
2000/50/0,0:53:0,,76.3,94.2,106.2,nan,nan
2000/55/0,0:53:0,,82.7,102.0,115.1,nan,nan
2000/59/0,0:53:0,,87.3,107.3,121.2,nan,nan
2000/57/0,0:53:0,,89.0,109.4,123.4,nan,nan
2000/64/0,0:53:0,,90.9,111.9,126.5,nan,nan
2000/57/0,0:53:0,,90.3,111.1,125.7,nan,nan
2000/56/0,0:53:0,,86.0,106.0,119.9,nan,nan
2000/56/0,0:53:0,,86.1,106.1,120.1,nan,nan
2000/56/0,0:53:0,,85.2,104.8,118.4,nan,nan
2000/57/0,0:53:0,,85.9,105.7,119.3,nan,nan
2000/54/0,0:53:0,,82.8,101.9,115.0,nan,nan
2000/55/0,0:53:0,,86.8,106.7,120.5,nan,nan
2000/50/0,0:53:0,,81.9,101.0,114.1,nan,nan
2000/51/0,0:53:0,,80.4,98.9,111.6,nan,nan
2000/55/0,0:53:0,,88.4,108.9,123.1,nan,nan
2000/53/0,0:53:0,,83.4,102.8,116.1,nan,nan
2000/51/0,0:53:0,,78.2,96.4,108.7,nan,nan
2000/50/0,0:53:0,,75.2,92.7,104.7,nan,nan
2000/51/0,0:53:0,,74.7,91.9,103.9,nan,nan
2000/50/0,0:53:0,,75.4,93.1,105.1,nan,nan
2000/45/0,0:53:0,,71.2,87.8,99.0,nan,nan
2000/49/0,0:53:0,,71.3,87.7,98.9,nan,nan
2000/50/0,0:53:0,,74.5,91.7,103.7,nan,nan
2000/45/0,0:53:0,,70.9,87.2,98.2,nan,nan
2000/47/0,0:53:0,,69.8,86.0,97.0,nan,nan
2000/43/0,0:53:0,,69.2,85.2,96.1,nan,nan
2000/41/0,0:53:0,,64.5,79.6,89.6,nan,nan
2000/44/0,0:53:0,,63.2,78.1,88.1,nan,nan
2000/42/0,0:53:0,,60.5,74.5,83.8,nan,nan
2000/41/0,0:53:0,,59.5,73.5,82.7,nan,nan
2000/40/0,0:53:0,,58.5,72.4,81.4,nan,nan
2000/34/0,0:53:0,,54.3,66.9,75.3,nan,nan
2000/34/0,0:53:0,,52.7,64.7,72.7,nan,nan
2000/33/0,0:53:0,,52.1,64.2,72.2,nan,nan
2000/33/0,0:53:0,,48.4,59.8,67.4,nan,nan
2000/34/0,0:53:0,,46.4,57.4,64.4,nan,nan
2000/32/0,0:53:0,,45.0,56.0,63.0,nan,nan
2000/32/0,0:53:0,,44.8,56.0,63.0,nan,nan
2000/35/0,0:53:0,,46.1,57.1,64.1,nan,nan
2000/31/0,0:53:0,,47.2,58.2,65.6,nan,nan
2000/32/0,0:53:0,,49.9,61.8,69.8,nan,nan
2000/48/0,0:53:0,,62.5,77.2,87.0,nan,nan
2000/51/0,0:53:0,,76.3,94.1,106.0,nan,nan
2000/42/0,0:53:0,,67.2,82.8,93.2,nan,nan
2000/44/0,0:53:0,,67.1,82.9,93.6,nan,nan
2000/54/0,0:53:0,,80.7,99.3,112.0,nan,nan
2000/42/0,0:53:0,,70.7,87.2,98.3,nan,nan
2000/50/0,0:53:0,,70.3,86.5,97.5,nan,nan
2000/61/0,0:53:0,,84.6,104.2,117.5,nan,nan
2000/54/0,0:53:0,,86.1,105.9,119.6,nan,nan
2000/63/0,0:53:0,,90.6,111.6,126.1,nan,nan
2000/58/0,0:53:0,,95.8,118.0,133.4,nan,nan
2000/55/0,0:53:0,,87.6,107.8,121.8,nan,nan
2000/57/0,0:53:0,,88.5,109.0,123.2,nan,nan
2000/51/0,0:53:0,,83.3,102.7,115.8,nan,nan
2000/53/0,0:53:0,,80.4,98.9,111.5,nan,nan
2000/51/0,0:53:0,,75.2,92.6,104.6,nan,nan
2000/51/0,0:53:0,,73.9,91.1,103.1,nan,nan
2000/45/0,0:53:0,,73.0,90.0,101.5,nan,nan
