2000/49/0,0:53:0,,47.7,68.5,77.8,nan,nan
2000/50/0,0:53:0,,48.8,74.3,79.9,nan,nan
2000/46/0,0:53:0,,46.9,70.9,77.6,nan,nan
2000/46/0,0:53:0,,45.2,71.6,80.1,nan,nan
2000/49/0,0:53:0,,47.8,66.6,75.4,nan,nan
2000/47/0,0:53:0,,46.2,64.8,72.6,nan,nan
2000/45/0,0:53:0,,45.1,63.8,73.2,nan,nan
2000/45/0,0:53:0,,44.9,67.5,75.3,nan,nan
2000/44/0,0:53:0,,45.9,69.1,74.9,nan,nan
2000/42/0,0:53:0,,42.9,65.6,76.1,nan,nan
2000/46/0,0:53:0,,45.1,66.5,76.0,nan,nan
2000/45/0,0:53:0,,45.4,66.6,75.6,nan,nan
2000/43/0,0:53:0,,44.9,64.5,73.8,nan,nan
2000/45/0,0:53:0,,44.5,66.8,74.7,nan,nan
2000/50/0,0:53:0,,47.8,69.4,76.5,nan,nan
2000/44/0,0:53:0,,46.2,68.8,77.0,nan,nan
2000/46/0,0:53:0,,45.1,67.1,75.2,nan,nan
2000/41/0,0:53:0,,43.9,65.5,74.9,nan,nan
2000/44/0,0:53:0,,44.0,66.1,74.6,nan,nan
2000/45/0,0:53:0,,44.7,66.6,74.4,nan,nan
2000/45/0,0:53:0,,45.9,69.6,77.7,nan,nan
2000/47/0,0:53:0,,46.2,67.3,76.9,nan,nan
2000/45/0,0:53:0,,45.9,67.6,76.4,nan,nan
2000/44/0,0:53:0,,45.0,63.5,73.2,nan,nan
2000/43/0,0:53:0,,44.4,65.0,73.8,nan,nan
2000/45/0,0:53:0,,44.7,66.4,75.6,nan,nan
2000/43/0,0:53:0,,44.8,66.5,75.2,nan,nan
2000/45/0,0:53:0,,44.2,67.2,77.2,nan,nan
2000/41/0,0:53:0,,43.2,65.1,75.5,nan,nan
2000/43/0,0:53:0,,43.6,62.1,71.4,nan,nan
2000/46/0,0:53:0,,45.3,67.3,75.7,nan,nan
2000/45/0,0:53:0,,45.2,66.9,76.6,nan,nan
2000/43/0,0:53:0,,44.7,64.8,75.2,nan,nan
2000/40/0,0:53:0,,43.1,65.1,74.9,nan,nan
2000/42/0,0:53:0,,42.2,65.9,74.9,nan,nan
2000/42/0,0:53:0,,44.2,65.3,75.3,nan,nan
2000/43/0,0:53:0,,43.4,64.2,75.7,nan,nan
2000/47/0,0:53:0,,46.4,68.7,77.7,nan,nan
2000/47/0,0:53:0,,46.2,66.8,76.7,nan,nan
2000/45/0,0:53:0,,46.5,69.4,76.6,nan,nan
2000/43/0,0:53:0,,44.3,68.1,76.2,nan,nan
2000/46/0,0:53:0,,45.1,65.6,75.2,nan,nan
2000/46/0,0:53:0,,45.4,65.6,74.8,nan,nan
2000/46/0,0:53:0,,46.0,65.8,74.5,nan,nan
2000/41/0,0:53:0,,44.7,65.8,74.6,nan,nan
2000/45/0,0:53:0,,44.8,67.4,74.8,nan,nan
2000/41/0,0:53:0,,43.2,64.6,73.3,nan,nan
2000/41/0,0:53:0,,42.6,63.6,71.8,nan,nan
2000/44/0,0:53:0,,43.5,63.3,73.1,nan,nan
2000/45/0,0:53:0,,45.0,63.6,73.8,nan,nan
2000/41/0,0:53:0,,44.1,63.0,74.9,nan,nan
2000/40/0,0:53:0,,41.5,62.2,76.1,nan,nan
2000/40/0,0:53:0,,42.1,64.3,75.3,nan,nan
2000/49/0,0:53:0,,43.6,66.6,76.2,nan,nan
2000/47/0,0:53:0,,47.3,72.9,84.9,nan,nan
2000/43/0,0:53:0,,42.8,64.6,83.6,nan,nan
2000/42/0,0:53:0,,41.0,61.5,80.6,nan,nan
2000/36/0,0:53:0,,40.7,62.4,81.2,nan,nan
2000/37/0,0:53:0,,39.8,62.9,81.9,nan,nan
2000/38/0,0:53:0,,40.0,62.5,81.3,nan,nan
2000/36/0,0:53:0,,39.9,62.2,80.8,nan,nan
2000/37/0,0:53:0,,39.3,61.4,79.2,nan,nan
2000/39/0,0:53:0,,40.7,64.8,83.6,nan,nan
2000/38/0,0:53:0,,40.0,61.8,79.0,nan,nan
2000/34/0,0:53:0,,39.6,61.6,80.1,nan,nan
2000/36/0,0:53:0,,38.9,60.6,80.7,nan,nan
2000/38/0,0:53:0,,40.1,61.6,81.9,nan,nan
2000/39/0,0:53:0,,40.8,63.2,80.1,nan,nan
2000/39/0,0:53:0,,41.0,63.4,81.0,nan,nan
2000/36/0,0:53:0,,39.4,62.9,87.5,nan,nan
2000/37/0,0:53:0,,40.6,61.2,79.5,nan,nan
2000/39/0,0:53:0,,40.2,60.1,75.9,nan,nan
2000/40/0,0:53:0,,40.9,61.1,76.9,nan,nan
2000/35/0,0:53:0,,39.6,63.5,81.2,nan,nan
2000/34/0,0:53:0,,39.0,59.9,80.2,nan,nan
2000/36/0,0:53:0,,39.4,60.7,79.1,nan,nan
2000/38/0,0:53:0,,40.7,62.1,78.4,nan,nan
2000/39/0,0:53:0,,40.3,62.1,79.9,nan,nan
2000/40/0,0:53:0,,40.9,62.3,79.3,nan,nan
2000/39/0,0:53:0,,40.1,63.1,82.3,nan,nan
2000/37/0,0:53:0,,39.7,63.1,81.7,nan,nan
2000/34/0,0:53:0,,38.9,62.7,78.9,nan,nan
2000/36/0,0:53:0,,39.3,63.4,79.6,nan,nan
2000/38/0,0:53:0,,38.8,59.7,76.8,nan,nan
2000/37/0,0:53:0,,39.6,59.4,79.8,nan,nan
2000/40/0,0:53:0,,40.4,62.3,82.8,nan,nan
2000/37/0,0:53:0,,40.5,61.8,82.9,nan,nan
2000/40/0,0:53:0,,39.6,60.7,79.0,nan,nan
2000/36/0,0:53:0,,40.7,62.3,83.1,nan,nan
2000/38/0,0:53:0,,39.7,60.6,82.6,nan,nan
2000/35/0,0:53:0,,39.7,61.1,80.6,nan,nan
2023/2/27,11:19:31,,44.6,63.6,73.7,nan,nan
2023/2/27,11:19:57,,34.6,54.0,68.6,nan,nan
2023/2/27,11:20:6,,42.0,63.2,73.9,nan,nan
2000/39/0,0:53:0,,33.0,48.1,57.4,nan,nan
2000/38/0,0:53:0,,40.1,57.8,74.7,nan,nan
2000/40/0,0:53:0,,40.4,59.2,77.9,nan,nan
2000/32/0,0:53:0,,40.2,58.7,78.4,nan,nan
2000/38/0,0:53:0,,39.6,62.2,78.7,nan,nan
2000/34/0,0:53:0,,40.4,61.7,78.1,nan,nan
2000/32/0,0:53:0,,38.6,59.4,79.6,nan,nan
2000/33/0,0:53:0,,38.0,58.0,77.5,nan,nan
2000/36/0,0:53:0,,39.3,58.0,73.0,nan,nan
2000/36/0,0:53:0,,39.4,60.8,78.3,nan,nan
2000/42/0,0:53:0,,40.5,61.1,80.4,nan,nan
2000/39/0,0:53:0,,41.1,60.1,77.3,nan,nan
2000/35/0,0:53:0,,39.7,62.9,79.3,nan,nan
2000/39/0,0:53:0,,39.3,64.6,84.7,nan,nan
2000/38/0,0:53:0,,40.3,64.0,85.9,nan,nan
2000/35/0,0:53:0,,39.4,59.9,82.2,nan,nan
2000/37/0,0:53:0,,39.8,61.2,79.2,nan,nan
2000/37/0,0:53:0,,39.2,61.1,81.2,nan,nan
2000/38/0,0:53:0,,38.6,61.2,82.0,nan,nan
2000/40/0,0:53:0,,40.0,61.4,82.3,nan,nan
2000/39/0,0:53:0,,40.8,62.3,79.5,nan,nan
2000/38/0,0:53:0,,40.6,60.9,79.0,nan,nan
2000/39/0,0:53:0,,40.0,61.3,78.8,nan,nan
2000/41/0,0:53:0,,40.3,60.7,78.4,nan,nan
2000/37/0,0:53:0,,40.2,61.8,79.7,nan,nan
2000/38/0,0:53:0,,40.4,62.0,82.1,nan,nan
2000/35/0,0:53:0,,39.1,60.4,80.2,nan,nan
2000/38/0,0:53:0,,40.2,61.2,80.1,nan,nan
2000/36/0,0:53:0,,39.5,59.9,79.5,nan,nan
2000/37/0,0:53:0,,39.2,59.8,78.8,nan,nan
2000/37/0,0:53:0,,39.2,60.5,77.4,nan,nan
2000/38/0,0:53:0,,39.0,61.0,78.4,nan,nan
2000/36/0,0:53:0,,39.5,59.8,78.6,nan,nan
2000/44/0,0:53:0,,40.0,59.7,77.7,nan,nan
2000/40/0,0:53:0,,40.6,61.0,81.2,nan,nan
2000/37/0,0:53:0,,40.5,62.6,79.4,nan,nan
2000/37/0,0:53:0,,39.7,58.7,75.3,nan,nan
2000/39/0,0:53:0,,39.9,61.7,79.4,nan,nan
2000/35/0,0:53:0,,37.9,60.4,79.8,nan,nan
2000/41/0,0:53:0,,40.1,63.2,81.0,nan,nan
2000/44/0,0:53:0,,40.5,64.4,78.8,nan,nan
2000/41/0,0:53:0,,42.6,64.8,82.3,nan,nan
2000/43/0,0:53:0,,40.2,60.3,78.4,nan,nan
2000/43/0,0:53:0,,39.9,60.4,76.4,nan,nan
2000/45/0,0:53:0,,42.0,64.6,76.7,nan,nan
2000/40/0,0:53:0,,40.5,63.1,75.9,nan,nan
2000/44/0,0:53:0,,44.3,65.8,75.4,nan,nan
2000/47/0,0:53:0,,45.5,70.1,77.9,nan,nan
2000/47/0,0:53:0,,46.5,71.8,78.2,nan,nan
2000/43/0,0:53:0,,45.4,69.0,75.8,nan,nan
2000/42/0,0:53:0,,44.2,66.5,75.1,nan,nan
2000/45/0,0:53:0,,43.8,65.6,75.1,nan,nan
2000/44/0,0:53:0,,45.2,65.7,75.2,nan,nan
2000/45/0,0:53:0,,45.0,64.4,74.3,nan,nan
2000/45/0,0:53:0,,44.9,64.5,74.4,nan,nan
2000/45/0,0:53:0,,45.5,67.3,76.4,nan,nan
2000/42/0,0:53:0,,43.3,66.3,75.5,nan,nan
2000/42/0,0:53:0,,43.3,70.0,76.3,nan,nan
2000/45/0,0:53:0,,44.4,67.1,75.8,nan,nan
2000/45/0,0:53:0,,45.3,66.7,76.3,nan,nan
2000/44/0,0:53:0,,45.0,66.3,76.1,nan,nan
2000/45/0,0:53:0,,45.0,67.8,75.5,nan,nan
2000/44/0,0:53:0,,45.0,64.6,73.1,nan,nan
2000/44/0,0:53:0,,44.7,66.9,73.9,nan,nan
2000/43/0,0:53:0,,43.7,64.9,73.7,nan,nan
2000/44/0,0:53:0,,45.0,68.0,77.0,nan,nan
2000/46/0,0:53:0,,45.7,66.2,75.9,nan,nan
2000/43/0,0:53:0,,44.2,66.2,75.3,nan,nan
2000/43/0,0:53:0,,43.7,63.7,73.2,nan,nan
2000/44/0,0:53:0,,43.6,63.4,73.8,nan,nan
2000/45/0,0:53:0,,45.7,66.1,78.1,nan,nan
2000/49/0,0:53:0,,44.9,67.1,76.3,nan,nan
2000/48/0,0:53:0,,47.9,68.3,77.0,nan,nan
2000/47/0,0:53:0,,47.2,66.8,76.1,nan,nan
2000/42/0,0:53:0,,44.8,65.6,75.8,nan,nan
2000/44/0,0:53:0,,43.4,66.4,75.2,nan,nan
2000/46/0,0:53:0,,45.6,66.2,75.1,nan,nan
2000/43/0,0:53:0,,46.3,64.6,74.2,nan,nan
2000/46/0,0:53:0,,45.2,66.6,75.5,nan,nan
2000/46/0,0:53:0,,46.5,70.5,78.0,nan,nan
2000/44/0,0:53:0,,45.6,67.2,75.4,nan,nan
2000/43/0,0:53:0,,43.6,63.5,75.6,nan,nan
2000/42/0,0:53:0,,44.1,65.0,75.7,nan,nan
2000/47/0,0:53:0,,44.5,64.6,74.0,nan,nan
2000/45/0,0:53:0,,44.8,66.8,74.8,nan,nan
2000/44/0,0:53:0,,45.3,66.6,76.5,nan,nan
2000/40/0,0:53:0,,42.5,64.7,73.7,nan,nan
2000/46/0,0:53:0,,44.1,64.2,74.2,nan,nan
2000/48/0,0:53:0,,46.5,64.9,75.2,nan,nan
2000/43/0,0:53:0,,45.1,69.1,76.4,nan,nan
2000/44/0,0:53:0,,44.1,66.8,75.5,nan,nan
2000/46/0,0:53:0,,44.8,64.0,73.4,nan,nan
2000/45/0,0:53:0,,45.4,65.7,74.4,nan,nan
2000/42/0,0:53:0,,43.7,66.4,74.6,nan,nan
2000/46/0,0:53:0,,44.5,66.3,75.0,nan,nan
2000/41/0,0:53:0,,45.1,65.0,75.0,nan,nan
2000/42/0,0:53:0,,42.2,63.6,73.7,nan,nan
2000/44/0,0:53:0,,44.7,66.6,74.6,nan,nan
2000/45/0,0:53:0,,44.3,64.1,73.4,nan,nan
2000/42/0,0:53:0,,45.1,66.0,75.0,nan,nan
2000/45/0,0:53:0,,41.3,63.4,74.0,nan,nan
2000/43/0,0:53:0,,43.7,64.5,71.6,nan,nan
2000/45/0,0:53:0,,44.4,63.5,71.4,nan,nan
2000/40/0,0:53:0,,44.2,63.1,70.6,nan,nan
2000/42/0,0:53:0,,43.6,65.0,73.2,nan,nan
2000/41/0,0:53:0,,42.4,61.9,71.9,nan,nan
2000/42/0,0:53:0,,42.8,61.3,73.6,nan,nan
2000/44/0,0:53:0,,44.5,65.7,74.8,nan,nan
2000/43/0,0:53:0,,44.5,63.6,72.2,nan,nan
2000/42/0,0:53:0,,44.1,62.5,73.9,nan,nan
2000/40/0,0:53:0,,41.8,62.8,74.6,nan,nan
2000/42/0,0:53:0,,43.0,62.8,73.2,nan,nan
2000/41/0,0:53:0,,43.1,64.6,74.2,nan,nan
2000/42/0,0:53:0,,42.8,62.1,74.7,nan,nan
2000/41/0,0:53:0,,43.2,62.5,72.4,nan,nan
2000/41/0,0:53:0,,41.6,63.5,72.5,nan,nan
2000/45/0,0:53:0,,40.6,62.1,72.7,nan,nan
2000/44/0,0:53:0,,42.5,63.5,74.5,nan,nan
2000/44/0,0:53:0,,41.1,58.6,71.3,nan,nan
2000/44/0,0:53:0,,40.8,58.7,69.6,nan,nan
2000/43/0,0:53:0,,41.8,61.0,70.7,nan,nan
2000/42/0,0:53:0,,44.4,62.9,73.3,nan,nan
2000/42/0,0:53:0,,42.6,65.1,74.9,nan,nan
2000/42/0,0:53:0,,42.7,63.5,73.9,nan,nan
2000/42/0,0:53:0,,42.3,60.9,73.1,nan,nan
2000/41/0,0:53:0,,43.4,61.2,72.6,nan,nan
2000/44/0,0:53:0,,41.2,58.4,70.2,nan,nan
2000/44/0,0:53:0,,40.8,60.1,72.4,nan,nan
2000/42/0,0:53:0,,41.5,62.4,71.8,nan,nan
2000/41/0,0:53:0,,43.4,64.5,73.4,nan,nan
2000/42/0,0:53:0,,43.2,62.6,72.3,nan,nan
2000/42/0,0:53:0,,43.0,63.2,72.9,nan,nan
2000/42/0,0:53:0,,43.5,61.0,71.6,nan,nan
2000/40/0,0:53:0,,42.2,60.1,72.4,nan,nan
2000/44/0,0:53:0,,41.0,61.4,73.2,nan,nan
2000/44/0,0:53:0,,40.6,60.3,71.7,nan,nan
2000/40/0,0:53:0,,41.0,60.2,70.6,nan,nan
2000/40/0,0:53:0,,42.0,59.8,71.4,nan,nan
2000/45/0,0:53:0,,41.5,57.8,70.5,nan,nan
2000/42/0,0:53:0,,42.5,60.4,72.9,nan,nan
2000/40/0,0:53:0,,42.0,60.0,72.6,nan,nan
2000/41/0,0:53:0,,42.3,62.5,73.7,nan,nan
2000/45/0,0:53:0,,42.5,60.8,72.1,nan,nan
2000/41/0,0:53:0,,41.9,58.7,73.0,nan,nan
2000/45/0,0:53:0,,41.8,61.4,73.3,nan,nan
2000/45/0,0:53:0,,41.4,62.5,73.3,nan,nan
2000/45/0,0:53:0,,41.1,61.0,71.1,nan,nan
2000/41/0,0:53:0,,42.0,60.8,70.8,nan,nan
2000/41/0,0:53:0,,42.8,60.0,71.0,nan,nan
2000/45/0,0:53:0,,41.3,60.6,72.3,nan,nan
2000/45/0,0:53:0,,40.4,60.4,72.6,nan,nan
2000/41/0,0:53:0,,42.9,60.3,71.7,nan,nan
2000/42/0,0:53:0,,42.8,60.8,70.9,nan,nan
2000/45/0,0:53:0,,41.1,62.5,72.0,nan,nan
2000/41/0,0:53:0,,42.5,62.5,72.5,nan,nan
2000/41/0,0:53:0,,41.9,61.0,71.7,nan,nan
2000/42/0,0:53:0,,43.0,62.6,71.6,nan,nan
2000/40/0,0:53:0,,42.2,61.0,71.1,nan,nan
2000/45/0,0:53:0,,42.4,61.4,72.1,nan,nan
2000/41/0,0:53:0,,41.4,60.6,73.9,nan,nan
2000/41/0,0:53:0,,43.4,62.8,73.2,nan,nan
2000/41/0,0:53:0,,43.2,61.1,72.9,nan,nan
2000/42/0,0:53:0,,41.0,59.5,72.5,nan,nan
2000/45/0,0:53:0,,39.7,58.9,71.3,nan,nan
2000/44/0,0:53:0,,43.2,63.3,72.7,nan,nan
2000/43/0,0:53:0,,44.5,62.9,72.3,nan,nan
2000/44/0,0:53:0,,42.1,59.6,70.2,nan,nan
2000/43/0,0:53:0,,41.1,62.7,72.4,nan,nan
2000/41/0,0:53:0,,40.7,59.4,71.1,nan,nan
2000/44/0,0:53:0,,42.0,62.6,73.5,nan,nan
2000/44/0,0:53:0,,40.5,62.1,73.0,nan,nan
2000/44/0,0:53:0,,40.5,60.8,72.6,nan,nan
2000/44/0,0:53:0,,42.4,62.0,72.8,nan,nan
2000/40/0,0:53:0,,42.4,62.0,73.2,nan,nan
2000/44/0,0:53:0,,41.5,60.5,71.3,nan,nan
2000/41/0,0:53:0,,42.4,62.1,73.4,nan,nan
2000/43/0,0:53:0,,40.9,60.9,72.7,nan,nan
2000/44/0,0:53:0,,39.9,58.2,69.6,nan,nan
2000/44/0,0:53:0,,40.5,57.8,69.8,nan,nan
2000/40/0,0:53:0,,41.5,60.2,71.6,nan,nan
2000/45/0,0:53:0,,41.9,61.3,70.4,nan,nan
2000/42/0,0:53:0,,43.0,61.7,72.2,nan,nan
2000/43/0,0:53:0,,43.3,62.7,73.8,nan,nan
2000/42/0,0:53:0,,43.1,62.0,75.6,nan,nan
2000/43/0,0:53:0,,42.8,61.0,73.2,nan,nan
2000/40/0,0:53:0,,42.3,60.0,71.8,nan,nan
2000/43/0,0:53:0,,43.1,63.0,73.8,nan,nan
2000/45/0,0:53:0,,43.6,60.8,72.0,nan,nan
2000/44/0,0:53:0,,42.0,59.5,71.4,nan,nan
2000/43/0,0:53:0,,40.4,59.0,70.3,nan,nan
2000/41/0,0:53:0,,41.3,59.8,72.4,nan,nan
2000/44/0,0:53:0,,41.4,59.3,71.1,nan,nan
2000/40/0,0:53:0,,42.6,61.8,72.7,nan,nan
2000/43/0,0:53:0,,40.5,59.7,71.3,nan,nan
2000/40/0,0:53:0,,41.0,60.4,72.3,nan,nan
2000/41/0,0:53:0,,41.7,59.5,70.6,nan,nan
2000/43/0,0:53:0,,43.0,60.7,71.5,nan,nan
2000/41/0,0:53:0,,43.5,62.9,72.9,nan,nan
2000/45/0,0:53:0,,42.3,64.1,74.4,nan,nan
2000/45/0,0:53:0,,40.7,60.1,70.7,nan,nan
2000/45/0,0:53:0,,40.6,58.7,72.0,nan,nan
2000/41/0,0:53:0,,42.2,61.8,74.1,nan,nan
2000/42/0,0:53:0,,41.9,64.0,74.6,nan,nan
2000/41/0,0:53:0,,42.8,64.7,74.5,nan,nan
2000/44/0,0:53:0,,41.2,60.5,71.4,nan,nan
2000/44/0,0:53:0,,40.5,59.7,71.0,nan,nan
2000/44/0,0:53:0,,41.2,58.1,70.7,nan,nan
2000/44/0,0:53:0,,40.9,58.9,71.5,nan,nan
2000/40/0,0:53:0,,40.4,59.7,70.0,nan,nan
2000/41/0,0:53:0,,42.1,58.8,71.5,nan,nan
2000/41/0,0:53:0,,42.6,59.5,72.2,nan,nan
2000/41/0,0:53:0,,43.0,63.6,72.8,nan,nan
2000/44/0,0:53:0,,41.6,62.6,72.0,nan,nan
2000/44/0,0:53:0,,41.9,61.4,73.5,nan,nan
2000/45/0,0:53:0,,43.9,64.0,75.4,nan,nan
2000/41/0,0:53:0,,43.5,63.5,73.3,nan,nan
2000/40/0,0:53:0,,42.2,61.0,71.4,nan,nan
2000/42/0,0:53:0,,41.5,58.7,69.9,nan,nan
2000/40/0,0:53:0,,41.9,59.4,70.7,nan,nan
2000/44/0,0:53:0,,43.3,63.4,74.6,nan,nan
2000/45/0,0:53:0,,45.0,63.2,72.6,nan,nan
2000/43/0,0:53:0,,43.1,60.9,71.7,nan,nan
2000/44/0,0:53:0,,39.3,57.0,70.6,nan,nan
2000/43/0,0:53:0,,42.4,60.0,72.1,nan,nan
2000/44/0,0:53:0,,41.3,60.2,71.7,nan,nan
2000/42/0,0:53:0,,41.4,59.7,71.5,nan,nan
2000/40/0,0:53:0,,42.9,62.1,71.9,nan,nan
2000/43/0,0:53:0,,41.4,61.5,70.3,nan,nan
2000/40/0,0:53:0,,41.2,60.5,71.4,nan,nan
2000/45/0,0:53:0,,41.8,62.7,73.8,nan,nan
2000/45/0,0:53:0,,41.0,60.7,73.0,nan,nan
2000/44/0,0:53:0,,40.9,60.0,71.4,nan,nan
2000/44/0,0:53:0,,40.9,60.9,72.3,nan,nan
2000/45/0,0:53:0,,41.3,63.8,73.9,nan,nan
2000/42/0,0:53:0,,42.7,64.6,74.3,nan,nan
2000/45/0,0:53:0,,41.6,62.1,72.1,nan,nan
2000/41/0,0:53:0,,42.1,63.1,73.1,nan,nan
2000/40/0,0:53:0,,42.9,62.0,72.1,nan,nan
2000/44/0,0:53:0,,41.1,61.7,72.1,nan,nan
2000/41/0,0:53:0,,41.9,61.5,72.9,nan,nan
2000/43/0,0:53:0,,44.1,63.3,74.1,nan,nan
2000/43/0,0:53:0,,43.5,64.0,74.3,nan,nan
2000/43/0,0:53:0,,41.0,61.2,72.7,nan,nan
2000/45/0,0:53:0,,41.3,61.5,73.0,nan,nan
2000/40/0,0:53:0,,40.9,63.1,74.3,nan,nan
2000/45/0,0:53:0,,41.8,62.3,74.0,nan,nan
2000/43/0,0:53:0,,40.7,60.7,70.5,nan,nan
2000/43/0,0:53:0,,39.5,57.1,69.3,nan,nan
2000/42/0,0:53:0,,39.9,59.7,70.9,nan,nan
2000/45/0,0:53:0,,41.4,61.6,73.8,nan,nan
2000/43/0,0:53:0,,41.0,60.0,72.5,nan,nan
2000/42/0,0:53:0,,40.2,56.4,69.9,nan,nan
2000/41/0,0:53:0,,39.7,58.0,71.1,nan,nan
2000/44/0,0:53:0,,39.6,57.1,69.4,nan,nan
2000/44/0,0:53:0,,40.1,58.8,69.7,nan,nan
2000/42/0,0:53:0,,39.9,59.5,70.0,nan,nan
2000/43/0,0:53:0,,39.7,59.1,71.5,nan,nan
2000/40/0,0:53:0,,41.6,58.8,71.0,nan,nan
2000/45/0,0:53:0,,41.6,61.0,73.2,nan,nan
2000/43/0,0:53:0,,40.8,59.9,71.0,nan,nan
2000/44/0,0:53:0,,39.1,59.9,71.5,nan,nan
2000/45/0,0:53:0,,41.2,61.6,72.6,nan,nan
2000/43/0,0:53:0,,41.1,61.4,72.4,nan,nan
2000/45/0,0:53:0,,39.9,61.2,73.2,nan,nan
2000/41/0,0:53:0,,43.0,66.0,74.3,nan,nan
2000/41/0,0:53:0,,42.5,62.4,71.7,nan,nan
2000/44/0,0:53:0,,41.2,62.0,72.9,nan,nan
2000/40/0,0:53:0,,40.9,62.4,73.9,nan,nan
2000/40/0,0:53:0,,42.7,62.1,73.6,nan,nan
2000/45/0,0:53:0,,42.1,58.9,72.2,nan,nan
2000/43/0,0:53:0,,40.4,57.8,71.6,nan,nan
2000/45/0,0:53:0,,41.1,60.3,71.3,nan,nan
2000/44/0,0:53:0,,41.8,59.9,73.3,nan,nan
2000/42/0,0:53:0,,39.6,57.4,70.9,nan,nan
2000/43/0,0:53:0,,40.1,57.6,69.3,nan,nan
2000/40/0,0:53:0,,40.5,61.2,72.2,nan,nan
2000/41/0,0:53:0,,43.0,64.4,73.9,nan,nan
2000/40/0,0:53:0,,42.0,62.0,72.6,nan,nan
2000/41/0,0:53:0,,42.5,60.6,71.6,nan,nan
2000/45/0,0:53:0,,44.5,62.6,72.6,nan,nan
2000/44/0,0:53:0,,43.0,63.6,72.7,nan,nan
2000/40/0,0:53:0,,41.4,58.6,70.4,nan,nan
2000/41/0,0:53:0,,42.1,58.2,70.7,nan,nan
2000/41/0,0:53:0,,42.6,62.1,72.8,nan,nan
2000/44/0,0:53:0,,42.9,62.3,72.8,nan,nan
2000/43/0,0:53:0,,44.4,63.1,72.8,nan,nan
2000/42/0,0:53:0,,41.5,60.0,69.8,nan,nan
2000/44/0,0:53:0,,40.0,56.7,68.0,nan,nan
2000/43/0,0:53:0,,42.6,60.3,70.3,nan,nan
2000/42/0,0:53:0,,44.0,61.0,72.4,nan,nan
2000/40/0,0:53:0,,42.6,60.0,73.6,nan,nan
2000/44/0,0:53:0,,41.9,58.8,71.3,nan,nan
2000/44/0,0:53:0,,40.9,60.2,71.5,nan,nan
2000/40/0,0:53:0,,41.1,60.6,71.1,nan,nan
2000/43/0,0:53:0,,41.3,62.1,73.6,nan,nan
2000/45/0,0:53:0,,39.9,59.5,71.4,nan,nan
2000/41/0,0:53:0,,42.5,64.7,75.3,nan,nan
2000/45/0,0:53:0,,42.2,63.7,73.7,nan,nan
2000/45/0,0:53:0,,41.1,60.5,72.5,nan,nan
2000/41/0,0:53:0,,41.6,62.2,72.7,nan,nan
2000/43/0,0:53:0,,42.9,61.7,71.7,nan,nan
2000/40/0,0:53:0,,43.3,62.0,73.0,nan,nan
2000/44/0,0:53:0,,40.8,57.3,69.3,nan,nan
2000/44/0,0:53:0,,41.2,61.0,72.9,nan,nan
2000/42/0,0:53:0,,39.1,60.0,72.1,nan,nan
2000/45/0,0:53:0,,39.3,58.5,70.7,nan,nan
2000/40/0,0:53:0,,41.8,57.8,70.4,nan,nan
2000/40/0,0:53:0,,41.9,57.7,68.5,nan,nan
2000/41/0,0:53:0,,42.1,58.1,70.9,nan,nan
2000/45/0,0:53:0,,41.0,58.0,70.8,nan,nan
2000/41/0,0:53:0,,39.4,57.2,70.0,nan,nan
2000/41/0,0:53:0,,38.8,57.5,69.1,nan,nan
2000/43/0,0:53:0,,39.0,57.0,69.8,nan,nan
2000/41/0,0:53:0,,40.6,56.9,70.0,nan,nan
2000/44/0,0:53:0,,40.0,59.4,70.5,nan,nan
2000/42/0,0:53:0,,39.0,59.3,71.2,nan,nan
2000/43/0,0:53:0,,39.9,58.5,69.9,nan,nan
2000/40/0,0:53:0,,39.1,55.9,68.9,nan,nan
2000/43/0,0:53:0,,38.9,56.2,68.6,nan,nan
2000/44/0,0:53:0,,41.2,59.2,70.6,nan,nan
2000/40/0,0:53:0,,39.2,60.4,71.0,nan,nan
2000/44/0,0:53:0,,39.2,59.8,71.9,nan,nan
2000/43/0,0:53:0,,40.4,58.7,71.5,nan,nan
2000/38/0,0:53:0,,38.5,56.9,69.9,nan,nan
2000/39/0,0:53:0,,38.2,56.5,69.3,nan,nan
2000/39/0,0:53:0,,37.6,54.8,67.0,nan,nan
2000/40/0,0:53:0,,37.0,55.0,67.4,nan,nan
2000/42/0,0:53:0,,38.8,59.0,70.7,nan,nan
2000/38/0,0:53:0,,38.1,58.9,71.5,nan,nan
2000/40/0,0:53:0,,36.8,56.1,70.3,nan,nan
2000/42/0,0:53:0,,39.5,58.4,70.4,nan,nan
2000/40/0,0:53:0,,38.1,55.7,69.3,nan,nan
2000/37/0,0:53:0,,36.5,55.2,68.4,nan,nan
2000/39/0,0:53:0,,36.8,54.3,67.0,nan,nan
2000/39/0,0:53:0,,38.1,55.8,67.9,nan,nan
2000/39/0,0:53:0,,36.6,54.8,68.8,nan,nan
2000/39/0,0:53:0,,37.0,54.0,70.0,nan,nan
2000/40/0,0:53:0,,37.7,52.1,67.0,nan,nan
2000/38/0,0:53:0,,37.1,53.4,65.8,nan,nan
2000/39/0,0:53:0,,36.9,54.1,66.3,nan,nan
2000/38/0,0:53:0,,37.0,54.9,66.9,nan,nan
2000/38/0,0:53:0,,36.8,52.8,66.2,nan,nan
2000/41/0,0:53:0,,37.5,52.7,67.1,nan,nan
2000/40/0,0:53:0,,37.3,52.5,65.5,nan,nan
2000/40/0,0:53:0,,38.4,53.1,65.7,nan,nan
2000/37/0,0:53:0,,37.9,54.0,66.5,nan,nan
2000/35/0,0:53:0,,35.3,54.2,66.9,nan,nan
2000/38/0,0:53:0,,34.6,52.2,65.6,nan,nan
2000/37/0,0:53:0,,35.7,52.0,64.1,nan,nan
2000/37/0,0:53:0,,37.1,52.2,65.2,nan,nan
2000/35/0,0:53:0,,35.4,52.8,67.2,nan,nan
2000/35/0,0:53:0,,35.4,52.3,66.2,nan,nan
2000/35/0,0:53:0,,35.0,52.5,65.5,nan,nan
2000/37/0,0:53:0,,36.1,53.4,67.8,nan,nan
2000/35/0,0:53:0,,34.8,52.1,66.7,nan,nan
2000/37/0,0:53:0,,35.6,53.6,68.2,nan,nan
2000/37/0,0:53:0,,36.5,54.5,69.1,nan,nan
2000/35/0,0:53:0,,35.0,50.8,65.3,nan,nan
2000/38/0,0:53:0,,36.4,52.8,66.1,nan,nan
2000/36/0,0:53:0,,35.1,52.1,64.1,nan,nan
2000/33/0,0:53:0,,34.3,49.7,61.7,nan,nan
2000/35/0,0:53:0,,35.0,50.8,62.9,nan,nan
2000/34/0,0:53:0,,34.9,51.3,62.6,nan,nan
2000/38/0,0:53:0,,36.0,52.6,65.0,nan,nan
2000/36/0,0:53:0,,35.6,52.8,66.3,nan,nan
2000/35/0,0:53:0,,35.1,51.9,64.1,nan,nan
2000/34/0,0:53:0,,34.3,51.1,64.3,nan,nan
2000/33/0,0:53:0,,34.5,52.1,66.5,nan,nan
2000/34/0,0:53:0,,33.8,50.9,64.8,nan,nan
2000/38/0,0:53:0,,36.1,51.9,64.4,nan,nan
2000/36/0,0:53:0,,35.1,53.3,66.1,nan,nan
2000/32/0,0:53:0,,34.4,51.1,64.2,nan,nan
2000/32/0,0:53:0,,33.4,51.9,65.2,nan,nan
2000/32/0,0:53:0,,33.5,51.7,64.3,nan,nan
2000/34/0,0:53:0,,34.2,51.2,63.4,nan,nan
2000/36/0,0:53:0,,36.1,53.2,65.6,nan,nan
2000/35/0,0:53:0,,34.6,53.5,65.9,nan,nan
2000/31/0,0:53:0,,34.4,52.8,66.3,nan,nan
2000/32/0,0:53:0,,33.4,51.5,64.8,nan,nan
2000/35/0,0:53:0,,34.6,51.0,63.6,nan,nan
2000/33/0,0:53:0,,34.6,50.3,61.5,nan,nan
2000/34/0,0:53:0,,34.3,51.5,65.7,nan,nan
2000/31/0,0:53:0,,34.2,51.5,66.7,nan,nan
2000/33/0,0:53:0,,33.6,50.0,62.4,nan,nan
2000/32/0,0:53:0,,34.0,49.0,60.2,nan,nan
2000/31/0,0:53:0,,34.0,48.4,59.6,nan,nan
2000/34/0,0:53:0,,33.4,49.4,60.4,nan,nan
2000/35/0,0:53:0,,32.7,49.3,62.9,nan,nan
2000/33/0,0:53:0,,33.6,49.8,62.8,nan,nan
2000/32/0,0:53:0,,34.1,49.9,62.1,nan,nan
2000/31/0,0:53:0,,33.4,50.7,63.0,nan,nan
2000/34/0,0:53:0,,34.2,51.2,63.7,nan,nan
2000/31/0,0:53:0,,34.3,53.5,66.7,nan,nan
2000/32/0,0:53:0,,33.5,51.3,66.1,nan,nan
2000/33/0,0:53:0,,34.3,51.2,66.4,nan,nan
2000/32/0,0:53:0,,33.8,49.8,64.8,nan,nan
2000/33/0,0:53:0,,34.0,50.1,63.2,nan,nan
2000/33/0,0:53:0,,34.0,51.4,64.7,nan,nan
2000/33/0,0:53:0,,34.2,51.4,62.7,nan,nan
2000/30/0,0:53:0,,33.8,50.4,61.9,nan,nan
2000/30/0,0:53:0,,32.5,47.4,59.4,nan,nan
2000/33/0,0:53:0,,34.0,50.0,63.5,nan,nan
2000/35/0,0:53:0,,33.4,50.5,63.7,nan,nan
2000/34/0,0:53:0,,33.0,48.0,60.3,nan,nan
2000/31/0,0:53:0,,33.4,48.8,61.2,nan,nan
2000/32/0,0:53:0,,34.0,50.2,62.2,nan,nan
2000/30/0,0:53:0,,33.8,50.0,62.0,nan,nan
2000/34/0,0:53:0,,32.7,49.0,60.3,nan,nan
2000/31/0,0:53:0,,32.7,49.2,60.9,nan,nan
2000/35/0,0:53:0,,32.9,48.3,59.0,nan,nan
2000/34/0,0:53:0,,32.7,48.5,59.3,nan,nan
2000/32/0,0:53:0,,32.1,48.1,59.9,nan,nan
2000/31/0,0:53:0,,32.7,48.6,60.1,nan,nan
2000/30/0,0:53:0,,33.2,50.2,63.8,nan,nan
2000/35/0,0:53:0,,33.4,50.0,62.7,nan,nan
2000/30/0,0:53:0,,32.6,49.4,62.4,nan,nan
2000/34/0,0:53:0,,33.2,48.0,59.1,nan,nan
2000/35/0,0:53:0,,33.0,48.1,59.9,nan,nan
2000/31/0,0:53:0,,32.8,48.8,62.1,nan,nan
2000/30/0,0:53:0,,32.7,47.8,59.6,nan,nan
2000/30/0,0:53:0,,33.3,49.7,61.5,nan,nan
2000/31/0,0:53:0,,33.6,50.2,61.8,nan,nan
2000/35/0,0:53:0,,33.3,49.9,61.7,nan,nan
2000/31/0,0:53:0,,32.9,48.5,59.5,nan,nan
2000/30/0,0:53:0,,33.4,49.9,61.8,nan,nan
2000/32/0,0:53:0,,33.4,50.2,63.3,nan,nan
2000/34/0,0:53:0,,33.0,49.0,60.7,nan,nan
2000/35/0,0:53:0,,33.0,48.0,58.5,nan,nan
2000/30/0,0:53:0,,32.4,48.8,60.6,nan,nan
2000/33/0,0:53:0,,32.3,48.1,60.4,nan,nan
2000/34/0,0:53:0,,32.3,48.2,60.5,nan,nan
2000/34/0,0:53:0,,33.0,49.5,62.3,nan,nan
2000/32/0,0:53:0,,31.7,48.2,60.2,nan,nan
2000/34/0,0:53:0,,32.4,49.7,61.4,nan,nan
2000/30/0,0:53:0,,32.8,49.6,61.8,nan,nan
2000/31/0,0:53:0,,33.1,49.6,62.1,nan,nan
2000/31/0,0:53:0,,32.1,48.5,60.7,nan,nan
2000/35/0,0:53:0,,32.3,50.0,63.7,nan,nan
2000/33/0,0:53:0,,32.6,50.0,63.9,nan,nan
2000/33/0,0:53:0,,32.3,48.1,61.0,nan,nan
2000/31/0,0:53:0,,31.6,48.1,60.0,nan,nan
2000/32/0,0:53:0,,32.0,47.9,60.1,nan,nan
2000/34/0,0:53:0,,32.4,48.8,61.1,nan,nan
2000/33/0,0:53:0,,32.5,49.9,61.8,nan,nan
2000/33/0,0:53:0,,32.6,48.6,62.1,nan,nan
2000/32/0,0:53:0,,32.0,48.2,59.8,nan,nan
2000/33/0,0:53:0,,32.0,48.0,59.4,nan,nan
2000/31/0,0:53:0,,31.4,46.9,58.5,nan,nan
2000/34/0,0:53:0,,32.3,46.6,59.6,nan,nan
2000/32/0,0:53:0,,32.2,46.0,57.2,nan,nan
2000/32/0,0:53:0,,31.3,45.7,55.7,nan,nan
2000/33/0,0:53:0,,31.9,47.5,60.0,nan,nan
2000/30/0,0:53:0,,31.3,46.6,57.7,nan,nan
2000/34/0,0:53:0,,32.1,47.2,57.6,nan,nan
2000/33/0,0:53:0,,32.2,47.4,58.7,nan,nan
2000/31/0,0:53:0,,31.1,47.3,58.9,nan,nan
2000/32/0,0:53:0,,31.1,47.8,58.9,nan,nan
2000/33/0,0:53:0,,31.9,47.1,57.8,nan,nan
2000/35/0,0:53:0,,32.1,46.0,55.8,nan,nan
2000/32/0,0:53:0,,32.1,46.5,56.8,nan,nan
2000/33/0,0:53:0,,31.5,45.8,57.0,nan,nan
2000/32/0,0:53:0,,31.8,46.8,59.9,nan,nan
2000/32/0,0:53:0,,31.8,47.8,60.3,nan,nan
2000/32/0,0:53:0,,31.3,46.7,58.8,nan,nan
2000/30/0,0:53:0,,31.3,47.1,58.6,nan,nan
2000/29/0,0:53:0,,30.7,46.1,57.6,nan,nan
2000/33/0,0:53:0,,31.5,47.2,58.6,nan,nan
2000/30/0,0:53:0,,31.9,47.8,60.0,nan,nan
2000/30/0,0:53:0,,30.7,46.1,56.8,nan,nan
2000/28/0,0:53:0,,30.7,46.2,58.4,nan,nan
2000/30/0,0:53:0,,30.4,45.9,56.9,nan,nan
2000/33/0,0:53:0,,32.0,47.3,59.9,nan,nan
2000/33/0,0:53:0,,31.9,48.5,62.0,nan,nan
2000/30/0,0:53:0,,31.9,47.4,59.2,nan,nan
2000/30/0,0:53:0,,30.7,46.1,57.1,nan,nan
2000/32/0,0:53:0,,31.2,47.2,57.9,nan,nan
2000/32/0,0:53:0,,32.0,47.1,58.4,nan,nan
2000/33/0,0:53:0,,31.4,46.4,58.1,nan,nan
2000/35/0,0:53:0,,32.7,46.7,57.6,nan,nan
2000/32/0,0:53:0,,32.2,45.4,55.6,nan,nan
2000/32/0,0:53:0,,32.2,45.4,55.8,nan,nan
2000/32/0,0:53:0,,32.0,46.0,57.1,nan,nan
2000/31/0,0:53:0,,31.1,46.2,56.8,nan,nan
2000/31/0,0:53:0,,31.1,46.0,57.0,nan,nan
2000/31/0,0:53:0,,31.0,45.4,55.6,nan,nan
2000/32/0,0:53:0,,31.3,45.1,54.5,nan,nan
2000/29/0,0:53:0,,31.3,45.5,55.3,nan,nan
2000/31/0,0:53:0,,31.0,46.1,57.0,nan,nan
2000/30/0,0:53:0,,31.1,47.0,58.4,nan,nan
2000/28/0,0:53:0,,30.8,46.2,57.3,nan,nan
2000/29/0,0:53:0,,30.2,45.0,56.0,nan,nan
2000/28/0,0:53:0,,30.7,46.3,56.3,nan,nan
2000/29/0,0:53:0,,30.0,44.2,54.3,nan,nan
2000/28/0,0:53:0,,30.7,44.7,54.0,nan,nan
2000/28/0,0:53:0,,30.2,44.2,52.8,nan,nan
2000/32/0,0:53:0,,31.9,46.0,55.9,nan,nan
2000/28/0,0:53:0,,31.1,45.9,58.4,nan,nan
2000/30/0,0:53:0,,30.3,44.5,55.5,nan,nan
2000/28/0,0:53:0,,30.3,45.4,56.6,nan,nan
2000/29/0,0:53:0,,30.5,46.1,55.5,nan,nan
2000/27/0,0:53:0,,30.2,44.8,56.6,nan,nan
2000/28/0,0:53:0,,30.2,45.4,58.4,nan,nan
2000/27/0,0:53:0,,30.0,45.6,57.6,nan,nan
2000/29/0,0:53:0,,30.4,44.3,56.1,nan,nan
2000/27/0,0:53:0,,30.0,44.4,54.5,nan,nan
2000/27/0,0:53:0,,29.5,44.1,52.7,nan,nan
2000/28/0,0:53:0,,30.0,44.8,56.6,nan,nan
2000/28/0,0:53:0,,30.5,44.4,55.8,nan,nan
2000/26/0,0:53:0,,30.0,45.0,55.0,nan,nan
2000/26/0,0:53:0,,28.5,42.9,54.1,nan,nan
2000/31/0,0:53:0,,30.5,45.9,56.7,nan,nan
2000/26/0,0:53:0,,30.5,45.6,56.4,nan,nan
2000/28/0,0:53:0,,29.5,44.2,55.4,nan,nan
2000/28/0,0:53:0,,30.9,44.6,56.6,nan,nan
2000/27/0,0:53:0,,30.1,44.1,55.0,nan,nan
2000/28/0,0:53:0,,29.6,44.0,53.0,nan,nan
2000/29/0,0:53:0,,31.0,45.2,55.1,nan,nan
2000/27/0,0:53:0,,29.5,44.3,53.4,nan,nan
2000/27/0,0:53:0,,29.6,43.6,52.4,nan,nan
2000/26/0,0:53:0,,29.4,41.6,51.5,nan,nan
2000/27/0,0:53:0,,30.0,44.2,55.3,nan,nan
2000/28/0,0:53:0,,30.6,45.6,56.4,nan,nan
2000/28/0,0:53:0,,30.1,44.7,55.2,nan,nan
2000/28/0,0:53:0,,29.8,43.4,53.0,nan,nan
2000/29/0,0:53:0,,30.3,43.3,52.1,nan,nan
2000/28/0,0:53:0,,29.6,43.6,51.8,nan,nan
2000/27/0,0:53:0,,29.6,42.4,50.4,nan,nan
2000/26/0,0:53:0,,29.4,43.0,52.2,nan,nan
2000/28/0,0:53:0,,30.1,45.2,55.7,nan,nan
2000/23/0,0:53:0,,27.5,41.7,51.3,nan,nan
2000/28/0,0:53:0,,28.9,43.2,52.9,nan,nan
2000/27/0,0:53:0,,29.7,45.6,54.7,nan,nan
2000/27/0,0:53:0,,29.4,44.0,52.2,nan,nan
2000/27/0,0:53:0,,29.5,44.5,53.9,nan,nan
2000/27/0,0:53:0,,29.6,44.8,55.5,nan,nan
2000/27/0,0:53:0,,29.1,45.5,55.8,nan,nan
2000/28/0,0:53:0,,29.9,44.7,54.4,nan,nan
2000/27/0,0:53:0,,30.6,45.8,55.6,nan,nan
2000/29/0,0:53:0,,30.0,45.6,55.8,nan,nan
2000/28/0,0:53:0,,30.2,44.2,54.4,nan,nan
2000/26/0,0:53:0,,29.8,43.2,52.0,nan,nan
2000/27/0,0:53:0,,29.4,43.5,53.5,nan,nan
2000/28/0,0:53:0,,30.4,44.9,54.8,nan,nan
2000/27/0,0:53:0,,29.8,43.9,52.4,nan,nan
2000/28/0,0:53:0,,29.8,44.6,54.0,nan,nan
2000/32/0,0:53:0,,30.3,45.1,55.5,nan,nan
2000/26/0,0:53:0,,30.4,45.3,54.7,nan,nan
2000/27/0,0:53:0,,28.9,43.7,53.4,nan,nan
2000/29/0,0:53:0,,30.3,45.3,56.5,nan,nan
2000/27/0,0:53:0,,29.9,45.5,55.7,nan,nan
2000/26/0,0:53:0,,29.4,45.0,54.9,nan,nan
2000/27/0,0:53:0,,29.3,43.1,52.3,nan,nan
2000/25/0,0:53:0,,29.8,45.7,58.0,nan,nan
2000/26/0,0:53:0,,28.4,43.8,53.8,nan,nan
2000/26/0,0:53:0,,29.0,43.3,52.7,nan,nan
2000/29/0,0:53:0,,30.2,43.6,52.8,nan,nan
2000/27/0,0:53:0,,30.4,43.4,52.6,nan,nan
2000/26/0,0:53:0,,29.2,43.0,50.8,nan,nan
2000/27/0,0:53:0,,30.0,44.6,53.2,nan,nan
2000/26/0,0:53:0,,29.3,45.3,55.9,nan,nan
2000/26/0,0:53:0,,29.1,43.4,54.9,nan,nan
2000/27/0,0:53:0,,29.5,44.3,54.9,nan,nan
2000/29/0,0:53:0,,29.9,44.5,54.9,nan,nan
2000/26/0,0:53:0,,29.7,43.4,53.4,nan,nan
2000/25/0,0:53:0,,29.3,42.7,51.7,nan,nan
2000/28/0,0:53:0,,30.0,44.5,53.7,nan,nan
2000/24/0,0:53:0,,28.9,44.2,53.9,nan,nan
2000/30/0,0:53:0,,29.8,44.9,54.3,nan,nan
2000/27/0,0:53:0,,30.1,45.0,54.4,nan,nan
2000/25/0,0:53:0,,28.7,42.7,50.1,nan,nan
2000/24/0,0:53:0,,28.0,43.6,52.4,nan,nan
2000/25/0,0:53:0,,27.8,41.9,50.1,nan,nan
2000/26/0,0:53:0,,28.6,43.4,53.9,nan,nan
2000/33/0,0:53:0,,30.7,46.0,57.7,nan,nan
2000/30/0,0:53:0,,32.3,45.7,55.7,nan,nan
2000/24/0,0:53:0,,29.3,42.2,49.9,nan,nan
2000/22/0,0:53:0,,27.3,38.9,45.7,nan,nan
2000/23/0,0:53:0,,27.2,38.6,46.9,nan,nan
2000/25/0,0:53:0,,28.7,42.8,50.4,nan,nan
2000/25/0,0:53:0,,28.5,43.1,51.1,nan,nan
2000/24/0,0:53:0,,29.0,43.8,51.8,nan,nan
2000/26/0,0:53:0,,29.1,44.0,53.9,nan,nan
2000/26/0,0:53:0,,29.4,43.1,52.3,nan,nan
2000/26/0,0:53:0,,29.1,44.4,55.1,nan,nan
2000/25/0,0:53:0,,29.0,44.5,53.2,nan,nan
2000/26/0,0:53:0,,28.7,43.7,52.8,nan,nan
2000/24/0,0:53:0,,28.0,42.6,53.0,nan,nan
2000/27/0,0:53:0,,28.9,43.3,53.1,nan,nan
2000/23/0,0:53:0,,28.3,42.1,51.6,nan,nan
2000/22/0,0:53:0,,27.7,40.9,49.5,nan,nan
2000/25/0,0:53:0,,28.1,41.8,50.4,nan,nan
2000/26/0,0:53:0,,29.0,43.8,52.5,nan,nan
2000/26/0,0:53:0,,28.5,43.3,51.1,nan,nan
2000/24/0,0:53:0,,28.4,43.0,52.2,nan,nan
2000/23/0,0:53:0,,27.2,41.8,52.2,nan,nan
2000/24/0,0:53:0,,28.0,42.0,51.0,nan,nan
2000/23/0,0:53:0,,27.5,41.9,49.9,nan,nan
2000/24/0,0:53:0,,27.4,42.4,50.8,nan,nan
2000/24/0,0:53:0,,28.1,44.1,54.3,nan,nan
2000/25/0,0:53:0,,27.6,42.1,52.9,nan,nan
2000/25/0,0:53:0,,28.1,42.3,51.1,nan,nan
2000/25/0,0:53:0,,28.7,42.9,50.3,nan,nan
2000/25/0,0:53:0,,28.6,41.4,51.9,nan,nan
2000/25/0,0:53:0,,29.0,43.0,53.6,nan,nan
2000/26/0,0:53:0,,29.1,42.7,52.6,nan,nan
2000/25/0,0:53:0,,29.0,43.6,53.4,nan,nan
2000/24/0,0:53:0,,28.4,42.9,52.3,nan,nan
2000/25/0,0:53:0,,28.2,42.5,52.6,nan,nan
2000/25/0,0:53:0,,28.5,41.7,52.3,nan,nan
2000/26/0,0:53:0,,28.2,41.5,50.0,nan,nan
2000/25/0,0:53:0,,29.4,43.2,52.5,nan,nan
2000/22/0,0:53:0,,27.8,41.0,52.6,nan,nan
2000/23/0,0:53:0,,27.8,40.6,51.5,nan,nan
2000/24/0,0:53:0,,28.1,41.2,49.2,nan,nan
2000/23/0,0:53:0,,28.2,42.8,51.4,nan,nan
2000/26/0,0:53:0,,28.6,43.7,53.9,nan,nan
2000/24/0,0:53:0,,28.6,42.9,53.5,nan,nan
2000/24/0,0:53:0,,27.8,42.0,50.8,nan,nan
2000/28/0,0:53:0,,28.7,41.9,51.7,nan,nan
2000/24/0,0:53:0,,28.1,41.5,50.5,nan,nan
2000/27/0,0:53:0,,28.9,42.1,50.7,nan,nan
2000/25/0,0:53:0,,28.8,43.4,52.2,nan,nan
2000/25/0,0:53:0,,28.3,42.5,52.1,nan,nan
2000/24/0,0:53:0,,27.6,41.2,51.6,nan,nan
2000/24/0,0:53:0,,28.3,42.0,51.8,nan,nan
2000/23/0,0:53:0,,27.7,41.7,49.0,nan,nan
2000/24/0,0:53:0,,27.7,40.2,46.8,nan,nan
2000/26/0,0:53:0,,28.5,43.5,51.8,nan,nan
2000/25/0,0:53:0,,28.4,43.0,52.2,nan,nan
2000/24/0,0:53:0,,28.0,41.0,49.6,nan,nan
2000/24/0,0:53:0,,28.1,41.5,51.0,nan,nan
2000/23/0,0:53:0,,28.0,42.3,51.6,nan,nan
2000/25/0,0:53:0,,27.8,41.4,49.8,nan,nan
2000/26/0,0:53:0,,28.4,41.0,49.4,nan,nan
2000/24/0,0:53:0,,28.6,40.8,49.4,nan,nan
2000/22/0,0:53:0,,28.5,40.5,50.9,nan,nan
2000/21/0,0:53:0,,27.2,39.4,48.6,nan,nan
2000/25/0,0:53:0,,27.9,41.6,49.3,nan,nan
2000/24/0,0:53:0,,28.2,43.2,50.4,nan,nan
2000/23/0,0:53:0,,28.0,42.8,51.1,nan,nan
2000/22/0,0:53:0,,28.0,42.2,49.4,nan,nan
2000/23/0,0:53:0,,27.8,41.0,49.8,nan,nan
2000/23/0,0:53:0,,27.8,40.9,50.4,nan,nan
2000/23/0,0:53:0,,27.7,41.2,49.8,nan,nan
2000/25/0,0:53:0,,28.1,41.9,49.1,nan,nan
2000/25/0,0:53:0,,28.1,40.6,47.9,nan,nan
2000/22/0,0:53:0,,28.3,41.5,49.5,nan,nan
2000/22/0,0:53:0,,27.9,40.3,48.6,nan,nan
2000/25/0,0:53:0,,28.1,40.3,48.5,nan,nan
2000/26/0,0:53:0,,28.6,42.2,51.6,nan,nan
2000/24/0,0:53:0,,28.8,43.6,52.6,nan,nan
2000/22/0,0:53:0,,28.0,41.8,50.0,nan,nan
2000/22/0,0:53:0,,28.0,41.6,50.1,nan,nan
2000/21/0,0:53:0,,27.3,42.7,52.7,nan,nan
2000/22/0,0:53:0,,28.0,42.0,50.8,nan,nan
2000/24/0,0:53:0,,28.0,41.3,49.7,nan,nan
2000/26/0,0:53:0,,28.2,43.3,53.4,nan,nan
2000/22/0,0:53:0,,28.6,44.1,54.5,nan,nan
2000/25/0,0:53:0,,27.5,43.4,52.6,nan,nan
2000/23/0,0:53:0,,27.3,42.1,50.2,nan,nan
2000/24/0,0:53:0,,28.0,41.2,48.8,nan,nan
2000/23/0,0:53:0,,27.8,39.6,47.6,nan,nan
2000/25/0,0:53:0,,26.9,38.7,47.4,nan,nan
2000/21/0,0:53:0,,26.5,40.5,48.1,nan,nan
2000/24/0,0:53:0,,27.9,42.0,49.2,nan,nan
2000/22/0,0:53:0,,28.0,41.9,50.1,nan,nan
2000/22/0,0:53:0,,27.6,41.2,50.6,nan,nan
2000/24/0,0:53:0,,28.0,42.8,53.0,nan,nan
2000/23/0,0:53:0,,27.7,42.7,50.9,nan,nan
2000/23/0,0:53:0,,28.0,41.6,49.6,nan,nan
2000/24/0,0:53:0,,27.6,42.3,51.4,nan,nan
2000/23/0,0:53:0,,28.1,42.7,52.1,nan,nan
2000/21/0,0:53:0,,27.8,41.2,49.0,nan,nan
2000/21/0,0:53:0,,27.1,40.4,48.5,nan,nan
2000/23/0,0:53:0,,27.7,42.0,49.6,nan,nan
2000/25/0,0:53:0,,28.2,42.4,51.0,nan,nan
2000/23/0,0:53:0,,28.4,42.8,53.6,nan,nan
2000/25/0,0:53:0,,26.8,40.8,49.2,nan,nan
2000/22/0,0:53:0,,27.2,39.4,48.4,nan,nan
2000/23/0,0:53:0,,28.0,40.9,49.0,nan,nan
2000/21/0,0:53:0,,27.8,41.8,49.6,nan,nan
2000/21/0,0:53:0,,26.7,40.0,48.1,nan,nan
2000/22/0,0:53:0,,27.5,39.8,48.6,nan,nan
2000/24/0,0:53:0,,28.1,40.1,50.6,nan,nan
2000/23/0,0:53:0,,28.1,41.2,50.0,nan,nan
2000/21/0,0:53:0,,27.4,40.1,48.0,nan,nan
2000/20/0,0:53:0,,26.7,41.4,50.4,nan,nan
2000/21/0,0:53:0,,27.3,42.4,54.1,nan,nan
2000/20/0,0:53:0,,26.8,42.3,51.9,nan,nan
2000/22/0,0:53:0,,27.8,41.8,51.3,nan,nan
2000/23/0,0:53:0,,28.0,41.8,50.2,nan,nan
2000/24/0,0:53:0,,28.0,42.6,50.7,nan,nan
2000/27/0,0:53:0,,29.2,43.9,53.2,nan,nan
2000/23/0,0:53:0,,28.6,42.6,54.8,nan,nan
2000/25/0,0:53:0,,27.4,40.2,51.4,nan,nan
2000/21/0,0:53:0,,26.6,40.0,50.2,nan,nan
2000/22/0,0:53:0,,27.8,43.5,54.5,nan,nan
2000/22/0,0:53:0,,27.6,41.8,52.6,nan,nan
2000/20/0,0:53:0,,27.0,40.8,51.4,nan,nan
2000/20/0,0:53:0,,26.5,39.5,49.6,nan,nan
2000/23/0,0:53:0,,27.9,40.3,48.3,nan,nan
2000/22/0,0:53:0,,27.6,40.4,48.5,nan,nan
2000/22/0,0:53:0,,27.6,40.0,47.5,nan,nan
2000/21/0,0:53:0,,26.9,38.9,46.5,nan,nan
2000/22/0,0:53:0,,27.4,40.0,47.6,nan,nan
2000/25/0,0:53:0,,27.9,42.5,51.7,nan,nan
2000/24/0,0:53:0,,28.0,42.8,53.7,nan,nan
2000/24/0,0:53:0,,28.0,41.8,49.8,nan,nan
2000/22/0,0:53:0,,27.8,40.8,47.8,nan,nan
2000/21/0,0:53:0,,27.5,39.7,46.8,nan,nan
2000/21/0,0:53:0,,27.4,38.4,45.0,nan,nan
2000/20/0,0:53:0,,27.4,38.6,46.0,nan,nan
2000/23/0,0:53:0,,27.7,41.1,49.2,nan,nan
2000/21/0,0:53:0,,27.2,42.0,50.0,nan,nan
2000/23/0,0:53:0,,27.9,40.6,48.8,nan,nan
2000/25/0,0:53:0,,27.0,40.4,48.6,nan,nan
2000/21/0,0:53:0,,26.4,39.7,48.4,nan,nan
2000/23/0,0:53:0,,27.3,40.8,49.9,nan,nan
2000/22/0,0:53:0,,27.5,41.1,49.5,nan,nan
2000/20/0,0:53:0,,26.5,41.1,49.5,nan,nan
2000/22/0,0:53:0,,27.0,40.4,49.6,nan,nan
2000/23/0,0:53:0,,28.0,39.1,48.0,nan,nan
2000/24/0,0:53:0,,28.0,39.8,48.2,nan,nan
2000/22/0,0:53:0,,28.0,40.7,49.9,nan,nan
2000/22/0,0:53:0,,27.2,40.0,47.3,nan,nan
2000/22/0,0:53:0,,27.8,41.8,51.5,nan,nan
2000/21/0,0:53:0,,27.0,40.9,48.3,nan,nan
2000/23/0,0:53:0,,27.4,41.6,49.0,nan,nan
2000/23/0,0:53:0,,28.0,40.4,47.4,nan,nan
2000/21/0,0:53:0,,27.8,39.0,45.0,nan,nan
2000/23/0,0:53:0,,27.7,39.7,46.3,nan,nan
2000/22/0,0:53:0,,28.0,42.1,51.1,nan,nan
2000/22/0,0:53:0,,27.6,41.6,50.8,nan,nan
2000/22/0,0:53:0,,28.0,40.8,49.0,nan,nan
2000/22/0,0:53:0,,27.4,41.3,49.8,nan,nan
2000/20/0,0:53:0,,27.1,42.4,50.7,nan,nan
2000/21/0,0:53:0,,26.8,41.2,49.7,nan,nan
2000/24/0,0:53:0,,27.9,41.8,50.6,nan,nan
2000/23/0,0:53:0,,28.0,41.8,48.8,nan,nan
2000/22/0,0:53:0,,28.0,41.8,49.4,nan,nan
2000/20/0,0:53:0,,26.4,39.8,48.1,nan,nan
2000/24/0,0:53:0,,27.4,40.4,49.2,nan,nan
2000/20/0,0:53:0,,26.9,39.7,50.8,nan,nan
2000/23/0,0:53:0,,27.4,41.0,50.9,nan,nan
2000/23/0,0:53:0,,27.8,42.3,51.7,nan,nan
2000/21/0,0:53:0,,27.3,40.3,49.8,nan,nan
2000/22/0,0:53:0,,27.0,40.2,49.2,nan,nan
2000/22/0,0:53:0,,27.6,40.2,49.7,nan,nan
2000/23/0,0:53:0,,27.4,40.1,48.3,nan,nan
2000/21/0,0:53:0,,27.7,42.2,50.8,nan,nan
2000/20/0,0:53:0,,26.6,39.7,48.9,nan,nan
2000/20/0,0:53:0,,26.6,39.4,48.6,nan,nan
2000/21/0,0:53:0,,26.6,39.5,47.1,nan,nan
2000/21/0,0:53:0,,27.3,41.2,49.0,nan,nan
2000/25/0,0:53:0,,26.6,40.3,49.2,nan,nan
2000/20/0,0:53:0,,26.8,39.0,46.6,nan,nan
2000/22/0,0:53:0,,27.2,39.8,47.6,nan,nan
2000/23/0,0:53:0,,28.0,40.4,49.2,nan,nan
2000/22/0,0:53:0,,27.6,39.4,46.2,nan,nan
2000/22/0,0:53:0,,27.4,39.8,46.0,nan,nan
2000/20/0,0:53:0,,27.2,39.4,47.6,nan,nan
2000/23/0,0:53:0,,27.3,40.2,48.8,nan,nan
2000/22/0,0:53:0,,27.6,40.5,49.9,nan,nan
2000/23/0,0:53:0,,27.5,39.2,46.8,nan,nan
2000/24/0,0:53:0,,28.0,43.5,53.8,nan,nan
2000/22/0,0:53:0,,27.9,41.9,49.9,nan,nan
2000/21/0,0:53:0,,27.9,40.8,47.6,nan,nan
2000/22/0,0:53:0,,27.3,41.2,48.7,nan,nan
2000/22/0,0:53:0,,28.0,42.9,51.3,nan,nan
2000/21/0,0:53:0,,27.4,40.7,50.0,nan,nan
2000/23/0,0:53:0,,28.0,40.4,49.8,nan,nan
2000/23/0,0:53:0,,28.0,40.8,49.2,nan,nan
2000/22/0,0:53:0,,27.9,39.8,48.1,nan,nan
2000/22/0,0:53:0,,27.9,40.7,49.6,nan,nan
2000/22/0,0:53:0,,27.5,42.6,52.3,nan,nan
2000/25/0,0:53:0,,26.5,41.1,50.3,nan,nan
2000/25/0,0:53:0,,26.1,39.5,47.7,nan,nan
2000/21/0,0:53:0,,27.0,40.0,47.4,nan,nan
2000/22/0,0:53:0,,27.5,41.8,50.4,nan,nan
2000/21/0,0:53:0,,27.4,38.8,46.8,nan,nan
2000/26/0,0:53:0,,28.1,40.5,49.2,nan,nan
2000/25/0,0:53:0,,28.6,42.3,54.3,nan,nan
2000/21/0,0:53:0,,27.8,40.8,51.1,nan,nan
2000/20/0,0:53:0,,26.7,38.7,45.7,nan,nan
2000/25/0,0:53:0,,26.6,38.5,45.7,nan,nan
2000/25/0,0:53:0,,26.4,38.6,46.8,nan,nan
2000/21/0,0:53:0,,27.2,39.3,47.3,nan,nan
2000/20/0,0:53:0,,26.6,41.2,49.4,nan,nan
2000/20/0,0:53:0,,26.9,40.7,50.3,nan,nan
2000/21/0,0:53:0,,26.5,39.1,47.9,nan,nan
2000/25/0,0:53:0,,27.7,40.1,48.0,nan,nan
2000/22/0,0:53:0,,27.5,40.0,50.3,nan,nan
2000/21/0,0:53:0,,27.5,40.2,49.4,nan,nan
2000/21/0,0:53:0,,27.0,39.9,48.1,nan,nan
2000/25/0,0:53:0,,28.0,41.3,49.8,nan,nan
2000/23/0,0:53:0,,28.1,40.9,48.5,nan,nan
2000/23/0,0:53:0,,27.8,40.8,49.4,nan,nan
2000/22/0,0:53:0,,28.0,40.4,48.6,nan,nan
2000/22/0,0:53:0,,27.4,39.7,47.1,nan,nan
2000/21/0,0:53:0,,27.0,40.3,48.3,nan,nan
2000/21/0,0:53:0,,26.7,39.9,49.1,nan,nan
2000/22/0,0:53:0,,26.8,39.8,48.5,nan,nan
2000/21/0,0:53:0,,26.9,39.1,49.2,nan,nan
2000/22/0,0:53:0,,27.6,39.4,48.0,nan,nan
2000/22/0,0:53:0,,27.7,40.6,47.9,nan,nan
2000/22/0,0:53:0,,27.3,40.8,49.5,nan,nan
2000/22/0,0:53:0,,27.4,41.0,48.8,nan,nan
2000/20/0,0:53:0,,27.4,40.0,47.6,nan,nan
2000/21/0,0:53:0,,27.2,38.4,45.2,nan,nan
2000/22/0,0:53:0,,27.3,40.6,49.6,nan,nan
2000/26/0,0:53:0,,28.1,42.6,52.6,nan,nan
2000/23/0,0:53:0,,28.1,42.1,51.5,nan,nan
2000/21/0,0:53:0,,27.1,39.4,47.9,nan,nan
2000/20/0,0:53:0,,26.8,39.1,48.4,nan,nan
2000/21/0,0:53:0,,26.8,40.7,49.4,nan,nan
2000/25/0,0:53:0,,26.8,40.7,49.6,nan,nan
2000/20/0,0:53:0,,26.8,39.8,49.7,nan,nan
2000/21/0,0:53:0,,26.6,40.6,48.2,nan,nan
2000/25/0,0:53:0,,26.8,40.6,49.4,nan,nan
2000/23/0,0:53:0,,25.9,40.0,49.0,nan,nan
2000/25/0,0:53:0,,26.0,39.1,47.6,nan,nan
2000/25/0,0:53:0,,26.6,38.8,49.4,nan,nan
2000/25/0,0:53:0,,26.0,38.0,47.9,nan,nan
2000/20/0,0:53:0,,26.4,38.8,47.0,nan,nan
2000/20/0,0:53:0,,27.1,40.0,47.5,nan,nan
2000/21/0,0:53:0,,26.6,39.4,48.3,nan,nan
2000/24/0,0:53:0,,27.8,41.2,50.3,nan,nan
2000/23/0,0:53:0,,27.8,41.0,49.1,nan,nan
2000/20/0,0:53:0,,26.9,38.4,48.1,nan,nan
2000/21/0,0:53:0,,26.7,39.3,45.8,nan,nan
2000/22/0,0:53:0,,26.9,41.2,49.3,nan,nan
2000/21/0,0:53:0,,27.6,40.7,49.6,nan,nan
2000/20/0,0:53:0,,27.2,38.6,46.4,nan,nan
2000/24/0,0:53:0,,27.5,39.0,46.1,nan,nan
2000/22/0,0:53:0,,28.0,40.4,49.8,nan,nan
2000/22/0,0:53:0,,27.6,40.1,48.7,nan,nan
2000/21/0,0:53:0,,27.2,38.6,47.0,nan,nan
2000/20/0,0:53:0,,27.0,39.6,48.4,nan,nan
2000/21/0,0:53:0,,27.0,39.0,49.4,nan,nan
2000/23/0,0:53:0,,27.8,39.9,52.0,nan,nan
2000/22/0,0:53:0,,28.0,41.7,50.7,nan,nan
2000/25/0,0:53:0,,26.3,38.7,48.9,nan,nan
2000/20/0,0:53:0,,26.4,38.6,49.2,nan,nan
2000/21/0,0:53:0,,27.3,39.3,49.5,nan,nan
2000/23/0,0:53:0,,27.6,39.2,49.0,nan,nan
2000/25/0,0:53:0,,28.4,39.2,48.8,nan,nan
2000/22/0,0:53:0,,27.8,38.2,47.0,nan,nan
2000/20/0,0:53:0,,27.0,38.8,45.8,nan,nan
2000/21/0,0:53:0,,27.2,40.0,46.8,nan,nan
2000/23/0,0:53:0,,27.4,39.7,47.0,nan,nan
2000/23/0,0:53:0,,28.0,41.2,50.3,nan,nan
2000/21/0,0:53:0,,27.1,39.1,48.7,nan,nan
2000/24/0,0:53:0,,27.2,40.5,50.4,nan,nan
2000/21/0,0:53:0,,27.3,42.3,50.1,nan,nan
2000/20/0,0:53:0,,27.0,39.6,47.6,nan,nan
2000/20/0,0:53:0,,27.2,41.0,49.8,nan,nan
2000/21/0,0:53:0,,27.6,39.2,46.6,nan,nan
2000/21/0,0:53:0,,26.9,39.3,45.9,nan,nan
2000/24/0,0:53:0,,26.4,38.5,46.0,nan,nan
2000/21/0,0:53:0,,26.8,39.2,46.2,nan,nan
2000/20/0,0:53:0,,26.9,39.1,47.7,nan,nan
2000/20/0,0:53:0,,26.2,39.7,49.0,nan,nan
2000/21/0,0:53:0,,26.4,39.5,50.3,nan,nan
2000/21/0,0:53:0,,27.1,40.0,50.3,nan,nan
2000/20/0,0:53:0,,26.3,39.7,48.5,nan,nan
2000/21/0,0:53:0,,27.0,40.1,48.0,nan,nan
2000/22/0,0:53:0,,27.7,40.2,47.6,nan,nan
2000/20/0,0:53:0,,27.0,39.6,47.4,nan,nan
2000/20/0,0:53:0,,27.0,39.2,47.6,nan,nan
2000/22/0,0:53:0,,28.0,42.4,50.4,nan,nan
2000/21/0,0:53:0,,27.4,39.6,47.2,nan,nan
2000/20/0,0:53:0,,27.0,39.2,47.2,nan,nan
2000/21/0,0:53:0,,27.6,40.2,47.9,nan,nan
2000/21/0,0:53:0,,27.6,40.5,48.9,nan,nan
2000/24/0,0:53:0,,26.6,41.6,51.0,nan,nan
2000/24/0,0:53:0,,25.3,38.1,46.6,nan,nan
2000/24/0,0:53:0,,25.7,37.4,45.3,nan,nan
2000/20/0,0:53:0,,26.8,38.2,47.0,nan,nan
2000/21/0,0:53:0,,26.4,39.1,48.3,nan,nan
2000/25/0,0:53:0,,26.5,39.4,48.3,nan,nan
2000/20/0,0:53:0,,26.0,38.2,45.4,nan,nan
2000/22/0,0:53:0,,27.4,39.0,45.0,nan,nan
2000/21/0,0:53:0,,27.4,40.9,48.6,nan,nan
2000/22/0,0:53:0,,26.8,40.6,49.5,nan,nan
2000/22/0,0:53:0,,27.3,40.0,47.7,nan,nan
2000/23/0,0:53:0,,27.5,40.4,47.8,nan,nan
2000/21/0,0:53:0,,27.4,41.2,48.9,nan,nan
2000/25/0,0:53:0,,27.0,40.5,50.4,nan,nan
2000/20/0,0:53:0,,26.9,38.3,46.3,nan,nan
2000/21/0,0:53:0,,27.2,38.2,45.8,nan,nan
2000/22/0,0:53:0,,27.3,39.8,48.4,nan,nan
2000/23/0,0:53:0,,27.6,42.2,50.8,nan,nan
2000/20/0,0:53:0,,27.0,41.0,50.0,nan,nan
2000/21/0,0:53:0,,26.6,41.1,50.1,nan,nan
2000/21/0,0:53:0,,27.6,40.2,47.8,nan,nan
2000/21/0,0:53:0,,27.7,39.3,47.7,nan,nan
2000/22/0,0:53:0,,28.0,42.7,53.5,nan,nan
2000/23/0,0:53:0,,28.0,42.2,53.4,nan,nan
2000/24/0,0:53:0,,28.0,40.8,49.8,nan,nan
2000/22/0,0:53:0,,27.7,39.1,47.3,nan,nan
2000/21/0,0:53:0,,27.2,39.0,47.0,nan,nan
2000/22/0,0:53:0,,27.2,39.0,48.0,nan,nan
2000/21/0,0:53:0,,27.2,39.6,49.2,nan,nan
2000/20/0,0:53:0,,26.9,39.9,50.4,nan,nan
2000/23/0,0:53:0,,26.4,39.9,48.3,nan,nan
2000/24/0,0:53:0,,26.6,39.7,48.5,nan,nan
2000/24/0,0:53:0,,25.9,39.1,47.6,nan,nan
2000/21/0,0:53:0,,27.0,40.7,50.5,nan,nan
2000/21/0,0:53:0,,26.8,40.0,47.9,nan,nan
2000/21/0,0:53:0,,27.3,40.1,48.1,nan,nan
2000/22/0,0:53:0,,27.2,42.0,51.9,nan,nan
2000/21/0,0:53:0,,27.7,40.5,49.6,nan,nan
2000/20/0,0:53:0,,26.7,39.7,49.4,nan,nan
2000/21/0,0:53:0,,27.1,40.7,50.6,nan,nan
2000/22/0,0:53:0,,27.1,42.2,51.8,nan,nan
2000/21/0,0:53:0,,27.2,40.2,49.6,nan,nan
2000/22/0,0:53:0,,27.4,39.5,49.2,nan,nan
2000/21/0,0:53:0,,26.6,39.4,47.8,nan,nan
2000/21/0,0:53:0,,26.6,40.0,49.1,nan,nan
2000/20/0,0:53:0,,26.4,40.2,48.4,nan,nan
2000/23/0,0:53:0,,26.9,39.6,50.0,nan,nan
2000/22/0,0:53:0,,27.9,41.4,50.0,nan,nan
2000/21/0,0:53:0,,27.4,42.2,49.8,nan,nan
2000/20/0,0:53:0,,27.0,41.0,49.6,nan,nan
2000/20/0,0:53:0,,27.2,39.8,46.1,nan,nan
2000/21/0,0:53:0,,26.6,39.1,45.7,nan,nan
2000/20/0,0:53:0,,26.6,38.8,46.4,nan,nan
2000/21/0,0:53:0,,26.8,39.6,47.6,nan,nan
2000/24/0,0:53:0,,26.8,40.6,49.2,nan,nan
2000/20/0,0:53:0,,27.7,42.2,51.7,nan,nan
2000/21/0,0:53:0,,26.6,39.6,49.3,nan,nan
2000/22/0,0:53:0,,26.6,39.6,48.5,nan,nan
2000/22/0,0:53:0,,27.4,41.4,48.8,nan,nan
2000/22/0,0:53:0,,28.0,39.8,48.6,nan,nan
2000/21/0,0:53:0,,27.8,39.0,48.4,nan,nan
2000/21/0,0:53:0,,27.0,38.0,45.4,nan,nan
2000/25/0,0:53:0,,27.9,39.4,46.5,nan,nan
2000/22/0,0:53:0,,28.0,41.3,50.6,nan,nan
2000/21/0,0:53:0,,27.2,40.2,47.6,nan,nan
2000/23/0,0:53:0,,27.6,40.9,48.4,nan,nan
2000/21/0,0:53:0,,27.8,41.1,49.5,nan,nan
2000/22/0,0:53:0,,27.9,40.1,48.1,nan,nan
2000/21/0,0:53:0,,27.4,40.2,48.0,nan,nan
2000/21/0,0:53:0,,27.0,38.0,47.0,nan,nan
2000/22/0,0:53:0,,27.1,36.9,45.4,nan,nan
2000/20/0,0:53:0,,27.7,41.2,50.0,nan,nan
2000/25/0,0:53:0,,26.8,40.2,49.0,nan,nan
2000/23/0,0:53:0,,27.5,39.9,47.9,nan,nan
2000/21/0,0:53:0,,27.8,41.3,50.5,nan,nan
2000/21/0,0:53:0,,27.0,40.4,48.8,nan,nan
2000/21/0,0:53:0,,27.4,40.7,49.8,nan,nan
2000/22/0,0:53:0,,27.8,39.8,47.2,nan,nan
2000/21/0,0:53:0,,27.2,38.5,46.6,nan,nan
2000/22/0,0:53:0,,27.5,41.5,50.1,nan,nan
2000/22/0,0:53:0,,27.6,40.8,50.2,nan,nan
2000/22/0,0:53:0,,27.6,40.2,49.6,nan,nan
2000/21/0,0:53:0,,27.4,40.2,49.4,nan,nan
2000/22/0,0:53:0,,28.0,40.0,47.2,nan,nan
2000/23/0,0:53:0,,28.0,40.0,48.0,nan,nan
2000/20/0,0:53:0,,27.5,40.6,49.3,nan,nan
2000/21/0,0:53:0,,26.9,39.1,47.0,nan,nan
2000/21/0,0:53:0,,27.0,40.6,48.7,nan,nan
2000/22/0,0:53:0,,27.4,40.0,47.6,nan,nan
2000/20/0,0:53:0,,27.6,38.7,47.8,nan,nan
2000/21/0,0:53:0,,26.9,41.0,49.4,nan,nan
2000/21/0,0:53:0,,26.6,39.0,46.8,nan,nan
2000/20/0,0:53:0,,27.3,39.8,47.2,nan,nan
2000/25/0,0:53:0,,26.0,39.6,47.6,nan,nan
2000/20/0,0:53:0,,26.4,38.8,47.2,nan,nan
2000/23/0,0:53:0,,27.3,41.2,49.8,nan,nan
2000/24/0,0:53:0,,28.1,41.9,49.6,nan,nan
2000/25/0,0:53:0,,27.3,39.2,48.1,nan,nan
2000/21/0,0:53:0,,27.4,39.7,46.8,nan,nan
2000/21/0,0:53:0,,27.8,39.7,46.8,nan,nan
2000/22/0,0:53:0,,27.6,39.5,48.6,nan,nan
2000/20/0,0:53:0,,27.2,39.9,47.1,nan,nan
2000/21/0,0:53:0,,27.2,40.6,47.5,nan,nan
2000/21/0,0:53:0,,27.0,39.2,46.0,nan,nan
2000/22/0,0:53:0,,27.4,39.1,45.1,nan,nan
2000/20/0,0:53:0,,27.1,39.5,46.2,nan,nan
2000/22/0,0:53:0,,27.2,40.6,48.2,nan,nan
2000/24/0,0:53:0,,28.0,42.2,51.1,nan,nan
2000/23/0,0:53:0,,27.6,41.1,49.3,nan,nan
2000/21/0,0:53:0,,27.6,40.0,50.0,nan,nan
2000/21/0,0:53:0,,27.2,39.0,49.5,nan,nan
2000/24/0,0:53:0,,26.6,38.0,47.1,nan,nan
2000/20/0,0:53:0,,26.3,38.4,45.3,nan,nan
2000/21/0,0:53:0,,27.2,39.0,47.2,nan,nan
2000/21/0,0:53:0,,27.4,39.4,47.5,nan,nan
2000/24/0,0:53:0,,26.6,41.2,49.2,nan,nan
2000/22/0,0:53:0,,27.1,40.9,49.5,nan,nan
2000/23/0,0:53:0,,27.4,41.0,48.8,nan,nan
2000/23/0,0:53:0,,27.8,43.1,51.6,nan,nan
2000/21/0,0:53:0,,27.6,41.2,50.3,nan,nan
2000/21/0,0:53:0,,27.3,40.3,49.1,nan,nan
2000/21/0,0:53:0,,26.5,40.1,47.4,nan,nan
2000/25/0,0:53:0,,26.9,40.8,48.0,nan,nan
2000/21/0,0:53:0,,27.5,41.4,49.5,nan,nan
2000/22/0,0:53:0,,27.3,39.5,50.4,nan,nan
2000/21/0,0:53:0,,27.1,40.5,52.1,nan,nan
2000/22/0,0:53:0,,27.8,40.6,49.8,nan,nan
2000/20/0,0:53:0,,27.3,39.1,48.5,nan,nan
2000/20/0,0:53:0,,26.4,39.9,47.8,nan,nan
2000/25/0,0:53:0,,25.7,39.5,47.7,nan,nan
2000/22/0,0:53:0,,26.5,40.0,49.1,nan,nan
2000/20/0,0:53:0,,27.0,41.4,53.1,nan,nan
2000/23/0,0:53:0,,27.2,40.4,50.2,nan,nan
2000/22/0,0:53:0,,28.5,41.8,49.3,nan,nan
2000/25/0,0:53:0,,27.1,41.0,49.9,nan,nan
2000/22/0,0:53:0,,26.4,37.8,46.4,nan,nan
2000/22/0,0:53:0,,27.5,39.3,47.7,nan,nan
2000/21/0,0:53:0,,26.9,39.9,48.3,nan,nan
2000/22/0,0:53:0,,27.9,39.9,49.3,nan,nan
2000/20/0,0:53:0,,26.9,39.9,49.1,nan,nan
2000/22/0,0:53:0,,27.0,40.2,50.3,nan,nan
2000/21/0,0:53:0,,27.6,38.6,48.2,nan,nan
2000/25/0,0:53:0,,26.2,38.4,46.4,nan,nan
2000/21/0,0:53:0,,26.2,38.3,45.2,nan,nan
2000/22/0,0:53:0,,27.8,41.4,49.7,nan,nan
2000/22/0,0:53:0,,27.3,41.1,49.5,nan,nan
2000/21/0,0:53:0,,27.6,41.0,50.4,nan,nan
2000/23/0,0:53:0,,27.4,39.4,49.4,nan,nan
2000/22/0,0:53:0,,27.7,38.3,47.1,nan,nan
2000/22/0,0:53:0,,26.9,38.1,45.8,nan,nan
2000/25/0,0:53:0,,27.2,40.9,50.5,nan,nan
2000/21/0,0:53:0,,26.7,39.8,48.4,nan,nan
2000/21/0,0:53:0,,27.2,41.0,50.4,nan,nan
2000/22/0,0:53:0,,27.0,39.2,48.4,nan,nan
2000/24/0,0:53:0,,27.9,39.9,48.9,nan,nan
2000/22/0,0:53:0,,28.2,40.9,49.6,nan,nan
2000/23/0,0:53:0,,27.5,40.7,48.9,nan,nan
2000/23/0,0:53:0,,27.5,40.5,46.9,nan,nan
2000/21/0,0:53:0,,27.4,38.8,46.2,nan,nan
2000/25/0,0:53:0,,25.7,37.5,44.9,nan,nan
2000/25/0,0:53:0,,25.9,38.5,44.7,nan,nan
2000/22/0,0:53:0,,27.1,39.3,47.1,nan,nan
2000/21/0,0:53:0,,27.4,39.8,48.0,nan,nan
2000/21/0,0:53:0,,27.2,40.0,48.1,nan,nan
2000/21/0,0:53:0,,27.5,41.0,48.8,nan,nan
2000/21/0,0:53:0,,27.4,40.8,48.9,nan,nan
2000/25/0,0:53:0,,28.1,40.2,49.1,nan,nan
2000/24/0,0:53:0,,27.8,41.6,53.3,nan,nan
2000/26/0,0:53:0,,28.0,40.8,51.4,nan,nan
2000/22/0,0:53:0,,28.0,40.4,49.4,nan,nan
2000/25/0,0:53:0,,26.5,40.5,49.7,nan,nan
2000/20/0,0:53:0,,27.0,40.0,49.4,nan,nan
2000/24/0,0:53:0,,26.3,39.4,49.3,nan,nan
2000/20/0,0:53:0,,26.7,41.1,51.2,nan,nan
2000/21/0,0:53:0,,27.7,43.0,52.0,nan,nan
2000/25/0,0:53:0,,26.7,38.4,45.1,nan,nan
2000/22/0,0:53:0,,26.6,39.2,46.5,nan,nan
2000/21/0,0:53:0,,27.6,41.5,49.8,nan,nan
2000/21/0,0:53:0,,26.4,40.0,48.0,nan,nan
2000/25/0,0:53:0,,28.2,41.6,50.2,nan,nan
2000/25/0,0:53:0,,27.5,39.9,48.2,nan,nan
2000/20/0,0:53:0,,26.6,38.6,49.7,nan,nan
2000/21/0,0:53:0,,27.2,39.7,49.9,nan,nan
2000/21/0,0:53:0,,27.6,40.7,48.0,nan,nan
2000/22/0,0:53:0,,27.3,39.3,46.5,nan,nan
2000/23/0,0:53:0,,28.0,39.4,49.2,nan,nan
2000/22/0,0:53:0,,27.7,39.5,49.1,nan,nan
2000/21/0,0:53:0,,26.7,38.3,45.7,nan,nan
2000/21/0,0:53:0,,26.9,39.7,47.9,nan,nan
2000/20/0,0:53:0,,26.1,40.7,48.5,nan,nan
2000/21/0,0:53:0,,26.8,41.0,47.2,nan,nan
2000/20/0,0:53:0,,27.0,40.2,47.5,nan,nan
2000/20/0,0:53:0,,26.5,39.8,49.4,nan,nan
2000/23/0,0:53:0,,27.7,40.4,51.9,nan,nan
2000/24/0,0:53:0,,26.3,38.4,47.4,nan,nan
2000/25/0,0:53:0,,26.2,39.6,46.6,nan,nan
2000/22/0,0:53:0,,27.7,39.9,47.8,nan,nan
2000/23/0,0:53:0,,27.8,39.6,46.5,nan,nan
2000/21/0,0:53:0,,27.6,40.5,49.0,nan,nan
2000/23/0,0:53:0,,27.8,40.8,50.6,nan,nan
2000/21/0,0:53:0,,27.8,40.8,49.6,nan,nan
2000/21/0,0:53:0,,27.0,39.5,48.6,nan,nan
2000/23/0,0:53:0,,27.5,41.9,52.4,nan,nan
2000/22/0,0:53:0,,28.0,41.8,52.8,nan,nan
2000/20/0,0:53:0,,26.7,39.8,49.6,nan,nan
2000/23/0,0:53:0,,27.5,41.6,52.3,nan,nan
2000/20/0,0:53:0,,27.3,40.9,48.8,nan,nan
2000/23/0,0:53:0,,27.9,41.3,49.1,nan,nan
2000/24/0,0:53:0,,28.0,42.9,50.5,nan,nan
2000/27/0,0:53:0,,29.7,44.0,53.0,nan,nan
2000/20/0,0:53:0,,27.4,41.5,49.2,nan,nan
2000/22/0,0:53:0,,27.2,39.8,47.4,nan,nan
2000/21/0,0:53:0,,27.6,39.8,47.8,nan,nan
2000/21/0,0:53:0,,27.4,40.6,49.0,nan,nan
2000/25/0,0:53:0,,27.6,41.0,49.4,nan,nan
2000/21/0,0:53:0,,28.2,41.9,51.9,nan,nan
2000/21/0,0:53:0,,26.7,40.2,50.0,nan,nan
2000/22/0,0:53:0,,27.9,41.3,50.7,nan,nan
2000/21/0,0:53:0,,27.2,39.4,48.2,nan,nan
2000/20/0,0:53:0,,26.6,38.8,46.4,nan,nan
2000/21/0,0:53:0,,26.8,39.0,47.0,nan,nan
2000/22/0,0:53:0,,27.4,40.1,49.0,nan,nan
2000/24/0,0:53:0,,27.6,41.4,51.6,nan,nan
2000/22/0,0:53:0,,27.7,41.1,49.1,nan,nan
2000/22/0,0:53:0,,27.2,39.9,47.2,nan,nan
2000/20/0,0:53:0,,27.6,42.7,51.1,nan,nan
2000/25/0,0:53:0,,26.1,40.5,48.9,nan,nan
2000/22/0,0:53:0,,27.0,39.8,48.2,nan,nan
2000/22/0,0:53:0,,27.2,38.4,46.4,nan,nan
2000/25/0,0:53:0,,27.3,36.9,43.7,nan,nan
2000/23/0,0:53:0,,26.9,39.6,48.2,nan,nan
2000/20/0,0:53:0,,27.5,40.1,49.1,nan,nan
2000/25/0,0:53:0,,26.9,38.9,47.9,nan,nan
2000/22/0,0:53:0,,26.8,38.2,47.8,nan,nan
2000/24/0,0:53:0,,28.0,41.4,51.0,nan,nan
2000/24/0,0:53:0,,27.3,42.5,51.8,nan,nan
2000/21/0,0:53:0,,27.3,41.7,50.3,nan,nan
2000/23/0,0:53:0,,27.1,39.4,48.6,nan,nan
2000/23/0,0:53:0,,27.6,40.2,48.4,nan,nan
2000/23/0,0:53:0,,27.6,39.9,49.0,nan,nan
2000/24/0,0:53:0,,27.7,39.6,48.8,nan,nan
2000/22/0,0:53:0,,28.1,42.4,52.9,nan,nan
2000/21/0,0:53:0,,27.3,40.9,50.6,nan,nan
2000/24/0,0:53:0,,27.9,43.2,55.5,nan,nan
2000/24/0,0:53:0,,28.1,42.8,53.2,nan,nan
2000/24/0,0:53:0,,28.1,43.9,52.3,nan,nan
2000/22/0,0:53:0,,28.0,41.8,50.6,nan,nan
2000/22/0,0:53:0,,27.9,40.9,48.8,nan,nan
2000/22/0,0:53:0,,27.6,40.8,50.1,nan,nan
2000/22/0,0:53:0,,27.6,41.1,50.7,nan,nan
2000/22/0,0:53:0,,27.2,39.1,48.7,nan,nan
2000/20/0,0:53:0,,26.9,39.8,48.4,nan,nan
2000/21/0,0:53:0,,27.2,41.2,49.9,nan,nan
2000/21/0,0:53:0,,27.2,41.1,48.4,nan,nan
2000/22/0,0:53:0,,27.3,41.6,49.2,nan,nan
2000/23/0,0:53:0,,27.7,40.5,47.3,nan,nan
2000/23/0,0:53:0,,27.7,40.9,48.7,nan,nan
2000/25/0,0:53:0,,28.4,42.4,49.4,nan,nan
2000/25/0,0:53:0,,28.6,42.9,50.5,nan,nan
2000/23/0,0:53:0,,28.0,42.0,49.7,nan,nan
2000/21/0,0:53:0,,27.9,41.9,50.1,nan,nan
2000/21/0,0:53:0,,26.9,39.3,48.7,nan,nan
2000/23/0,0:53:0,,28.0,40.4,49.2,nan,nan
2000/24/0,0:53:0,,28.2,40.9,50.1,nan,nan
2000/23/0,0:53:0,,28.0,40.4,49.4,nan,nan
2000/24/0,0:53:0,,28.2,40.8,49.4,nan,nan
2000/23/0,0:53:0,,28.0,41.0,49.4,nan,nan
2000/22/0,0:53:0,,27.8,41.4,50.2,nan,nan
2000/25/0,0:53:0,,27.9,40.7,50.9,nan,nan
2000/23/0,0:53:0,,28.0,40.8,50.0,nan,nan
2000/22/0,0:53:0,,28.0,41.0,49.2,nan,nan
2000/23/0,0:53:0,,27.6,40.2,48.2,nan,nan
2000/25/0,0:53:0,,27.8,41.7,49.8,nan,nan
2000/25/0,0:53:0,,28.2,42.1,52.1,nan,nan
2000/25/0,0:53:0,,29.0,42.8,54.8,nan,nan
2000/24/0,0:53:0,,28.5,41.5,53.0,nan,nan
2000/25/0,0:53:0,,28.4,42.8,51.0,nan,nan
2000/22/0,0:53:0,,28.3,43.7,52.2,nan,nan
2000/22/0,0:53:0,,28.0,41.3,48.0,nan,nan
2000/21/0,0:53:0,,27.8,39.8,48.8,nan,nan
2000/23/0,0:53:0,,27.8,40.2,50.0,nan,nan
2000/23/0,0:53:0,,28.0,41.6,49.8,nan,nan
2000/22/0,0:53:0,,28.0,42.5,52.8,nan,nan
2000/25/0,0:53:0,,28.8,42.6,52.3,nan,nan
2000/24/0,0:53:0,,28.2,43.0,52.5,nan,nan
2000/24/0,0:53:0,,28.0,42.4,51.2,nan,nan
2000/24/0,0:53:0,,28.0,40.2,51.0,nan,nan
2000/25/0,0:53:0,,28.3,41.5,52.4,nan,nan
2000/23/0,0:53:0,,28.0,43.2,52.3,nan,nan
2000/24/0,0:53:0,,28.0,41.6,49.8,nan,nan
2000/24/0,0:53:0,,28.0,40.2,49.2,nan,nan
2000/23/0,0:53:0,,28.0,40.4,49.6,nan,nan
2000/23/0,0:53:0,,28.0,39.9,49.4,nan,nan
2000/26/0,0:53:0,,28.9,42.8,51.4,nan,nan
2000/26/0,0:53:0,,29.1,43.5,52.1,nan,nan
2000/26/0,0:53:0,,29.3,44.1,53.1,nan,nan
2000/27/0,0:53:0,,29.4,42.0,52.4,nan,nan
2000/24/0,0:53:0,,28.8,42.5,52.5,nan,nan
2000/24/0,0:53:0,,27.7,41.3,49.9,nan,nan
2000/24/0,0:53:0,,28.2,40.8,48.2,nan,nan
2000/24/0,0:53:0,,28.2,41.6,49.0,nan,nan
2000/24/0,0:53:0,,27.9,42.1,49.4,nan,nan
2000/22/0,0:53:0,,28.2,41.6,49.6,nan,nan
2000/26/0,0:53:0,,27.9,40.1,48.2,nan,nan
2000/24/0,0:53:0,,28.8,42.0,50.8,nan,nan
2000/23/0,0:53:0,,28.0,41.8,50.0,nan,nan
2000/25/0,0:53:0,,28.2,41.6,50.2,nan,nan
2000/26/0,0:53:0,,29.0,42.8,51.4,nan,nan
2000/26/0,0:53:0,,28.5,42.3,49.4,nan,nan
2000/24/0,0:53:0,,28.7,41.9,49.1,nan,nan
2000/22/0,0:53:0,,27.5,40.3,49.1,nan,nan
2000/24/0,0:53:0,,27.9,41.9,51.0,nan,nan
2000/25/0,0:53:0,,28.1,43.3,52.1,nan,nan
2000/24/0,0:53:0,,28.3,43.5,52.7,nan,nan
2000/24/0,0:53:0,,28.1,42.9,52.9,nan,nan
2000/25/0,0:53:0,,28.5,43.5,52.7,nan,nan
2000/26/0,0:53:0,,29.4,44.0,53.2,nan,nan
2000/25/0,0:53:0,,29.0,42.7,51.7,nan,nan
2000/26/0,0:53:0,,29.6,43.1,54.5,nan,nan
2000/46/0,0:53:0,,31.7,47.0,57.0,nan,nan
2003/96/1,0:53:0,,176.3,371.5,455.8,nan,nan
2004/112/1,0:53:0,,278.5,692.1,884.7,nan,nan
2004/110/1,0:53:0,,287.0,843.8,1083.3,nan,nan
2004/109/1,0:53:0,,285.0,834.4,1055.0,nan,nan
2005/116/1,0:53:0,,287.3,885.0,1145.6,nan,nan
2005/112/1,0:53:0,,288.6,938.0,1223.2,nan,nan
2005/111/1,0:53:0,,288.2,985.6,1245.6,nan,nan
2006/107/1,0:53:0,,282.2,1029.8,1300.6,nan,nan
2006/103/1,0:53:0,,276.8,1058.0,1372.6,nan,nan
2006/104/1,0:53:0,,276.2,1086.4,1439.0,nan,nan
2006/103/1,0:53:0,,276.2,1111.3,1486.9,nan,nan
2006/92/1,0:53:0,,273.4,1154.3,1542.1,nan,nan
2007/94/1,0:53:0,,265.8,1192.3,1584.6,nan,nan
2007/81/1,0:53:0,,260.0,1236.2,1670.2,nan,nan
2007/78/1,0:53:0,,252.4,1268.2,1722.4,nan,nan
2007/70/1,0:53:0,,247.3,1282.9,1786.6,nan,nan
2007/72/1,0:53:0,,243.1,1315.9,1869.0,nan,nan
2007/75/1,0:53:0,,243.0,1337.8,1881.4,nan,nan
2007/72/1,0:53:0,,244.0,1328.0,1914.0,nan,nan
2008/68/1,0:53:0,,242.6,1349.6,2022.8,nan,nan
2007/67/1,0:53:0,,238.0,1360.2,2038.8,nan,nan
2007/76/1,0:53:0,,245.6,1273.0,1819.2,nan,nan
2006/91/1,0:53:0,,261.2,1142.7,1532.6,nan,nan
2006/102/1,0:53:0,,275.8,1057.0,1429.8,nan,nan
2005/105/1,0:53:0,,276.8,1018.0,1407.6,nan,nan
2006/114/1,0:53:0,,284.6,1043.4,1391.0,nan,nan
2006/113/1,0:53:0,,289.6,1031.8,1358.8,nan,nan
2006/106/1,0:53:0,,284.6,1045.0,1385.8,nan,nan
2006/103/1,0:53:0,,278.2,1066.6,1391.6,nan,nan
2006/104/1,0:53:0,,280.0,1067.2,1398.8,nan,nan
2006/100/1,0:53:0,,277.0,1034.8,1375.4,nan,nan
2005/107/1,0:53:0,,278.4,1007.2,1329.6,nan,nan
2005/114/1,0:53:0,,285.1,999.8,1291.1,nan,nan
2005/113/1,0:53:0,,289.0,990.8,1263.0,nan,nan
2005/112/1,0:53:0,,286.8,989.2,1272.0,nan,nan
2005/111/1,0:53:0,,282.6,1000.6,1292.8,nan,nan
2005/107/1,0:53:0,,282.6,1003.8,1311.2,nan,nan
2005/115/1,0:53:0,,283.3,986.8,1292.9,nan,nan
2005/116/1,0:53:0,,287.0,957.6,1258.4,nan,nan
2005/110/1,0:53:0,,289.4,946.4,1236.2,nan,nan
2005/112/1,0:53:0,,284.4,933.6,1207.8,nan,nan
2005/111/1,0:53:0,,286.0,924.6,1191.8,nan,nan
2005/111/1,0:53:0,,286.4,929.6,1180.2,nan,nan
2005/113/1,0:53:0,,283.4,913.6,1159.6,nan,nan
2005/118/1,0:53:0,,289.4,889.6,1136.8,nan,nan
2005/114/1,0:53:0,,291.2,891.2,1129.8,nan,nan
2005/115/1,0:53:0,,291.6,884.2,1110.8,nan,nan
2005/118/1,0:53:0,,292.8,869.6,1090.2,nan,nan
2004/114/1,0:53:0,,290.2,861.8,1088.0,nan,nan
2004/114/1,0:53:0,,293.2,844.8,1082.6,nan,nan
2004/114/1,0:53:0,,289.8,822.2,1053.8,nan,nan
2004/115/1,0:53:0,,287.2,812.4,1034.0,nan,nan
2004/111/1,0:53:0,,287.2,801.8,1007.6,nan,nan
2004/110/1,0:53:0,,287.6,804.4,999.8,nan,nan
2004/111/1,0:53:0,,286.6,792.8,980.6,nan,nan
2004/106/1,0:53:0,,281.7,784.4,959.8,nan,nan
2004/106/1,0:53:0,,279.7,765.4,940.4,nan,nan
2004/114/1,0:53:0,,284.8,741.2,922.2,nan,nan
2004/114/1,0:53:0,,286.2,738.0,926.8,nan,nan
2004/110/1,0:53:0,,284.8,739.2,917.8,nan,nan
2004/117/1,0:53:0,,287.0,722.8,896.8,nan,nan
2004/112/1,0:53:0,,286.1,698.5,867.4,nan,nan
2004/112/1,0:53:0,,287.4,696.7,859.8,nan,nan
2004/109/1,0:53:0,,285.2,689.3,854.8,nan,nan
2003/109/1,0:53:0,,282.1,678.3,833.8,nan,nan
2003/110/1,0:53:0,,285.0,669.1,836.0,nan,nan
2003/106/1,0:53:0,,282.6,659.4,823.8,nan,nan
2003/104/1,0:53:0,,277.8,662.4,802.4,nan,nan
2003/100/1,0:53:0,,277.2,652.2,795.8,nan,nan
2003/103/1,0:53:0,,275.0,640.8,783.4,nan,nan
2003/105/1,0:53:0,,274.6,625.2,758.5,nan,nan
2003/103/1,0:53:0,,276.2,607.0,726.6,nan,nan
2003/101/1,0:53:0,,275.0,600.8,712.6,nan,nan
2003/96/1,0:53:0,,271.2,589.6,713.5,nan,nan
2003/97/1,0:53:0,,265.8,576.8,699.4,nan,nan
2003/90/1,0:53:0,,264.0,577.0,686.8,nan,nan
2003/83/1,0:53:0,,258.8,565.0,672.2,nan,nan
2003/86/1,0:53:0,,258.0,560.8,660.8,nan,nan
2003/83/1,0:53:0,,257.7,557.2,650.8,nan,nan
2003/77/1,0:53:0,,251.2,547.0,654.8,nan,nan
2003/73/1,0:53:0,,249.5,542.2,647.2,nan,nan
2003/77/1,0:53:0,,249.0,530.2,614.2,nan,nan
2003/74/1,0:53:0,,247.6,520.0,593.0,nan,nan
2003/80/1,0:53:0,,247.6,517.8,599.4,nan,nan
2002/77/1,0:53:0,,247.7,504.6,578.4,nan,nan
2002/75/1,0:53:0,,247.2,496.6,564.4,nan,nan
2002/66/1,0:53:0,,241.7,496.7,577.2,nan,nan
2002/60/1,0:53:0,,235.4,488.2,570.6,nan,nan
2002/63/1,0:53:0,,232.0,474.6,559.0,nan,nan
2002/62/1,0:53:0,,231.9,465.5,550.4,nan,nan
2002/59/1,0:53:0,,231.4,458.0,538.8,nan,nan
2002/55/1,0:53:0,,226.0,446.6,519.2,nan,nan
2002/54/1,0:53:0,,221.3,432.4,496.0,nan,nan
2002/51/1,0:53:0,,220.5,431.1,501.6,nan,nan
2002/43/1,0:53:0,,216.8,423.6,495.8,nan,nan
2002/42/1,0:53:0,,212.6,410.8,480.6,nan,nan
2002/42/1,0:53:0,,210.1,401.9,465.7,nan,nan
2002/42/1,0:53:0,,210.4,397.8,462.0,nan,nan
2002/42/1,0:53:0,,210.7,396.2,455.1,nan,nan
2002/33/1,0:53:0,,205.4,387.2,445.2,nan,nan
2002/32/1,0:53:0,,202.1,378.8,438.5,nan,nan
2002/32/1,0:53:0,,198.8,360.6,414.2,nan,nan
2002/28/1,0:53:0,,198.4,361.4,412.2,nan,nan
2002/22/1,0:53:0,,194.2,359.6,414.6,nan,nan
2002/20/1,0:53:0,,190.7,349.1,401.9,nan,nan
2002/16/1,0:53:0,,186.6,345.0,399.4,nan,nan
2001/7/1,0:53:0,,180.2,332.6,389.4,nan,nan
2001/15/1,0:53:0,,178.7,322.0,377.3,nan,nan
2001/9/1,0:53:0,,176.9,320.7,375.5,nan,nan
2001/0/1,0:53:0,,172.6,317.8,369.8,nan,nan
2001/0/1,0:53:0,,170.2,306.4,359.7,nan,nan
2001/164/0,0:53:0,,169.0,296.6,345.6,nan,nan
2001/156/0,0:53:0,,165.6,289.4,333.6,nan,nan
2001/150/0,0:53:0,,161.4,288.2,331.8,nan,nan
2001/149/0,0:53:0,,156.8,283.1,318.9,nan,nan
2001/147/0,0:53:0,,154.8,281.7,314.3,nan,nan
2001/147/0,0:53:0,,154.0,277.4,311.4,nan,nan
2001/142/0,0:53:0,,151.0,265.6,306.0,nan,nan
2001/145/0,0:53:0,,148.1,264.1,307.5,nan,nan
2001/142/0,0:53:0,,146.5,259.7,295.1,nan,nan
2001/135/0,0:53:0,,143.0,247.9,279.9,nan,nan
2001/133/0,0:53:0,,137.1,245.2,285.4,nan,nan
2001/131/0,0:53:0,,134.8,242.8,279.4,nan,nan
2001/129/0,0:53:0,,133.8,236.2,270.0,nan,nan
2001/123/0,0:53:0,,130.0,232.0,266.2,nan,nan
2001/121/0,0:53:0,,128.0,230.2,259.8,nan,nan
2001/125/0,0:53:0,,127.8,223.6,254.2,nan,nan
2001/123/0,0:53:0,,126.4,217.0,247.0,nan,nan
2001/117/0,0:53:0,,122.4,213.6,241.0,nan,nan
2001/115/0,0:53:0,,117.8,209.0,238.4,nan,nan
2001/114/0,0:53:0,,115.7,201.7,232.5,nan,nan
2001/112/0,0:53:0,,114.6,199.8,223.1,nan,nan
2001/102/0,0:53:0,,109.8,190.2,216.5,nan,nan
2001/102/0,0:53:0,,106.4,181.3,215.0,nan,nan
2001/105/0,0:53:0,,106.3,178.5,205.3,nan,nan
2001/100/0,0:53:0,,103.5,175.7,204.9,nan,nan
2001/99/0,0:53:0,,100.9,172.3,206.7,nan,nan
2001/100/0,0:53:0,,101.4,173.2,202.8,nan,nan
2000/92/0,0:53:0,,98.7,168.7,192.5,nan,nan
2000/90/0,0:53:0,,94.8,161.3,181.2,nan,nan
2000/95/0,0:53:0,,94.2,156.0,180.0,nan,nan
2000/93/0,0:53:0,,93.3,153.6,176.4,nan,nan
2000/90/0,0:53:0,,92.1,152.5,175.3,nan,nan
2000/84/0,0:53:0,,89.0,149.2,166.0,nan,nan
2000/85/0,0:53:0,,85.9,143.5,156.5,nan,nan
2000/81/0,0:53:0,,85.2,141.6,158.1,nan,nan
2000/85/0,0:53:0,,83.8,139.9,162.0,nan,nan
2000/84/0,0:53:0,,82.8,138.8,156.6,nan,nan
2000/83/0,0:53:0,,82.9,132.7,150.9,nan,nan
2000/80/0,0:53:0,,82.5,128.1,148.1,nan,nan
2000/71/0,0:53:0,,76.1,124.8,143.4,nan,nan
2000/70/0,0:53:0,,73.8,121.7,138.7,nan,nan
2000/75/0,0:53:0,,73.0,122.2,137.6,nan,nan
2000/72/0,0:53:0,,71.9,118.1,137.1,nan,nan
2000/68/0,0:53:0,,68.9,111.6,132.7,nan,nan
2000/63/0,0:53:0,,66.9,110.1,129.9,nan,nan
2000/61/0,0:53:0,,64.4,108.8,123.4,nan,nan
2000/61/0,0:53:0,,63.4,112.2,122.8,nan,nan
2000/61/0,0:53:0,,64.7,106.7,122.5,nan,nan
2000/63/0,0:53:0,,62.0,101.5,112.8,nan,nan
2000/62/0,0:53:0,,61.4,101.5,111.1,nan,nan
2000/60/0,0:53:0,,61.0,99.5,115.2,nan,nan
2000/62/0,0:53:0,,63.3,99.0,112.9,nan,nan
2000/62/0,0:53:0,,60.2,94.3,112.2,nan,nan
2000/56/0,0:53:0,,58.5,93.8,106.9,nan,nan
2000/54/0,0:53:0,,54.8,89.7,100.8,nan,nan
2000/51/0,0:53:0,,55.1,86.9,92.8,nan,nan
2000/51/0,0:53:0,,51.5,85.4,93.1,nan,nan
2000/51/0,0:53:0,,49.8,84.0,88.5,nan,nan
2000/49/0,0:53:0,,47.2,80.3,93.7,nan,nan
2000/47/0,0:53:0,,46.7,81.1,95.3,nan,nan
2000/48/0,0:53:0,,46.2,77.1,90.0,nan,nan
2000/42/0,0:53:0,,44.7,71.9,81.8,nan,nan
2000/42/0,0:53:0,,42.8,68.9,77.5,nan,nan
2000/41/0,0:53:0,,42.8,68.9,77.4,nan,nan
2000/45/0,0:53:0,,41.7,68.1,78.2,nan,nan
2000/44/0,0:53:0,,40.9,63.6,75.5,nan,nan
2000/45/0,0:53:0,,40.6,64.2,75.4,nan,nan
2000/41/0,0:53:0,,40.1,66.2,75.7,nan,nan
2000/39/0,0:53:0,,36.8,62.1,75.2,nan,nan
2000/39/0,0:53:0,,36.1,60.4,73.1,nan,nan
2000/36/0,0:53:0,,35.8,57.5,72.4,nan,nan
2000/35/0,0:53:0,,34.4,58.3,74.4,nan,nan
2000/34/0,0:53:0,,35.0,57.8,73.3,nan,nan
2000/30/0,0:53:0,,33.2,54.3,69.5,nan,nan
2000/33/0,0:53:0,,34.3,53.4,68.7,nan,nan
2000/31/0,0:53:0,,33.3,51.9,66.2,nan,nan
2000/30/0,0:53:0,,33.8,52.6,67.2,nan,nan
2000/34/0,0:53:0,,32.2,50.9,64.9,nan,nan
2000/33/0,0:53:0,,32.1,48.9,61.9,nan,nan
2000/31/0,0:53:0,,33.3,52.4,66.0,nan,nan
2000/33/0,0:53:0,,32.9,52.3,68.2,nan,nan
2000/30/0,0:53:0,,30.9,49.8,63.7,nan,nan
2000/31/0,0:53:0,,30.5,49.4,61.5,nan,nan
2000/28/0,0:53:0,,30.8,49.4,62.0,nan,nan
2000/27/0,0:53:0,,29.9,46.6,61.8,nan,nan
2000/25/0,0:53:0,,29.0,46.0,59.2,nan,nan
2000/26/0,0:53:0,,29.2,46.6,58.7,nan,nan
2000/25/0,0:53:0,,28.6,44.4,57.4,nan,nan
2000/24/0,0:53:0,,28.8,43.4,55.2,nan,nan
2000/21/0,0:53:0,,27.8,42.3,55.2,nan,nan
2000/22/0,0:53:0,,27.6,44.2,55.3,nan,nan
2000/25/0,0:53:0,,26.8,43.0,53.9,nan,nan
2000/22/0,0:53:0,,27.4,42.8,53.9,nan,nan
2000/22/0,0:53:0,,28.0,43.0,55.6,nan,nan
2000/21/0,0:53:0,,27.1,43.4,53.1,nan,nan
2000/27/0,0:53:0,,29.4,46.7,57.2,nan,nan
2000/20/0,0:53:0,,28.1,44.5,55.7,nan,nan
2000/21/0,0:53:0,,26.9,43.6,54.6,nan,nan
2000/22/0,0:53:0,,26.9,42.5,52.3,nan,nan
2000/21/0,0:53:0,,26.7,43.7,56.5,nan,nan
2000/26/0,0:53:0,,28.1,45.2,57.8,nan,nan
2000/24/0,0:53:0,,28.1,43.0,56.0,nan,nan
2000/21/0,0:53:0,,27.2,42.4,53.2,nan,nan
2000/25/0,0:53:0,,26.5,41.2,51.2,nan,nan
2000/26/0,0:53:0,,27.6,42.3,55.0,nan,nan
2000/24/0,0:53:0,,29.1,43.5,58.3,nan,nan
2000/24/0,0:53:0,,28.4,44.2,57.7,nan,nan
2000/22/0,0:53:0,,27.1,42.1,55.4,nan,nan
2000/20/0,0:53:0,,26.3,40.6,50.9,nan,nan
2000/25/0,0:53:0,,25.9,40.7,51.0,nan,nan
2000/20/0,0:53:0,,26.9,43.0,54.4,nan,nan
2000/24/0,0:53:0,,25.6,42.1,55.3,nan,nan
2000/25/0,0:53:0,,25.4,41.3,52.0,nan,nan
2000/24/0,0:53:0,,27.3,42.7,54.6,nan,nan
2000/20/0,0:53:0,,27.5,44.3,57.2,nan,nan
2000/22/0,0:53:0,,26.8,43.6,57.1,nan,nan
2000/23/0,0:53:0,,28.0,43.6,56.2,nan,nan
2000/22/0,0:53:0,,27.9,43.1,54.9,nan,nan
2000/22/0,0:53:0,,26.9,42.0,51.2,nan,nan
2000/22/0,0:53:0,,28.0,44.0,53.7,nan,nan
2000/24/0,0:53:0,,27.9,43.6,55.1,nan,nan
2000/20/0,0:53:0,,27.0,42.0,51.6,nan,nan
2000/25/0,0:53:0,,25.6,41.4,52.0,nan,nan
2000/20/0,0:53:0,,26.4,41.0,51.8,nan,nan
2000/23/0,0:53:0,,27.3,41.8,53.1,nan,nan
2000/20/0,0:53:0,,27.3,42.9,53.9,nan,nan
2000/21/0,0:53:0,,27.2,42.3,52.1,nan,nan
2000/21/0,0:53:0,,27.0,42.8,52.2,nan,nan
2000/22/0,0:53:0,,27.4,42.5,51.9,nan,nan
2000/20/0,0:53:0,,26.7,42.9,53.1,nan,nan
2000/25/0,0:53:0,,26.4,41.8,52.8,nan,nan
2000/21/0,0:53:0,,26.6,41.2,51.4,nan,nan
2000/22/0,0:53:0,,27.4,41.4,49.9,nan,nan
2000/22/0,0:53:0,,27.3,42.2,51.1,nan,nan
2000/22/0,0:53:0,,28.0,41.8,52.4,nan,nan
2000/21/0,0:53:0,,27.6,40.4,50.6,nan,nan
2000/25/0,0:53:0,,26.4,40.0,50.6,nan,nan
2000/25/0,0:53:0,,26.0,40.8,53.4,nan,nan
2000/25/0,0:53:0,,26.5,42.6,54.0,nan,nan
2000/20/0,0:53:0,,27.0,42.8,53.6,nan,nan
2000/22/0,0:53:0,,27.4,43.7,55.3,nan,nan
2000/25/0,0:53:0,,26.6,41.4,52.4,nan,nan
2000/25/0,0:53:0,,26.2,39.8,49.8,nan,nan
2000/21/0,0:53:0,,26.3,41.6,52.5,nan,nan
2000/22/0,0:53:0,,27.4,44.0,56.2,nan,nan
2000/20/0,0:53:0,,27.0,43.1,50.9,nan,nan
2000/25/0,0:53:0,,26.2,40.6,48.6,nan,nan
2000/25/0,0:53:0,,26.0,38.6,47.4,nan,nan
2000/20/0,0:53:0,,26.6,38.0,49.4,nan,nan
2000/21/0,0:53:0,,27.0,40.2,50.4,nan,nan
2000/20/0,0:53:0,,27.0,42.0,50.5,nan,nan
2000/20/0,0:53:0,,27.0,42.0,50.8,nan,nan
2000/22/0,0:53:0,,27.6,42.0,51.7,nan,nan
2000/25/0,0:53:0,,26.2,41.1,48.8,nan,nan
2000/20/0,0:53:0,,26.4,41.0,50.3,nan,nan
2000/23/0,0:53:0,,26.0,41.8,53.9,nan,nan
2000/25/0,0:53:0,,25.4,40.6,50.2,nan,nan
2000/24/0,0:53:0,,26.0,39.0,47.4,nan,nan
2000/23/0,0:53:0,,26.8,41.2,52.5,nan,nan
2000/22/0,0:53:0,,28.0,43.2,54.8,nan,nan
2000/22/0,0:53:0,,28.0,41.8,50.6,nan,nan
2000/21/0,0:53:0,,27.0,40.2,48.8,nan,nan
2000/24/0,0:53:0,,26.6,38.6,48.8,nan,nan
2000/25/0,0:53:0,,26.0,39.9,51.2,nan,nan
2000/20/0,0:53:0,,26.1,40.3,48.7,nan,nan
2000/25/0,0:53:0,,26.2,40.8,51.9,nan,nan
2000/25/0,0:53:0,,26.0,41.0,49.8,nan,nan
2000/24/0,0:53:0,,26.0,39.7,48.2,nan,nan
2000/20/0,0:53:0,,25.8,39.4,50.2,nan,nan
2000/21/0,0:53:0,,27.0,42.2,52.6,nan,nan
2000/25/0,0:53:0,,26.8,39.8,50.0,nan,nan
2000/24/0,0:53:0,,26.0,37.6,45.2,nan,nan
2000/23/0,0:53:0,,25.6,37.8,46.6,nan,nan
2000/20/0,0:53:0,,26.2,40.2,50.6,nan,nan
2000/21/0,0:53:0,,27.0,42.4,52.4,nan,nan
2000/21/0,0:53:0,,27.2,41.6,50.2,nan,nan
2000/21/0,0:53:0,,27.4,41.0,49.4,nan,nan
2000/21/0,0:53:0,,27.0,39.6,48.2,nan,nan
2000/24/0,0:53:0,,26.0,37.8,44.9,nan,nan
2000/20/0,0:53:0,,27.1,41.8,49.8,nan,nan
2000/24/0,0:53:0,,25.8,41.0,49.2,nan,nan
2000/20/0,0:53:0,,26.2,40.8,51.1,nan,nan
2000/25/0,0:53:0,,26.6,41.7,52.2,nan,nan
2000/20/0,0:53:0,,25.8,41.7,53.2,nan,nan
2000/21/0,0:53:0,,26.8,40.6,51.4,nan,nan
2000/20/0,0:53:0,,26.2,39.4,49.2,nan,nan
2000/20/0,0:53:0,,26.0,39.6,49.1,nan,nan
2000/22/0,0:53:0,,27.0,41.2,48.0,nan,nan
2000/20/0,0:53:0,,27.2,40.4,47.1,nan,nan
2000/24/0,0:53:0,,26.2,41.2,50.5,nan,nan
2000/25/0,0:53:0,,25.8,40.3,48.7,nan,nan
2000/21/0,0:53:0,,27.0,41.1,51.8,nan,nan
2000/22/0,0:53:0,,27.2,40.8,50.0,nan,nan
2000/20/0,0:53:0,,27.6,40.7,49.2,nan,nan
2000/23/0,0:53:0,,25.7,39.4,49.3,nan,nan
2000/24/0,0:53:0,,24.9,37.9,47.4,nan,nan
2000/23/0,0:53:0,,25.6,38.8,48.8,nan,nan
2000/22/0,0:53:0,,24.8,39.9,50.0,nan,nan
2000/25/0,0:53:0,,25.9,41.3,51.6,nan,nan
2000/21/0,0:53:0,,27.6,42.8,52.3,nan,nan
2000/24/0,0:53:0,,26.1,40.8,47.6,nan,nan
2000/24/0,0:53:0,,25.3,40.2,46.9,nan,nan
2000/24/0,0:53:0,,25.9,38.9,48.1,nan,nan
2000/24/0,0:53:0,,25.2,40.2,51.2,nan,nan
2000/24/0,0:53:0,,25.8,40.3,49.1,nan,nan
2000/20/0,0:53:0,,25.9,40.2,49.4,nan,nan
2000/25/0,0:53:0,,26.7,40.8,49.1,nan,nan
2000/20/0,0:53:0,,26.4,40.0,48.4,nan,nan
2000/24/0,0:53:0,,26.1,39.3,47.3,nan,nan
2000/23/0,0:53:0,,24.9,38.9,48.1,nan,nan
2000/24/0,0:53:0,,25.3,40.0,49.3,nan,nan
2000/25/0,0:53:0,,25.9,39.1,47.9,nan,nan
2000/24/0,0:53:0,,26.2,40.9,50.1,nan,nan
2000/23/0,0:53:0,,25.2,39.4,48.2,nan,nan
2000/25/0,0:53:0,,26.1,38.7,46.9,nan,nan
2000/25/0,0:53:0,,25.7,37.7,47.7,nan,nan
2000/24/0,0:53:0,,26.0,38.8,48.6,nan,nan
2000/23/0,0:53:0,,25.8,39.6,48.8,nan,nan
2000/22/0,0:53:0,,24.3,38.7,48.3,nan,nan
2000/20/0,0:53:0,,26.5,41.1,51.4,nan,nan
2000/24/0,0:53:0,,25.9,39.7,50.3,nan,nan
2000/23/0,0:53:0,,25.4,37.7,44.9,nan,nan
2000/23/0,0:53:0,,24.8,36.2,44.2,nan,nan
2000/24/0,0:53:0,,25.2,36.4,42.8,nan,nan
2000/23/0,0:53:0,,25.4,36.0,40.8,nan,nan
2000/23/0,0:53:0,,24.8,39.0,46.6,nan,nan
2000/23/0,0:53:0,,25.0,39.2,48.0,nan,nan
2000/24/0,0:53:0,,25.4,40.0,49.9,nan,nan
2000/24/0,0:53:0,,25.0,39.5,49.6,nan,nan
2000/24/0,0:53:0,,24.8,39.0,46.7,nan,nan
2000/20/0,0:53:0,,26.7,38.8,47.8,nan,nan
2000/23/0,0:53:0,,25.6,39.0,46.9,nan,nan
2000/23/0,0:53:0,,25.0,38.6,46.6,nan,nan
2000/24/0,0:53:0,,24.9,39.5,47.7,nan,nan
2000/22/0,0:53:0,,24.2,38.8,48.4,nan,nan
2000/25/0,0:53:0,,24.9,38.3,46.1,nan,nan
2000/24/0,0:53:0,,26.0,39.1,47.9,nan,nan
2000/24/0,0:53:0,,25.7,38.7,48.5,nan,nan
2000/23/0,0:53:0,,25.4,39.0,47.2,nan,nan
2000/24/0,0:53:0,,25.0,38.6,48.4,nan,nan
2000/24/0,0:53:0,,25.9,39.0,48.5,nan,nan
2000/25/0,0:53:0,,25.9,39.6,48.6,nan,nan
2000/23/0,0:53:0,,25.8,37.6,47.2,nan,nan
2000/22/0,0:53:0,,24.6,36.0,44.8,nan,nan
2000/23/0,0:53:0,,24.6,36.5,46.2,nan,nan
2000/21/0,0:53:0,,26.4,39.4,50.0,nan,nan
2000/24/0,0:53:0,,26.4,39.8,49.9,nan,nan
2000/23/0,0:53:0,,24.6,39.4,48.1,nan,nan
2000/24/0,0:53:0,,24.4,39.5,48.1,nan,nan
2000/24/0,0:53:0,,25.4,38.3,46.5,nan,nan
2000/21/0,0:53:0,,23.3,36.3,44.1,nan,nan
2000/23/0,0:53:0,,23.4,38.3,46.2,nan,nan
2000/23/0,0:53:0,,25.5,39.1,47.7,nan,nan
2000/23/0,0:53:0,,25.1,39.4,47.7,nan,nan
2000/24/0,0:53:0,,25.5,40.1,48.9,nan,nan
2000/20/0,0:53:0,,26.3,37.9,46.9,nan,nan
2000/25/0,0:53:0,,26.0,38.6,46.4,nan,nan
2000/22/0,0:53:0,,25.6,38.4,46.2,nan,nan
2000/23/0,0:53:0,,24.5,37.5,44.5,nan,nan
2000/24/0,0:53:0,,25.8,38.8,48.3,nan,nan
2000/21/0,0:53:0,,26.4,40.6,50.1,nan,nan
2000/20/0,0:53:0,,27.0,41.8,52.2,nan,nan
2000/23/0,0:53:0,,26.1,40.0,49.3,nan,nan
2000/24/0,0:53:0,,25.0,38.4,47.3,nan,nan
2000/25/0,0:53:0,,25.6,38.8,49.0,nan,nan
2000/22/0,0:53:0,,25.0,39.2,48.8,nan,nan
2000/22/0,0:53:0,,23.8,38.4,46.8,nan,nan
2000/22/0,0:53:0,,24.0,37.2,44.6,nan,nan
2000/23/0,0:53:0,,25.0,38.3,44.9,nan,nan
2000/23/0,0:53:0,,24.7,38.4,46.4,nan,nan
2000/23/0,0:53:0,,24.6,37.6,46.0,nan,nan
2000/24/0,0:53:0,,25.3,38.7,46.1,nan,nan
2000/24/0,0:53:0,,25.9,38.9,48.8,nan,nan
2000/23/0,0:53:0,,25.4,38.0,46.4,nan,nan
2000/24/0,0:53:0,,25.0,37.8,46.8,nan,nan
2000/25/0,0:53:0,,26.0,38.8,48.0,nan,nan
2000/24/0,0:53:0,,26.0,39.2,48.2,nan,nan
2000/23/0,0:53:0,,25.4,38.4,47.8,nan,nan
2000/25/0,0:53:0,,26.0,38.0,44.8,nan,nan
2000/25/0,0:53:0,,26.0,37.4,43.8,nan,nan
2000/25/0,0:53:0,,26.0,38.1,44.9,nan,nan
2000/24/0,0:53:0,,26.4,38.3,46.0,nan,nan
2000/24/0,0:53:0,,25.6,39.7,48.9,nan,nan
2000/23/0,0:53:0,,25.1,39.3,48.9,nan,nan
2000/23/0,0:53:0,,25.2,38.0,46.8,nan,nan
2000/24/0,0:53:0,,25.8,36.0,42.2,nan,nan
2000/25/0,0:53:0,,26.0,35.8,41.0,nan,nan
2000/23/0,0:53:0,,25.4,36.2,42.4,nan,nan
2000/21/0,0:53:0,,24.0,36.4,45.8,nan,nan
2000/22/0,0:53:0,,24.0,37.2,48.1,nan,nan
2000/25/0,0:53:0,,26.0,39.1,47.9,nan,nan
2000/23/0,0:53:0,,27.5,41.9,50.1,nan,nan
2000/23/0,0:53:0,,24.8,39.4,48.6,nan,nan
2000/24/0,0:53:0,,25.0,38.0,45.2,nan,nan
2000/20/0,0:53:0,,26.8,37.8,44.6,nan,nan
2000/23/0,0:53:0,,25.1,38.2,46.5,nan,nan
2000/20/0,0:53:0,,25.5,38.7,46.6,nan,nan
2000/22/0,0:53:0,,27.7,41.2,49.5,nan,nan
2000/24/0,0:53:0,,26.0,37.8,46.0,nan,nan
2000/22/0,0:53:0,,24.2,35.0,42.6,nan,nan
2000/21/0,0:53:0,,23.7,35.7,43.9,nan,nan
2000/24/0,0:53:0,,25.0,36.2,44.2,nan,nan
2000/25/0,0:53:0,,25.9,37.1,44.4,nan,nan
2000/32/0,0:53:0,,30.9,44.6,53.9,nan,nan
2000/24/0,0:53:0,,28.3,40.8,50.3,nan,nan
2000/22/0,0:53:0,,23.8,35.8,43.9,nan,nan
2000/21/0,0:53:0,,25.3,38.3,46.9,nan,nan
2000/23/0,0:53:0,,27.2,41.6,49.5,nan,nan
2000/20/0,0:53:0,,27.0,40.0,46.6,nan,nan
2000/24/0,0:53:0,,26.4,38.0,44.2,nan,nan
2000/24/0,0:53:0,,26.0,36.8,42.8,nan,nan
2000/22/0,0:53:0,,25.6,37.6,45.6,nan,nan
2000/24/0,0:53:0,,24.3,37.8,44.9,nan,nan
2000/24/0,0:53:0,,25.6,39.3,48.5,nan,nan
2000/21/0,0:53:0,,27.0,40.0,48.2,nan,nan
